1280 4550 4550 6300
1260 4550 4550 6300
1250 4550 4550 6300
1240 4550 4550 6300
1250 4550 4550 6300
1230 4550 4550 6300
1290 4550 4550 6300
1240 4550 4560 6310
1230 4550 4560 6310
1230 4550 4550 6300
1230 4550 4550 6300
1250 4550 4560 6300
1260 4550 4560 6300
1230 4550 4570 6300
1240 4550 4560 6300
1290 4550 4550 6300
1230 4550 4550 6300
1240 4550 4550 6300
1240 4550 4550 6300
1260 4550 4550 6300
1220 4550 4550 6300
1220 4550 4550 6300
1270 4550 4560 6300
1280 4550 4560 6300
1240 4550 4560 6290
1240 4550 4560 6290
1230 4550 4570 6290
1250 4550 4560 6300
1270 4550 4560 6300
1230 4550 4560 6300
1240 4550 4550 6300
1300 4550 4550 6300
1230 4550 4550 6300
1220 4550 4550 6300
1240 4550 4550 6300
1240 4550 4550 6300
1280 4540 4550 6300
1220 4540 4550 6300
1240 4540 4550 6310
1230 4540 4550 6310
1270 4540 4550 6310
1240 4540 4550 6300
1280 4540 4550 6300
1210 4540 4560 6300
1250 4550 4560 6300
1260 4550 4560 6300
1200 4550 4550 6300
1200 4550 4550 6300
1240 4550 4550 6300
1200 4550 4570 6300
1220 4550 4570 6300
1240 4550 4570 6300
1250 4550 4570 6300
1270 4540 4560 6300
1270 4540 4560 6300
1220 4540 4560 6300
1270 4550 4570 6300
1260 4550 4570 6290
1280 4550 4560 6290
1290 4550 4560 6290
1250 4550 4560 6300
1230 4550 4550 6300
1270 4550 4550 6290
1260 4550 4550 6290
1240 4550 4550 6290
1280 4550 4550 6290
1260 4550 4560 6300
1260 4550 4560 6300
1270 4550 4550 6300
1290 4550 4550 6290
1230 4550 4550 6290
1280 4540 4550 6290
1230 4550 4550 6290
1290 4550 4550 6290
1280 4550 4550 6290
1210 4540 4560 6280
1250 4540 4560 6290
1270 4550 4560 6290
1250 4550 4560 6290
1210 4550 4560 6290
1250 4550 4560 6300
1210 4550 4560 6300
1240 4550 4560 6300
1280 4550 4560 6300
1240 4550 4560 6300
1230 4550 4550 6300
1270 4550 4550 6300
1240 4550 4550 6300
1240 4550 4550 6300
1220 4550 4550 6300
1270 4550 4550 6300
1260 4550 4550 6300
1270 4550 4550 6300
1230 4550 4550 6300
1290 4540 4540 6310
1230 4540 4540 6310
1230 4540 4550 6310
1280 4540 4550 6310
1250 4540 4550 6310
1270 4540 4550 6300
1290 4550 4550 6300
1230 4550 4550 6300
1270 4550 4550 6300
1250 4560 4550 6300
1230 4550 4540 6290
1230 4550 4540 6290
1200 4550 4550 6300
1220 4550 4550 6300
1210 4550 4560 6300
1220 4550 4560 6300
1240 4550 4560 6300
1270 4550 4560 6300
1270 4540 4550 6300
1270 4540 4560 6310
1240 4540 4560 6310
1220 4540 4570 6310
1290 4540 4570 6290
1250 4540 4580 6290
1270 4540 4580 6280
1270 4550 4600 6280
1240 4550 4580 6290
1240 4550 4570 6300
1280 4550 4560 6300
1250 4550 4560 6300
1270 4550 4570 6290
1210 4550 4570 6290
1210 4550 4570 6300
1250 4550 4570 6300
1220 4550 4570 6300
1270 4550 4570 6310
1280 4550 4580 6300
1230 4550 4570 6300
1220 4550 4570 6290
1290 4550 4560 6290
1230 4550 4570 6300
1230 4550 4560 6300
1220 4550 4560 6290
1260 4550 4560 6300
1220 4550 4560 6300
1250 4550 4550 6300
1240 4550 4550 6310
1220 4550 4550 6310
1250 4550 4550 6310
1250 4550 4550 6310
1250 4550 4550 6300
1280 4560 4560 6310
1230 4560 4550 6310
1280 4550 4550 6300
1270 4550 4550 6300
1250 4550 4540 6300
1260 4550 4540 6300
1260 4550 4540 6310
1280 4550 4540 6310
1240 4550 4550 6300
1270 4550 4550 6300
1240 4550 4550 6300
1250 4540 4550 6300
1230 4540 4550 6290
1290 4540 4550 6290
1270 4540 4550 6280
1270 4550 4550 6290
1220 4550 4550 6290
1240 4550 4550 6290
1220 4550 4550 6290
1270 4550 4550 6290
1280 4550 4540 6300
770 5040 4540 6300
770 5000 4540 6290
760 5060 4540 6290
770 5030 4540 6290
770 5030 4550 6290
770 5070 4550 6290
760 5050 4550 6290
760 5050 4550 6290
770 5030 4550 6300
780 5070 4550 6300
780 5030 4550 6300
770 5070 4550 6290
770 5050 4550 6290
770 5010 4550 6290
770 5030 4550 6290
770 5030 4550 6290
760 5030 4550 6290
760 5050 4550 6290
760 5010 4550 6290
770 5030 4550 6300
760 5010 4550 6300
760 5030 4550 6290
770 5010 4550 6280
770 5010 4550 6290
770 5010 4550 6290
770 5030 4540 6290
760 5020 4550 6290
760 5020 4550 6290
770 5020 4550 6290
770 5040 4550 6290
770 5000 4550 6290
770 5020 4550 6290
760 5030 4550 6300
770 5030 4550 6300
760 5030 4550 6310
750 5070 4550 6310
750 5030 4550 6310
750 5030 4550 6310
750 5010 4550 6310
750 5010 4550 6310
750 5070 4550 6300
750 5030 4550 6300
760 5050 4550 6300
740 5050 4550 6310
750 5030 4550 6310
760 5010 4550 6310
750 5070 4550 6300
750 5010 4550 6310
740 5050 4550 6300
760 5010 4550 6310
770 5070 4550 6310
760 5050 4540 6310
760 5070 4540 6300
760 5070 4540 6290
750 5010 4550 6290
750 5010 4550 6290
750 5070 4550 6290
750 5050 4550 6300
760 5030 4550 6310
760 5010 4550 6310
780 5030 4550 6310
780 5000 4550 6310
770 5000 4550 6300
770 5000 4550 6300
770 5020 4550 6300
760 5020 4550 6300
760 5020 4550 6300
760 5050 4550 6290
760 5030 4550 6290
770 5030 4550 6290
770 5030 4560 6280
770 5070 4550 6290
770 5010 4550 6300
780 5050 4550 6300
760 5030 4550 6300
760 5030 4550 6300
760 5030 4550 6300
750 5010 4550 6300
750 5010 4550 6300
750 5050 4550 6300
750 5030 4550 6300
770 5050 4550 6290
760 5070 4550 6300
770 5010 4550 6310
760 5050 4550 6310
760 5050 4550 6310
750 5030 4550 6310
740 5030 4550 6310
740 5070 4550 6310
760 5010 4550 6310
780 5070 4550 6290
780 5010 4540 6290
780 5010 4540 6300
780 5010 4540 6300
770 5010 4540 6300
770 5070 4540 6290
770 5030 4550 6290
760 5030 4550 6290
750 5050 4550 6290
750 5070 4550 6300
760 5010 4550 6300
760 5050 4550 6300
750 5030 4550 6300
760 5010 4550 6300
770 5020 4550 6300
760 5020 4550 6300
770 5050 4550 6300
770 5070 4550 6300
770 5010 4550 6300
770 5070 4550 6300
760 5030 4550 6300
760 5070 4550 6300
770 5010 4550 6290
780 5030 4550 6300
780 5050 4550 6300
780 5010 4550 6300
780 5010 4550 6300
760 5070 4550 6310
760 5060 4550 6310
760 5020 4550 6310
770 5020 4550 6310
770 5040 4550 6310
770 5020 4550 6310
770 5040 4550 6300
770 5010 4550 6300
760 5010 4550 6310
770 5030 4550 6310
770 5010 4550 6310
780 5070 4550 6310
790 5070 4540 6310
790 5030 4540 6310
790 5070 4540 6310
790 5010 4550 6310
780 5070 4550 6300
790 5030 4550 6290
790 5050 4550 6300
790 5010 4550 6290
780 5030 4550 6290
780 5030 4550 6290
770 5070 4550 6300
770 5030 4550 6300
750 5070 4550 6290
750 5030 4550 6290
740 5010 4540 6300
750 5050 4540 6310
770 5070 4540 6310
770 5010 4540 6310
770 5050 4540 6310
770 5050 4540 6300
770 5050 4540 6300
770 5010 4550 6300
780 5030 4550 6300
780 5010 4550 6300
780 5030 4550 6310
780 5050 4550 6310
770 5030 4550 6300
770 5050 4550 6310
780 5030 4550 6310
770 5010 4550 6310
770 5030 4550 6310
770 5070 4550 6310
760 5050 4550 6310
760 5010 4550 6310
760 5070 4560 6310
760 5030 4560 6300
760 5070 4560 6300
760 5010 4550 6300
770 5010 4550 6300
770 5010 4550 6290
770 5030 4550 6290
