5060 6000 1290 3960
5060 6000 1300 3960
5060 6000 1290 3960
5080 6000 1290 3960
5060 6000 1290 3960
5040 6000 1290 3960
5060 6000 1290 3950
5080 6000 1290 3950
5080 6000 1300 3960
5100 6000 1300 3960
5080 6000 1300 3980
5030 6000 1310 3960
5040 6000 1310 3980
5100 6000 1310 3980
5060 6000 1310 3980
5040 6000 1310 3980
5060 6000 1320 3980
5040 6000 1310 3980
5030 5990 1310 3990
5040 5990 1320 3980
5060 5990 1320 3990
5050 5990 1310 3990
5050 5990 1310 3980
5080 5990 1320 3980
5100 5990 1310 3990
5080 5990 1300 3990
5030 5990 1300 3980
5050 5990 1300 3980
5030 5990 1300 3980
5030 5990 1300 3980
5090 5990 1300 3980
5090 5990 1300 3960
5040 5990 1300 3950
5060 5990 1300 3960
5080 5980 1310 3960
5100 5980 1300 3960
5100 5990 1290 3960
5120 5990 1290 3950
5080 5990 1290 3950
5040 5990 1300 3960
5100 6000 1300 3950
5060 6000 1290 3950
5120 5990 1290 3950
5080 5990 1290 3950
5100 5990 1290 3950
5080 6000 1290 3950
5100 6000 1290 3960
5060 6000 1290 3960
5040 6000 1290 3960
5040 6000 1290 3980
5100 6000 1290 3980
5060 6010 1290 3960
5070 6000 1300 3960
5070 6000 1310 3980
5040 6000 1300 3980
5030 6000 1300 3980
5090 6000 1300 3980
5070 5990 1310 3980
5050 5990 1300 3980
5040 5990 1300 3980
5060 5990 1300 3980
5100 5990 1300 3980
5040 5980 1300 3980
5100 5980 1310 3960
5080 5980 1310 3960
5060 5990 1300 3980
5100 5980 1300 3980
5100 5990 1300 3960
5120 5990 1290 3960
5090 5990 1300 3950
5130 6000 1300 3950
5070 6000 1290 3950
5060 6000 1290 3950
5080 5990 1290 3960
5040 5990 1290 3950
5080 5990 1290 3960
5040 5990 1300 3980
5080 5990 1300 3990
5060 5990 1300 3990
5060 5990 1300 3980
5060 5990 1300 3990
5100 5990 1300 3980
5080 5990 1290 3960
5060 5990 1290 3950
5060 5990 1290 3950
5060 5990 1310 3950
5060 6000 1310 3960
5080 6000 1300 3960
5060 6000 1300 3980
5080 6000 1300 3960
5120 6000 1300 3960
5060 6000 1300 3950
5060 6000 1300 3950
5040 6000 1300 3950
5100 5990 1310 3950
5060 5990 1300 3950
5040 5990 1300 3950
5060 5990 1290 3950
5060 5990 1290 3950
5120 6000 1300 3960
5100 6010 1310 3980
5060 6000 1320 3980
5040 6000 1310 3980
5080 5980 1300 3980
5060 5980 1290 3990
5060 5980 1290 3990
5080 5990 1290 3980
5080 5990 1300 3980
5060 5990 1300 3980
5100 5980 1290 3980
5060 5990 1290 3980
5100 5980 1300 3980
5040 5970 1310 3980
5060 5980 1300 3980
5060 5980 1300 3960
5100 5980 1300 3960
5080 5980 1290 3960
5100 5980 1290 3960
5120 5990 1290 3960
5080 5990 1290 3960
5030 5990 1280 3960
5050 5990 1280 3980
4580 6450 1290 3980
4600 6500 1300 3980
4610 6460 1300 3960
4610 6440 1300 3980
4610 6480 1300 3980
4610 6450 1300 3980
4600 6480 1300 3980
4600 6460 1300 3980
4600 6500 1300 3980
4600 6480 1290 3980
4600 6440 1290 3980
4580 6440 1290 3960
4580 6480 1300 3950
4580 6460 1300 3950
4580 6440 1300 3950
4580 6510 1300 3960
4580 6460 1300 3960
4580 6450 1300 3960
4580 6520 1300 3960
4580 6480 1300 3960
4600 6500 1300 3960
4600 6460 1300 3960
4580 6460 1300 3960
4580 6460 1300 3960
4600 6480 1300 3960
4580 6480 1310 3950
4580 6490 1310 3950
4580 6450 1310 3950
4580 6460 1310 3950
4600 6500 1300 3950
4580 6500 1300 3960
4600 6520 1300 3980
4600 6500 1300 3980
4600 6460 1300 3980
4580 6470 1300 3980
4600 6470 1300 3990
4580 6530 1310 3980
4600 6520 1300 3950
4600 6450 1300 3950
4580 6470 1300 3950
4570 6510 1300 3950
4570 6470 1290 3950
4570 6450 1280 3950
4580 6510 1280 3950
4580 6510 1280 3950
4580 6450 1280 3950
4570 6470 1290 3950
4570 6510 1290 3950
4570 6470 1290 3950
4580 6510 1290 3960
4580 6480 1300 3960
4580 6460 1300 3960
4580 6450 1300 3960
4580 6450 1300 3980
4600 6510 1290 3980
4580 6510 1290 3980
4580 6450 1280 3980
4580 6450 1280 3980
4570 6450 1280 3980
4570 6470 1290 3980
4580 6500 1290 3960
4580 6460 1300 3950
4580 6500 1300 3950
4580 6450 1300 3950
4580 6450 1300 3950
4580 6470 1290 3960
4580 6470 1290 3960
4580 6450 1290 3960
4580 6480 1290 3960
4600 6480 1290 3960
4600 6460 1290 3960
4600 6460 1290 3940
4600 6500 1290 3930
4580 6500 1280 3940
4580 6460 1280 3930
4580 6500 1290 3940
4580 6500 1290 3950
4580 6480 1290 3980
4580 6490 1290 3980
4570 6510 1280 3980
4570 6450 1280 3980
4580 6500 1290 3980
4600 6440 1290 3980
4600 6470 1290 3960
4600 6510 1290 3980
4580 6500 1290 3960
4600 6460 1290 3960
4610 6460 1290 3960
4600 6500 1290 3950
4600 6480 1290 3950
4620 6480 1290 3950
4620 6520 1290 3950
4620 6500 1280 3950
4610 6480 1270 3940
4610 6520 1270 3950
4600 6530 1290 3950
4600 6490 1290 3940
4600 6510 1290 3930
4580 6500 1300 3950
4580 6530 1300 3950
4580 6490 1290 3950
4580 6470 1300 3950
4570 6460 1300 3950
4570 6520 1300 3950
4580 6470 1310 3950
4580 6470 1300 3960
4600 6450 1300 3980
4580 6470 1300 3960
4580 6450 1290 3950
4580 6450 1280 3950
4580 6450 1280 3940
4580 6450 1290 3930
4580 6470 1290 3920
4580 6450 1290 3920
4580 6490 1290 3930
4580 6510 1290 3940
4580 6470 1290 3940
