1510 3750 4690 5710
1520 3720 4680 5720
1530 3710 4690 5720
1510 3730 4690 5720
1510 3750 4690 5710
1510 3730 4680 5710
1510 3720 4680 5710
1520 3750 4680 5710
1530 3760 4690 5700
1520 3770 4690 5700
1510 3770 4690 5700
1510 3740 4690 5700
1510 3730 4680 5700
1510 3760 4680 5710
1510 3790 4680 5700
1510 3820 4680 5700
1500 3840 4670 5710
1510 3830 4680 5710
1510 3820 4680 5700
1520 3830 4680 5700
1520 3840 4680 5700
1510 3870 4680 5710
1510 3860 4680 5710
1510 3850 4680 5700
1510 3840 4680 5700
1500 3830 4680 5700
1500 3830 4680 5700
1510 3840 4680 5710
1510 3840 4680 5700
1510 3840 4680 5700
1510 3830 4680 5700
1500 3810 4680 5710
1500 3800 4680 5720
1500 3780 4680 5710
1500 3750 4680 5710
1500 3750 4680 5710
1490 3780 4670 5700
1490 3790 4670 5690
1500 3780 4670 5700
1500 3780 4660 5700
1500 3770 4670 5700
1500 3770 4680 5710
1510 3770 4680 5710
1520 3770 4670 5700
1520 3770 4670 5700
1520 3780 4670 5700
1520 3790 4670 5700
1510 3800 4670 5700
1520 3810 4680 5700
1510 3810 4680 5700
1500 3810 4680 5710
1500 3800 4680 5710
1510 3800 4680 5710
1520 3800 4680 5720
1510 3810 4680 5710
1510 3820 4680 5710
1510 3830 4680 5710
1510 3820 4680 5700
1510 3820 4680 5710
1510 3830 4680 5700
1510 3810 4680 5700
1510 3800 4670 5700
1510 3790 4670 5700
1510 3790 4670 5700
1510 3770 4660 5700
1510 3750 4660 5710
1510 3740 4660 5700
1510 3720 4670 5700
1510 3710 4670 5700
1510 3700 4670 5700
1510 3690 4670 5700
1510 3690 4680 5700
1510 3690 4680 5700
1510 3690 4680 5700
1510 3690 4680 5700
1510 3700 4680 5700
1510 3710 4680 5700
1510 3730 4680 5710
1510 3740 4680 5700
1510 3740 4680 5690
1500 3740 4680 5690
1500 3750 4680 5700
1510 3750 4680 5700
1500 3750 4670 5710
1500 3750 4680 5710
1510 3750 4680 5710
1500 3740 4680 5710
1500 3730 4680 5710
1500 3730 4680 5700
1500 3730 4680 5700
1500 3740 4680 5710
1510 3740 4680 5710
1510 3740 4680 5720
1510 3740 4680 5710
1510 3740 4690 5700
1500 3730 4680 5710
1500 3730 4680 5700
1510 3730 4680 5700
1510 3720 4680 5700
1510 3730 4680 5700
1510 3720 4680 5700
1500 3720 4680 5700
1510 3730 4680 5700
1520 3740 4680 5700
1510 3760 4680 5700
1520 3760 4680 5690
1520 3760 4670 5700
1520 3750 4670 5710
1520 3750 4670 5710
1520 3750 4670 5720
1510 3750 4680 5710
1510 3740 4680 5710
1520 3750 4680 5710
1520 3750 4680 5710
1530 3760 4680 5710
1530 3760 4680 5720
1520 3760 4680 5720
1500 3760 4680 5710
1500 3760 4680 5720
1500 3750 4670 5710
1500 3730 4680 5710
1500 3720 4680 5710
1510 3720 4680 5710
1510 3560 5350 5700
1510 3560 5290 5710
1510 3560 5230 5710
1510 3560 5190 5700
1510 3560 5110 5700
1510 3560 5060 5710
1510 3560 5010 5710
1510 3560 4970 5710
1510 3550 4960 5710
1510 3550 4950 5710
1510 3560 4930 5720
1510 3560 4930 5710
1510 3560 4930 5700
1510 3560 4910 5700
1520 3560 4890 5700
1520 3560 4870 5700
1520 3560 4860 5710
1520 3560 4850 5710
1530 3560 4840 5720
1520 3560 4820 5710
1520 3560 5090 5710
1520 3560 5000 5710
1510 3560 5030 5710
1510 3560 5140 5710
1510 3560 4980 5700
1510 3560 4930 5700
1510 3550 5190 5700
1520 3550 5020 5710
1530 3560 4970 5710
1520 3560 4940 5720
1510 3560 4850 5710
1510 3560 4850 5710
1520 3560 4870 5700
1520 3560 4850 5710
1520 3560 4860 5700
1510 3560 4880 5700
1510 3560 4890 5700
1520 3560 4910 5690
1520 3560 4920 5690
1520 3560 4930 5690
1520 3560 4930 5690
1520 3570 4920 5690
1520 3570 4920 5690
1510 3570 4890 5690
1510 3570 4890 5690
1510 3560 4910 5690
1510 3570 4910 5690
1510 3570 4910 5680
1520 3570 4910 5680
1520 3570 4910 5680
1520 3570 4890 5680
1510 3570 4890 5680
1520 3570 4890 5690
1520 3570 4890 5700
1520 3570 4910 5700
1510 3570 4910 5700
1500 3560 4910 5700
1510 3570 4890 5700
1510 3570 4890 5700
1510 3570 4890 5700
1510 3560 4890 5700
1510 3560 4890 5700
1520 3560 4880 5700
1510 3560 4880 5700
1510 3560 4870 5700
1510 3560 4840 5700
1510 3560 4830 5700
1520 3560 4820 5700
1510 3560 4810 5700
1500 3560 4790 5690
1500 3570 5880 5690
1510 3560 5660 5700
1510 3560 5400 5700
1520 3560 5240 5700
1520 3560 5130 5700
1520 3560 5040 5710
1500 3560 4990 5700
1500 3560 4970 5690
1510 3560 4970 5690
1510 3560 4970 5690
1520 3570 4960 5690
1520 3560 4970 5690
1520 3560 4980 5690
1520 3560 4970 5690
1520 3560 4940 5690
1530 3560 4910 5690
1530 3550 4860 5700
1530 3550 4860 5710
1520 3550 4840 5700
1520 3550 4840 5710
1510 3550 4840 5710
1510 3560 4840 5710
1520 3560 4830 5710
1520 3560 4850 5710
1520 3560 4850 5710
1510 3560 4850 5710
1510 3560 4870 5710
1510 3550 4850 5700
1510 3560 4820 5710
1520 3570 4810 5710
1520 3570 4840 5710
1520 3560 4840 5700
1520 3560 4830 5700
1520 3560 4800 5700
1510 3560 4790 5700
1520 3560 4790 5700
1520 3550 4800 5700
1510 3550 4810 5700
1510 3550 4850 5700
1510 3550 4880 5700
1510 3550 4910 5700
1510 3560 4930 5710
1510 3560 4920 5710
1530 3550 4940 5700
1520 3550 4940 5690
1510 3560 4930 5690
1510 3560 4920 5690
1510 3560 4920 5690
1510 3560 4920 5690
1500 3560 5060 5690
1510 3560 5000 5690
1510 3560 4960 5690
1520 3560 4940 5690
1500 3560 4940 5690
1500 3560 4930 5690
1510 3560 4930 5700
1510 3560 4940 5710
1500 3560 4930 5700
1510 3550 4930 5700
1510 3550 4920 5700
1510 3550 4930 5700
1520 3550 4930 5690
1520 3550 4930 5690
1520 3550 4930 5690
1520 3550 4920 5700
1510 3550 4920 5700
1510 3550 4920 5710
1500 3550 4920 5710
1500 3550 4930 5700
