2000 3620 4230 5350
1960 3620 4240 5340
2010 3630 4230 5340
2010 3620 4230 5340
2030 3620 4230 5340
2030 3620 4230 5330
2030 3610 4230 5330
2020 3610 4240 5330
2030 3610 4250 5330
2070 3620 4260 5330
2160 3620 4250 5330
2130 3620 4240 5310
2190 3600 4250 5310
2190 3610 4240 5340
2160 3610 4240 5330
2280 3630 4240 5320
2240 3630 4240 5320
2170 3630 4240 5340
2140 3630 4230 5330
2120 3620 4250 5320
2070 3620 4240 5330
2080 3620 4250 5310
2080 3620 4250 5310
2080 3610 4250 5310
2080 3610 4240 5310
2080 3610 4240 5310
2080 3610 4240 5310
2060 3600 4240 5310
2060 3610 4240 5310
2090 3620 4240 5320
2130 3630 4240 5320
2150 3620 4230 5320
2150 3620 4240 5320
2210 3620 4260 5310
2250 3610 4260 5300
2290 3610 4230 5300
2300 3610 4230 5300
2290 3610 4230 5300
2270 3610 4220 5300
2250 3610 4240 5310
2240 3610 4240 5310
2220 3620 4230 5310
2210 3620 4230 5310
2240 3610 4240 5310
2260 3610 4230 5300
2250 3610 4230 5290
2200 3600 4240 5300
2160 3590 4240 5300
2140 3600 4240 5300
2130 3600 4230 5300
2130 3600 4230 5300
2070 3620 4230 5310
2060 3610 4230 5300
2060 3610 4230 5300
2050 3600 4230 5300
2040 3600 4230 5300
2040 3600 4230 5300
2040 3600 4240 5300
2060 3600 4240 5300
2060 3600 4230 5300
2060 3610 4240 5300
2070 3600 4240 5290
2060 3610 4230 5290
2080 3630 4220 5290
2120 3630 4230 5290
2090 3620 4230 5290
2130 3620 4230 5290
2150 3620 4240 5300
2160 3620 4240 5290
2160 3610 4240 5290
2160 3620 4250 5290
2150 3630 4250 5300
2120 3610 4240 5290
2090 3620 4240 5290
2120 3610 4240 5290
2140 3620 4230 5290
2140 3620 4230 5300
2130 3620 4230 5300
2120 3630 4250 5300
2090 3620 4240 5300
2070 3610 4230 5300
2050 3600 4240 5290
2040 3600 4250 5280
2040 3600 4250 5280
2020 3600 4260 5290
2020 3610 4260 5290
2010 3600 4260 5290
2010 3600 4260 5290
2000 3600 4260 5290
1990 3610 4240 5290
2000 3610 4240 5290
1990 3610 4240 5300
2000 3610 4230 5300
1990 3600 4230 5290
1990 3610 4230 5290
2000 3600 4220 5300
2000 3610 4220 5300
2010 3610 4230 5300
2020 3600 4240 5300
2020 3600 4230 5290
2020 3610 4240 5290
2030 3610 4240 5290
2050 3620 4240 5300
2080 3620 4230 5300
2090 3610 4240 5290
2120 3600 4230 5280
2120 3600 4230 5280
2120 3590 4230 5290
2110 3600 4230 5290
2090 3600 4230 5280
2080 3610 4240 5280
2050 3620 4240 5290
2050 3620 4250 5290
2040 3620 4250 5290
2050 3600 4230 5290
2050 3600 4230 5290
2060 3600 4220 5300
2080 3590 4220 5310
2080 3590 4230 5310
2080 3600 4230 5300
1760 3800 4230 5280
1760 3830 4240 5290
1770 3800 4240 5280
1760 3810 4250 5280
1760 3790 4250 5280
1760 3750 4250 5290
1750 3760 4250 5290
1740 3760 4240 5280
1740 3760 4240 5280
1740 3770 4230 5280
1730 3770 4230 5280
1740 3770 4230 5280
1730 3770 4250 5290
1740 3770 4250 5290
1740 3760 4240 5300
1740 3760 4230 5310
1730 3740 4230 5310
1710 3730 4230 5310
1710 3720 4240 5310
1720 3710 4230 5310
1740 3700 4230 5320
1740 3690 4240 5320
1740 3700 4240 5310
1740 3710 4250 5310
1730 3700 4230 5320
1750 3710 4230 5320
1740 3750 4230 5320
1750 3780 4230 5320
1750 3770 4220 5320
1760 3760 4220 5310
1760 3760 4230 5320
1740 3780 4250 5320
1740 3790 4240 5310
1740 3740 4240 5310
1740 3740 4230 5310
1750 3770 4230 5310
1750 3790 4230 5320
1720 3820 4220 5330
1730 3820 4220 5340
1730 3820 4240 5340
1720 3820 4230 5330
1720 3840 4230 5330
1730 3780 4240 5320
1710 3940 4230 5320
1720 3940 4240 5320
1730 3950 4230 5330
1730 4120 4230 5320
1750 4250 4250 5310
1750 4270 4240 5310
1750 4050 4240 5310
1740 4000 4240 5320
1740 3940 4230 5320
1740 3930 4230 5320
1740 3910 4240 5320
1730 3890 4230 5320
1730 3850 4230 5330
1730 3840 4230 5320
1730 3820 4230 5320
1740 3790 4240 5320
1740 3780 4240 5320
1750 3790 4240 5320
1750 3780 4240 5320
1750 3820 4230 5330
1750 3830 4230 5340
1760 3830 4250 5340
1760 3820 4230 5340
1770 3830 4230 5330
1760 3850 4240 5320
1750 3870 4230 5320
1760 3870 4230 5320
1740 3870 4220 5320
1750 3880 4220 5320
1760 3900 4230 5320
1760 3890 4230 5320
1750 3890 4230 5320
1750 3870 4230 5320
1730 3820 4240 5310
1720 3810 4240 5310
1730 3800 4240 5310
1750 3780 4230 5320
1750 3780 4230 5320
1740 3820 4230 5320
1730 3840 4230 5310
1730 3850 4230 5310
1740 3860 4230 5310
1740 3860 4230 5310
1760 3860 4230 5330
1750 3850 4230 5330
1740 3850 4230 5330
1740 3840 4230 5330
1740 3820 4220 5330
1730 3820 4220 5330
1730 3830 4220 5330
1740 3840 4220 5320
1730 3860 4220 5310
1730 3860 4220 5310
1730 3850 4230 5310
1730 3840 4230 5320
1730 3830 4240 5320
1740 3820 4240 5320
1740 3810 4240 5320
1750 3810 4230 5320
1740 3820 4240 5320
