2040 4070 3750 4950
2040 4070 3770 4940
2040 4070 3770 4940
2030 4130 3750 4940
2040 4150 3760 4950
2040 4110 3750 4940
2040 4070 3750 4950
2040 4030 3750 4950
2040 4120 3740 4940
2040 4140 3740 4950
2040 4130 3740 4960
2040 4110 3750 4960
2030 4080 3760 4960
2020 4030 3750 4960
2020 3960 3730 4940
2030 3950 3740 4940
2030 4000 3750 4940
2040 4050 3750 4950
2040 4030 3750 4950
2040 4010 3760 4960
2040 4030 3730 4950
2040 4030 3720 4940
2040 4030 3730 4950
2040 4020 3730 4970
2050 4020 3720 4970
2040 4020 3730 4960
2040 4030 3720 4960
2040 4050 3720 4960
2040 4060 3730 4960
2040 4050 3730 4960
2050 4030 3730 4960
2050 4020 3740 4950
2040 4020 3750 4960
2030 4010 3740 4960
2030 3990 3730 4960
2040 3960 3730 4960
2040 3960 3730 4960
2040 3980 3740 4960
2040 3980 3750 4960
2040 3980 3750 4960
2040 3990 3750 4950
2040 4000 3750 4960
2040 4010 3750 4960
2040 4030 3750 4960
2040 4000 3750 4950
2040 4000 3750 4960
2040 4020 3760 4950
2040 4040 3760 4940
2030 4070 3750 4940
2030 4100 3750 4940
2040 4100 3750 4940
2040 4080 3740 4940
2040 4070 3750 4940
2040 4030 3740 4940
2040 4250 3730 4940
2030 4440 3750 4940
2040 4350 3740 4940
2040 4240 3730 4940
2040 4190 3730 4950
2030 4130 3730 4950
2020 4080 3740 4950
2020 4050 3740 4950
2030 4030 3750 4950
2030 4030 3760 4940
2040 3990 3750 4950
2040 3980 3760 4960
2040 3940 3770 4960
2040 3950 3770 4960
2040 3980 3770 4970
2040 3980 3770 4970
2040 3990 3770 4970
2040 3960 3760 4970
2040 4000 3750 4970
2030 4010 3760 4960
2030 4040 3760 4950
2030 4060 3750 4950
2040 4070 3750 4950
2040 4040 3760 4950
2040 4030 3760 4940
2050 4050 3740 4940
2050 4030 3750 4960
2050 4030 3750 4960
2050 4040 3740 4960
2050 4130 3750 4950
2030 4130 3750 4950
2030 4110 3760 4950
2030 4110 3750 4940
2030 4080 3750 4940
2030 4080 3760 4940
2040 4060 3740 4950
2040 4060 3740 4950
2040 4030 3730 4950
2040 4020 3730 4940
2040 4020 3720 4950
2040 4020 3730 4950
2040 4020 3730 4950
2050 4040 3740 4950
2040 4040 3740 4950
2030 4030 3750 4950
2030 4030 3750 4950
2040 4030 3750 4950
2040 4030 3760 4950
2040 4030 3760 4950
2040 4030 3760 4950
2040 4020 3750 4950
2040 4020 3750 4950
2040 4020 3750 4940
2040 4020 3760 4940
2040 4000 3750 4960
2040 3990 3740 4950
2040 4000 3750 4950
2040 3990 3760 4950
2050 4000 3760 4950
2050 3990 3750 4960
2040 3980 3760 4960
2040 3980 3750 4950
2040 3990 3760 4950
2040 4000 3750 4940
2040 4000 3750 4950
2040 4010 3750 4940
2040 4010 3740 4950
2040 4010 3740 4960
2040 4010 3730 4970
2040 4000 3720 4970
2040 4000 3740 4960
2040 4000 3750 4960
2040 4000 3750 4960
2030 3780 3740 5310
2030 3780 3730 5240
2030 3780 3740 5240
2020 3780 3740 5350
2020 3780 3750 5410
2030 3790 3750 5410
2040 3780 3760 5430
2040 3800 3760 5430
2040 3800 3750 5470
2040 3800 3750 5480
2040 3800 3750 5430
2040 3790 3750 5580
2040 3790 3750 5580
2040 3790 3740 5570
2040 3790 3740 5570
2040 3790 3740 5600
2040 3790 3740 5650
2040 3770 3740 5580
2040 3770 3750 5470
2040 3780 3750 5350
2040 3780 3740 5350
2040 3780 3740 5340
2040 3780 3740 5290
2040 3790 3740 5290
2040 3800 3740 5290
2040 3800 3750 5320
2050 3800 3750 5300
2040 3810 3750 5110
2040 3810 3750 5080
2040 3800 3750 5050
2040 3800 3750 5170
2040 3800 3750 5110
2040 3800 3750 5070
2040 3800 3740 5180
2030 3790 3750 5360
2040 3790 3750 5480
2040 3790 3740 5620
2040 3790 3740 5700
2040 3790 3740 5710
2040 3790 3730 5680
2040 3800 3740 5740
2040 3790 3750 5730
2040 3780 3750 5770
2040 3780 3740 5720
2040 3780 3740 5410
2030 3780 3740 5350
2030 3790 3750 5360
2020 3790 3750 5320
2020 3780 3750 5370
2040 3780 3760 5330
2040 3780 3750 5450
2040 3780 3740 5320
2040 3780 3740 5540
2040 3770 3750 5640
2030 3780 3760 5660
2040 3780 3760 5660
2040 3790 3760 5670
2040 3790 3760 5640
2040 3790 3760 5610
2030 3790 3750 5580
2040 3780 3750 5560
2040 3770 3750 5560
2050 3770 3750 5590
2050 3770 3750 5650
2040 3770 3750 5650
2040 3770 3740 5650
2040 3770 3750 5660
2040 3770 3740 5670
2040 3780 3740 5680
2040 3790 3730 5700
2040 3790 3720 5670
2040 3790 3730 5600
2050 3790 3730 5540
2050 3790 3750 5490
2050 3790 3750 5470
2050 3790 3740 5500
2050 3780 3730 5560
2040 3780 3740 5610
2040 3770 3740 5620
2030 3780 3730 5610
2030 3780 3750 5610
2020 3780 3740 5600
2020 3780 3730 5600
2020 3780 3730 5580
2020 3780 3750 5560
2020 3780 3740 5550
2020 3780 3730 5540
2030 3780 3740 5550
2030 3780 3740 5540
2030 3780 3740 5540
2020 3780 3740 5540
2020 3770 3730 5540
2020 3790 3740 5540
2020 3790 3760 5540
2020 3780 3760 5550
2030 3770 3760 5560
2030 3770 3760 5560
2030 3780 3770 5600
2040 3770 3770 5640
2030 3770 3770 5660
2040 3790 3770 5660
2040 3780 3770 5610
2030 3780 3770 5420
2030 3780 3760 5300
