2580 4030 3280 4580
2760 4030 3290 4600
2720 4040 3290 4600
2680 4040 3290 4600
2660 4060 3290 4600
2670 4060 3290 4600
2760 4060 3290 4580
2690 4060 3290 4570
2650 4050 3290 4570
2630 4060 3290 4570
2670 4060 3300 4570
2750 4050 3290 4580
2700 4040 3290 4580
2710 4050 3290 4570
2780 4050 3300 4570
2820 4050 3290 4570
2830 4040 3300 4570
2800 4050 3300 4570
2800 4050 3300 4570
2770 4040 3300 4570
2740 4040 3290 4570
2700 4040 3290 4570
2690 4030 3290 4570
2660 4030 3290 4580
2630 4030 3290 4580
2630 4040 3290 4580
2660 4050 3290 4600
2660 4050 3300 4600
2690 4050 3300 4580
2680 4060 3300 4570
2670 4050 3300 4570
2640 4050 3300 4570
2600 4060 3300 4580
2600 4060 3300 4600
2650 4060 3300 4600
2690 4050 3290 4580
2700 4060 3280 4580
2710 4050 3270 4580
2690 4040 3270 4570
2690 4050 3270 4580
2670 4050 3280 4580
2650 4050 3290 4580
2660 4050 3300 4580
2660 4060 3300 4580
2650 4070 3300 4580
2650 4070 3300 4570
2650 4070 3300 4570
2670 4060 3300 4570
2720 4060 3290 4570
2720 4060 3290 4570
2710 4060 3300 4570
2700 4060 3300 4570
2690 4060 3300 4570
2650 4060 3300 4570
2640 4050 3290 4580
2650 4060 3300 4580
2640 4060 3300 4580
2690 4060 3300 4580
2790 4050 3300 4580
2910 4050 3300 4580
3010 4050 3300 4580
3100 4040 3300 4580
3210 4030 3300 4570
3240 4030 3300 4570
3260 4030 3300 4580
3050 4030 3300 4570
2880 4040 3300 4570
2880 4040 3300 4570
2800 4050 3300 4570
2740 4060 3300 4570
2710 4060 3300 4570
2680 4060 3300 4570
2620 4050 3300 4570
2630 4060 3290 4570
2660 4060 3300 4570
2640 4050 3300 4570
2640 4050 3290 4570
2620 4060 3290 4580
2600 4060 3300 4580
2570 4060 3300 4580
2570 4050 3290 4580
2580 4040 3290 4580
2600 4030 3290 4580
2560 4040 3300 4600
2540 4050 3300 4600
2570 4040 3300 4580
2600 4050 3300 4580
2650 4060 3300 4600
2690 4060 3290 4580
2720 4060 3290 4580
2750 4040 3290 4580
2750 4040 3290 4580
2950 4050 3300 4570
2960 4040 3300 4570
2870 4030 3300 4570
2890 4030 3300 4570
2820 4030 3300 4570
2790 4040 3300 4570
2770 4040 3290 4570
2760 4040 3290 4580
2770 4050 3300 4580
2760 4050 3300 4570
2970 4040 3300 4570
3060 4050 3300 4580
2960 4040 3300 4570
2850 4050 3300 4570
2810 4040 3300 4570
2790 4040 3300 4570
2780 4050 3290 4570
2770 4040 3290 4570
2480 4020 3300 7430
2480 4030 3300 6570
2480 4040 3300 6010
2490 4040 3300 5630
2480 4040 3300 5370
2480 4050 3300 5240
2480 4060 3300 5110
2470 4070 3300 4960
2460 4050 3300 4910
2460 4050 3290 4840
2450 4040 3290 4830
2460 4050 3290 4820
2460 4050 3290 4790
2460 4040 3290 4780
2450 4040 3290 4760
2450 4040 3290 4750
2460 4040 3290 4750
2470 4050 3280 4760
2480 4050 3280 4790
2470 4050 3290 4870
2480 4050 3290 4860
2470 4040 3290 4830
2460 4040 3290 4800
2460 4050 3290 4740
2470 4040 3300 4690
2470 4030 3300 4730
2480 4050 3300 4700
2490 4050 3300 4670
2490 4050 3300 4680
2480 4040 3300 4680
2470 4040 3300 4700
2460 4040 3300 4720
2470 4040 3300 4730
2470 4050 3290 4740
2470 4040 3290 4740
2480 4030 3300 4750
2470 4020 3300 4760
2470 4040 3300 4770
2460 4040 3300 4790
2460 4040 3300 4810
2450 4040 3300 4830
2460 4030 3290 4830
2460 4040 3290 4800
2470 4040 3290 4790
2480 4050 3290 4830
2470 4060 3300 4930
2470 4050 3300 4940
2470 4060 3300 4970
2470 4050 3290 4940
2480 4060 3280 4890
2480 4050 3290 4850
2480 4060 3290 4830
2490 4060 3290 4780
2490 4060 3280 4750
2490 4060 3280 4720
2500 4060 3290 4690
2490 4050 3290 4670
2490 4060 3290 4660
2510 4060 3290 4660
2500 4050 3290 4660
2490 4050 3290 4680
2490 4040 3290 4760
2480 4050 3290 4810
2490 4040 3290 4800
2480 4040 3290 4770
2470 4050 3290 4780
2470 4040 3290 4820
2480 4050 3290 4830
2480 4060 3300 4850
2470 4060 3300 4860
2480 4050 3300 4860
2480 4040 3300 4840
2470 4040 3300 4800
2470 4050 3300 4760
2470 4060 3290 4740
2470 4050 3290 4700
2490 4040 3290 4690
2490 4050 3300 4720
2470 4040 3300 4740
2470 4050 3300 4740
2460 4060 3290 4740
2470 4060 3290 4740
2470 4060 3290 4740
2480 4050 3290 4750
2480 4050 3300 4750
2470 4050 3290 4730
2480 4040 3290 4770
2470 4050 3290 4800
2480 4050 3300 4810
2500 4060 3290 4790
2500 4060 3290 4780
2490 4060 3280 4760
2490 4060 3280 4740
2470 4030 3280 4770
2480 4040 3280 4800
2480 4040 3280 4870
2480 4030 3280 4860
2470 4040 3280 4850
2470 4050 3280 4830
2470 4050 3280 4830
2470 4050 3290 4820
2480 4050 3300 4840
2490 4070 3300 4810
2480 4060 3300 4760
2480 4060 3290 4790
2470 4060 3290 4800
2460 4060 3290 4810
2460 4060 3290 4810
2470 4050 3290 4810
