2920 4300 3290 4260
2920 4300 3300 4260
2920 4310 3290 4260
2910 4310 3270 4260
2910 4300 3250 4260
2910 4300 3240 4260
2920 4300 3220 4250
2920 4310 3430 4240
2920 4310 3420 4230
2920 4300 3370 4230
2920 4290 3360 4240
2920 4300 3320 4250
2920 4300 3320 4250
2920 4310 3300 4250
2910 4300 3270 4260
2910 4300 3230 4260
2910 4290 3160 4250
2910 4290 3190 4260
2910 4290 3220 4260
2920 4300 3190 4260
2920 4300 3190 4260
2920 4300 3220 4250
2920 4310 3210 4240
2930 4300 3200 4250
2930 4310 3200 4250
2920 4310 3500 4240
2920 4300 3520 4240
2920 4310 3600 4240
2920 4310 3570 4240
2920 4310 3610 4230
2920 4300 3680 4230
2920 4300 3790 4240
2930 4310 3760 4250
2920 4320 3650 4240
2920 4310 3590 4240
2920 4300 3540 4250
2920 4290 3490 4250
2930 4290 3460 4240
2930 4300 3410 4250
2940 4290 3370 4250
2940 4300 3340 4250
2930 4300 3320 4260
2930 4300 3310 4250
2930 4290 3270 4240
2920 4290 3240 4240
2920 4290 3240 4230
2920 4300 3260 4240
2920 4300 3250 4240
2920 4290 3270 4240
2920 4290 3280 4250
2920 4300 3290 4240
2920 4310 3290 4230
2920 4320 3300 4230
2920 4310 3290 4240
2920 4300 3290 4240
2920 4300 3280 4240
2920 4310 3280 4240
2920 4300 3280 4240
2920 4310 3270 4250
2920 4300 3270 4250
2920 4290 3290 4250
2920 4300 3300 4240
2920 4310 3280 4250
2920 4310 3290 4250
2920 4310 3280 4250
2920 4310 3270 4240
2920 4310 3270 4240
2920 4300 3280 4240
2920 4290 3290 4240
2920 4290 3280 4250
2920 4290 3270 4250
2920 4300 3250 4250
2930 4290 3250 4250
2930 4290 3270 4250
2930 4270 3270 4250
2930 4270 3270 4240
2930 4290 3270 4250
2930 4290 3270 4250
2930 4290 3260 4240
2930 4290 3270 4250
2930 4290 3280 4240
2930 4300 3290 4240
2920 4290 3290 4240
2920 4290 3280 4240
2920 4310 3470 4230
2920 4300 3590 4230
2920 4290 3480 4230
2920 4290 3400 4240
2920 4290 3390 4240
2920 4300 3390 4230
2920 4310 3420 4230
2920 4320 3370 4230
2920 4310 3310 4230
2920 4310 3280 4240
2920 4310 3250 4250
2920 4310 3250 4250
2920 4300 3230 4240
2910 4300 3240 4230
2920 4310 3240 4230
2920 4310 3240 4230
2920 4310 3240 4240
2920 4310 3250 4240
2920 4310 3240 4230
2920 4310 3250 4250
2920 4320 3250 4240
2920 4320 3260 4240
2920 4310 3280 4250
2920 4300 3280 4250
2930 4290 3280 4250
2930 4290 3280 4250
2920 4290 3280 4250
2920 4290 3260 4250
2920 4290 3250 4250
2920 4300 3240 4250
2920 4300 3240 4240
2910 4310 3230 4240
2910 4310 3230 4240
2920 4310 3220 4250
2930 4310 3230 4250
2930 4310 3230 4260
2930 4310 3240 4250
2930 4300 3240 4260
2930 4310 3240 4250
2930 4300 3240 4240
2920 4300 3240 4250
2920 4300 2870 4370
2920 4310 2870 4390
2920 4300 2870 4520
2920 4300 2870 4640
2920 4290 2860 4710
2920 4300 2850 4690
2920 4310 2850 4660
2920 4310 2850 4670
2920 4300 2850 4710
2930 4290 2860 4690
2930 4290 2860 4670
2930 4300 2870 4620
2930 4310 2870 4610
2930 4310 2860 4620
2930 4310 2860 4630
2930 4300 2860 4610
2930 4310 2860 4600
2930 4310 2870 4600
2930 4310 2870 4520
2930 4300 2870 4480
2930 4290 2870 4450
2920 4290 2870 4420
2920 4270 2870 4400
2920 4270 2870 4390
2920 4290 2870 4390
2920 4300 2870 4400
2920 4310 2860 4450
2920 4320 2860 4500
2930 4300 2860 4540
2920 4290 2870 4570
2920 4300 2860 4610
2920 4290 2860 4610
2920 4300 2860 4610
2920 4290 2880 4630
2920 4300 2870 4620
2920 4310 2860 4630
2920 4310 2860 4640
2920 4310 2870 4620
2920 4300 2870 4560
2920 4290 2860 4550
2920 4300 2860 4550
2920 4310 2860 4530
2920 4310 2860 4510
2910 4310 2850 4550
2910 4310 2850 4630
2910 4300 2850 4650
2910 4290 2850 4640
2910 4290 2850 4660
2910 4290 2840 4620
2910 4300 2840 4610
2910 4310 2860 4570
2920 4300 2860 4550
2920 4300 2860 4560
2920 4290 2860 4550
2920 4270 2860 4540
2920 4270 2860 4580
2920 4270 2860 4580
2920 4290 2870 4610
2920 4290 2870 4640
2920 4300 2870 4620
2920 4300 2870 4560
2920 4310 2870 4490
2920 4310 2870 4420
2920 4310 2870 4370
2920 4300 2870 4370
2920 4300 2870 4350
2920 4310 2870 4340
2920 4300 2870 4330
2920 4300 2860 4330
2920 4310 2860 4320
2920 4310 2860 4320
2920 4300 2860 4350
2920 4310 2860 4350
2920 4300 2860 4370
2920 4310 2860 4380
2920 4310 2860 4370
2920 4310 2860 4360
2920 4310 2870 4350
2920 4320 2870 4350
2920 4320 2870 4360
2920 4320 2870 4370
2920 4320 2870 4370
2920 4320 2860 4370
2920 4320 2860 4370
2920 4320 2860 4370
2920 4320 2860 4370
2920 4310 2860 4390
2920 4300 2860 4420
2920 4290 2860 4430
2930 4290 2860 4490
2930 4290 2870 4490
2930 4290 2870 4480
2930 4270 2870 4460
2930 4290 2860 4420
2930 4270 2860 4400
2930 4290 2860 4390
2930 4300 2860 4380
2930 4290 2860 4370
2920 4290 2860 4360
2920 4310 2860 4350
2920 4300 2870 4350
2920 4300 2860 4340
2920 4300 2870 4340
2920 4300 2870 4360
2910 4310 2870 4370
2910 4310 2860 4380
2910 4310 2860 4370
2920 4290 2850 4370
2920 4290 2850 4370
2920 4300 2870 4370
2930 4310 2870 4380
2920 4300 2870 4390
2920 4310 2860 4420
2920 4300 2860 4440
2920 4310 2860 4450
2920 4310 2860 4450
2920 4310 2860 4430
2920 4310 2860 4420
2920 4300 2850 4430
2920 4310 2850 4440
2910 4290 2850 4440
2910 4300 2860 4450
2910 4300 2860 4450
2910 4290 2860 4410
2910 4270 2860 4380
2920 4290 2860 4490
2920 4270 2860 4440
2930 4290 2860 4660
2920 4300 2860 4520
2920 4310 2860 4460
2920 4300 2870 4440
2930 4300 2870 4420
2930 4310 2870 4410
2930 4310 2870 4380
2940 4300 2870 4380
2940 4310 2860 4380
2930 4290 2860 4560
2930 4300 2850 4730
2930 4300 2860 4840
2930 4290 2860 4830
2920 4300 2860 4920
2910 4290 2860 4970
2910 4300 2860 5020
2910 4310 2860 5070
2920 4300 2870 5120
2920 4300 2870 5140
2920 4290 2870 5170
2920 4270 2870 5240
2920 4290 2870 5250
2920 4300 2860 5130
2920 4300 2860 5110
2920 4300 2860 5180
2920 4300 2870 5170
2920 4300 2870 5140
2920 4310 2870 5080
2920 4310 2870 4870
2920 4310 2870 4960
2910 4300 2870 5120
2920 4300 2870 5050
2920 4290 2870 4810
2930 4300 2870 4680
2920 4300 2870 4620
2910 4290 2860 4560
2910 4290 2860 4630
2920 4290 2860 4630
2920 4310 2860 4640
2920 4300 2850 4640
2910 4310 2860 4660
2910 4300 2870 4500
2910 4310 2870 4530
2920 4300 2870 4470
2920 4310 2870 4430
2920 4300 2870 4430
2920 4310 2860 4580
2920 4310 2860 4580
2920 4310 2860 4710
2920 4310 2860 4740
2920 4310 2860 4670
2910 4300 2860 4720
2900 4290 2870 4670
2900 4300 2870 4640
2900 4290 2870 4580
2900 4290 2860 4570
2900 4270 2860 4540
2900 4290 2860 4510
2910 4300 2860 4480
2920 4290 2860 4480
2920 4290 2860 4500
2920 4290 2870 4670
2920 4300 2870 4690
