3520 4610 2440 3920
3520 4610 2440 3920
3520 4610 2450 3920
3570 4610 2440 3930
3960 4610 2440 3930
3850 4610 2440 3920
3810 4620 2430 3920
3800 4610 2440 3920
3930 4610 2460 3910
4040 4610 2450 3930
4140 4620 2440 3930
4190 4620 2440 3930
4230 4620 2440 3920
4250 4620 2440 3930
4230 4600 2440 3930
4200 4600 2430 3940
4150 4610 2440 3940
4170 4610 2440 3930
4190 4610 2430 3930
4180 4610 2430 3940
4800 4600 2430 3940
4240 4580 2420 3940
4200 4570 2420 3940
4060 4600 2420 3950
3980 4600 2430 3950
4040 4610 2430 3940
3910 4600 2430 3920
4070 4600 2440 3920
3930 4600 2430 3920
3840 4600 2430 3920
3820 4600 2420 3920
3800 4600 2440 3930
3920 4600 2430 3930
4020 4600 2420 3930
4140 4600 2420 3940
4220 4600 2440 3940
4250 4600 2430 3940
4300 4610 2440 3940
4320 4610 2430 3940
4340 4610 2430 3950
4360 4600 2430 3950
4330 4600 2440 3950
4270 4610 2430 3950
4270 4610 2420 3940
4290 4600 2420 3930
4290 4600 2420 3940
4220 4610 2430 3940
4130 4610 2430 3950
4070 4610 2430 3940
4010 4600 2430 3930
4010 4600 2430 3950
4090 4600 2420 3950
4150 4610 2400 3950
4130 4600 2400 3950
4110 4600 2400 3950
4050 4600 2400 3950
3980 4600 2420 3950
3930 4600 2420 3940
3850 4600 2420 3930
3830 4600 2430 3930
4020 4610 2440 3930
4100 4620 2440 3930
3850 4600 2430 3930
3780 4600 2420 3930
3710 4600 2430 3930
3680 4600 2430 3940
3650 4600 2430 3940
3620 4600 2430 3930
3600 4600 2420 3940
3610 4620 2420 3940
3610 4630 2440 3940
3600 4630 2440 3930
3600 4630 2430 3920
3610 4630 2430 3930
3630 4630 2430 3940
3590 4620 2450 3940
3560 4610 2440 3950
3580 4610 2440 3950
3610 4610 2440 3950
3620 4600 2440 3950
3580 4610 2440 3950
3730 4600 2430 3950
3760 4600 2430 3950
3810 4610 2430 3950
3860 4600 2430 3950
3910 4610 2430 3950
3910 4610 2450 3940
3890 4610 2450 3940
3960 4610 2450 3950
4080 4610 2440 3940
4110 4610 2440 3950
4120 4600 2450 3940
4160 4600 2430 3930
4050 4600 2420 3930
3830 4600 2420 3940
3710 4600 2420 3940
3670 4600 2420 3950
3590 4600 2430 3950
3580 4600 2430 3950
3760 4580 2430 3950
3800 4580 2420 3950
3860 4600 2420 3950
3940 4600 2420 3950
4310 4600 2430 3940
4190 4610 2420 3940
4200 4610 2430 3930
4140 4610 2420 3920
4160 4610 2420 3920
4240 4610 2420 3920
4110 4600 2430 3920
4090 4600 2420 3930
4110 4600 2420 3930
4130 4600 2420 3930
4090 4600 2440 3930
4080 4600 2440 3930
3920 4600 2430 3930
3790 4580 2420 3940
3730 4580 2430 3940
3770 4610 2430 3920
3980 4610 2420 3920
4070 4600 2430 3930
4070 4610 2440 3930
4060 4610 2430 3940
3930 4600 2420 3920
4010 4600 2420 3930
4090 4600 2420 3920
4130 4600 2440 3930
4190 4600 2430 3930
4190 4600 2420 3920
4180 4600 2420 3930
4100 4600 2430 3930
3980 4600 2430 3930
3850 4600 2430 3920
3860 4600 2440 3920
3760 4610 2440 3910
3680 4610 2450 3920
3720 4610 2450 3930
3730 4610 2450 3930
3720 4610 2450 3930
3370 4610 2430 4270
3370 4610 2430 4380
3380 4610 2420 4300
3380 4610 2430 4260
3380 4600 2420 4290
3380 4610 2420 4220
3390 4600 2420 4300
3390 4600 2430 4330
3380 4610 2420 4270
3380 4600 2420 4170
3380 4600 2430 4160
3380 4600 2430 4160
3380 4600 2430 4200
3380 4600 2430 4250
3380 4600 2440 4340
3390 4600 2440 4240
3390 4610 2440 4400
3390 4610 2430 4490
3390 4620 2420 4390
3390 4610 2420 4380
3390 4600 2400 4370
3390 4600 2400 4430
3390 4600 2420 4450
3390 4610 2430 4390
3390 4600 2430 4350
3390 4600 2430 4410
3380 4600 2420 4440
3380 4600 2430 4400
3380 4600 2440 4390
3390 4600 2440 4310
3380 4580 2440 4270
3390 4580 2430 4290
3390 4600 2430 4290
3390 4600 2430 4300
3380 4600 2420 4290
3380 4600 2420 4290
3370 4620 2420 4340
3370 4610 2430 4310
3370 4630 2440 4300
3370 4630 2440 4300
3380 4620 2440 4310
3380 4630 2440 4310
3380 4630 2430 4310
3380 4620 2430 4300
3380 4630 2420 4290
3380 4620 2420 4300
3380 4610 2420 4300
3380 4600 2420 4290
3370 4600 2440 4270
3380 4600 2440 4260
3380 4600 2450 4260
3370 4610 2450 4250
3370 4610 2450 4250
3370 4610 2450 4230
3370 4610 2440 4210
3370 4600 2430 4190
3370 4610 2430 4180
3370 4620 2420 4170
3370 4610 2420 4170
3380 4600 2420 4200
3380 4620 2420 4230
3380 4620 2430 4250
3380 4620 2420 4240
3380 4610 2430 4250
3380 4600 2430 4260
3380 4600 2430 4250
3380 4600 2420 4230
3380 4600 2420 4230
3380 4610 2420 4220
3380 4610 2440 4230
3380 4630 2450 4210
3390 4620 2450 4200
3390 4610 2450 4190
3390 4600 2440 4190
3380 4600 2430 4200
3370 4600 2430 4190
3380 4600 2430 4190
3380 4600 2420 4180
3380 4600 2430 4180
3390 4600 2430 4180
3390 4610 2430 4180
3370 4610 2430 4170
3370 4580 2430 4160
3380 4600 2420 4160
3380 4600 2430 4170
3380 4580 2430 4170
3370 4600 2420 4170
3370 4600 2420 4180
3370 4580 2430 4190
3370 4600 2420 4190
3380 4620 2420 4180
3380 4630 2420 4180
3380 4620 2420 4170
3380 4610 2420 4150
3390 4630 2430 4150
3390 4630 2440 4160
3380 4620 2430 4160
3370 4610 2420 4160
