3790 5060 2090 3680
3790 5060 2090 3680
3790 5070 2110 3680
3780 5070 2110 3680
3780 5100 2110 3680
3780 5090 2090 3680
3790 5090 2090 3680
3790 5090 2090 3680
3790 5100 2110 3680
3790 5100 2090 3680
3790 5060 2080 3680
3780 5070 2080 3670
3780 5160 2080 3670
3780 5160 2080 3670
3780 5140 2070 3680
3770 5140 2080 3670
3770 5140 2080 3670
3770 5140 2070 3670
3770 5110 2080 3670
3770 5110 2080 3670
3780 5110 2090 3670
3780 5110 2090 3670
3780 5110 2080 3670
3780 5110 2080 3670
3790 5110 2080 3670
3790 5120 2110 3670
3790 5120 2110 3670
3790 5100 2090 3670
3790 5070 2090 3670
3790 5070 2090 3670
3790 5040 2090 3670
3790 5000 2090 3680
3790 4980 2090 3670
3790 4990 2080 3670
3790 5010 2080 3650
3790 5020 2080 3650
3790 5040 2080 3650
3790 5050 2070 3670
3790 5060 2070 3670
3790 5010 2080 3670
3790 4950 2070 3650
3790 5140 2080 3650
3800 5250 2080 3680
3800 5150 2070 3680
3800 5210 2080 3680
3790 5250 2080 3680
3790 5280 2080 3690
3790 5300 2090 3690
3790 5170 2080 3690
3790 5110 2080 3680
3800 5050 2090 3680
3790 5200 2090 3670
3790 5140 2090 3670
3790 5030 2090 3670
3790 5000 2090 3680
3790 4970 2090 3680
3790 4950 2090 3670
3790 4950 2090 3680
3790 4960 2090 3680
3790 4990 2090 3680
3780 5010 2090 3670
3780 5040 2080 3680
3780 5100 2070 3680
3780 5140 2070 3680
3780 5150 2070 3680
3770 5130 2080 3670
3770 5170 2080 3670
3770 5060 2080 3670
3770 5020 2090 3670
3770 4980 2080 3680
3770 5070 2070 3680
3770 5070 2070 3680
3770 5030 2080 3680
3780 5140 2070 3670
3780 5190 2080 3670
3780 5260 2080 3670
3780 5290 2070 3670
3780 5210 2070 3680
3780 5350 2080 3680
3770 5440 2090 3680
3770 5440 2090 3670
3770 5490 2090 3650
3770 5500 2090 3650
3770 5550 2090 3650
3770 5420 2090 3670
3770 5540 2080 3650
3780 5390 2080 3670
3790 5430 2070 3670
3790 5370 2070 3650
3790 5500 2080 3670
3790 5400 2090 3670
3790 5300 2090 3670
3790 5240 2090 3670
3790 5190 2080 3670
3770 5190 2090 3670
3770 5210 2090 3650
3780 5230 2110 3670
3780 5230 2090 3680
3770 5140 2080 3680
3770 5130 2080 3680
3770 5090 2080 3680
3770 5070 2070 3680
3770 5070 2080 3670
3770 5050 2080 3650
3770 5030 2090 3650
3780 5040 2080 3650
3780 5050 2070 3650
3780 5040 2070 3670
3780 5020 2080 3650
3780 5000 2080 3650
3780 5020 2080 3640
3780 5010 2080 3650
3780 5000 2070 3650
3770 5030 2090 3650
3780 5040 2090 3670
3780 5050 2090 3670
3780 5070 2080 3680
3780 5070 2070 3680
3780 5050 2080 3680
3780 5060 2080 3680
3780 5060 2080 3680
3780 5060 2080 3680
3780 5070 2080 3690
3780 5080 2070 3680
3780 5070 2070 3680
3780 5070 2080 3680
3780 5060 2070 3670
3780 5040 2070 3670
3780 5040 2070 3670
3780 5040 2070 3670
3770 5030 2080 3670
3770 5020 2080 3670
3770 5030 2080 3670
3770 5030 2070 3670
3770 5050 2080 3670
3770 5050 2080 3670
3770 5060 2090 3670
3770 5070 2090 3670
3770 5070 2080 3680
3770 5040 2070 3680
3770 5010 2080 3680
3770 5010 2110 3680
3770 5020 2090 3680
3770 5050 2090 3680
3770 5050 2090 3680
3770 5050 2090 3680
3770 5010 2090 3680
3780 4990 2090 3680
3780 5010 2110 3670
3780 5040 2110 3670
3780 5050 2110 3650
3780 5030 2090 3670
3780 5040 2080 3670
3780 5060 2080 3670
3780 5060 2080 3670
3780 5060 2070 3670
3780 5060 2080 3670
3780 5090 2080 3650
3780 5100 2090 3670
3770 5110 2090 3670
3770 5100 2080 3670
3780 5080 2110 3670
3780 5060 2090 3670
3780 5060 2090 3680
3780 5040 2090 3670
3780 5040 2090 3670
3780 5030 2080 3670
3780 5040 2090 3670
3780 5050 2090 3680
3770 5060 2090 3680
3770 5070 2080 3680
3770 5070 2080 3670
3770 5060 2080 3670
3780 5060 2080 3670
3770 4950 2360 3680
3770 4940 2330 3680
3780 4940 2330 3680
3780 4950 2320 3670
3780 4960 2320 3670
3770 4960 2320 3670
3770 4960 2320 3670
3770 4960 2320 3670
3770 4980 2330 3670
3770 4950 2330 3680
3770 4950 2320 3670
3770 4950 2310 3670
3780 4940 2320 3650
3780 4950 2340 3670
3780 4950 2360 3670
3780 4960 2350 3670
3780 4950 2330 3670
3780 4950 2610 3670
3780 4950 2500 3680
3780 4950 2460 3680
3770 4950 2420 3680
3770 4950 2370 3670
3770 4950 2360 3670
3770 4940 2370 3670
3770 4950 2360 3680
3770 4950 2350 3680
3770 4950 2350 3670
3770 4950 2320 3670
3770 4950 2310 3650
3770 4960 2310 3650
3780 4960 2340 3650
3780 4950 2370 3670
3780 4950 2390 3670
3780 4940 2380 3650
3780 4950 2370 3650
3770 4960 2360 3670
3770 4970 2360 3670
3780 4970 2370 3670
3780 4960 2390 3670
3780 4970 2390 3670
3770 4960 2400 3670
3780 4970 2420 3670
3770 4940 2450 3670
3770 4930 2460 3670
3770 4930 2450 3670
3770 4930 2470 3670
3780 4930 2450 3670
3780 4940 2420 3650
3780 4950 2380 3650
3780 4940 2380 3650
3780 4940 2460 3650
3780 4940 2460 3650
3780 4950 2430 3670
3780 4940 2420 3670
3780 4940 2430 3670
3780 4940 2440 3680
3780 4940 2440 3670
3780 4950 2440 3670
3780 4950 2440 3650
3780 4940 2440 3650
3770 4940 2430 3650
3770 4930 2420 3650
3780 4950 2430 3650
3770 4950 2440 3670
3770 4950 2440 3670
3770 4940 2450 3670
3770 4940 2450 3670
3770 4940 2440 3670
3770 4930 2420 3670
3770 4930 2420 3670
3770 4950 2420 3670
3770 4950 2440 3650
3770 4930 2440 3650
3770 4930 2440 3670
3770 4930 2400 3670
3770 4930 2360 3680
3780 4930 2360 3670
3780 4930 2360 3670
3780 4920 2340 3670
3780 4950 2330 3670
3780 4950 2320 3650
3780 4950 2310 3680
3780 4960 2300 3670
3780 4970 2300 3650
3780 4950 2330 3670
3780 4950 2340 3670
3780 4950 2350 3670
3780 4970 2360 3650
3770 4960 2370 3650
3780 4970 2370 3650
3780 4960 2350 3650
3780 4950 2360 3650
3790 4950 2480 3680
3790 4950 2430 3680
3790 4970 2390 3670
3790 4950 2350 3650
3790 4950 2340 3650
3790 4940 2340 3670
3790 4950 2370 3680
3790 4950 2370 3670
3790 4940 2350 3680
3790 4940 2330 3680
3790 4940 2320 3680
3780 4930 2320 3680
