4270 5330 1850 3490
4250 5330 1860 3500
4250 5330 1910 3500
4260 5340 1940 3500
4270 5340 1970 3490
4270 5340 1950 3500
4290 5340 1940 3510
4290 5340 1930 3510
4270 5330 1970 3510
4270 5340 2020 3510
4260 5350 2050 3510
4260 5340 2060 3510
4260 5350 2090 3510
4260 5350 2120 3510
4260 5340 2160 3510
4270 5340 2180 3510
4270 5360 2250 3510
4270 5360 2320 3510
4270 5340 2380 3510
4270 5350 2320 3520
4270 5350 2250 3520
4250 5340 2130 3520
4250 5340 2110 3520
4240 5330 2070 3520
4250 5340 2060 3510
4240 5330 2030 3510
4250 5330 2070 3510
4240 5340 2170 3520
4240 5340 2150 3530
4250 5350 2120 3530
4240 5360 2080 3530
4250 5360 2050 3530
4240 5350 2020 3530
4240 5340 2010 3530
4250 5340 2000 3540
4250 5340 2000 3530
4250 5330 1980 3530
4260 5340 1970 3520
4270 5340 1970 3520
4270 5350 1980 3520
4270 5340 1980 3520
4270 5340 1990 3510
4290 5340 2000 3510
4290 5340 2020 3510
4270 5340 2020 3510
4270 5330 2010 3510
4270 5340 1980 3510
4270 5350 1970 3510
4260 5340 1970 3510
4260 5340 1970 3510
4260 5340 1960 3510
4260 5330 1950 3520
4270 5340 1960 3520
4260 5340 1970 3520
4270 5340 1980 3510
4270 5350 1980 3510
4260 5340 2000 3510
4260 5330 2020 3510
4260 5340 2020 3510
4260 5350 2030 3510
4260 5340 2040 3510
4260 5340 2050 3510
4270 5330 2050 3510
4270 5350 2050 3510
4270 5360 2050 3510
4290 5330 2050 3510
4290 5330 2050 3510
4260 5340 2050 3500
4260 5350 2060 3510
4260 5340 2060 3510
4260 5340 2060 3510
4260 5330 2050 3520
4270 5330 2030 3520
4260 5340 2010 3520
4260 5340 1970 3520
4260 5340 1950 3520
4250 5340 1940 3530
4250 5350 1930 3530
4250 5360 1940 3540
4250 5350 1920 3530
4250 5340 1920 3530
4240 5340 1900 3530
4250 5320 1910 3530
4250 5320 1930 3530
4250 5320 1950 3520
4250 5340 1970 3520
4260 5340 1960 3510
4250 5340 1950 3510
4250 5340 1950 3510
4250 5350 1930 3520
4250 5350 1950 3520
4250 5350 1970 3520
4260 5340 2000 3530
4250 5340 2030 3530
4250 5340 2040 3540
4240 5350 2030 3530
4240 5350 2030 3530
4240 5340 2020 3530
4250 5330 2020 3520
4260 5330 2030 3510
4260 5330 2030 3510
4260 5330 1990 3510
4250 5330 1970 3510
4240 5340 1970 3510
4240 5340 1970 3510
4250 5330 1970 3500
4240 5340 1970 3500
4250 5350 1980 3500
4250 5350 1970 3500
4250 5350 1980 3510
4260 5350 1980 3510
4260 5350 1980 3510
4250 5350 1990 3500
4260 5340 1720 3650
4260 5340 1730 3690
4250 5340 1730 3780
4250 5340 1750 3830
4240 5330 1740 3910
4240 5340 1740 3940
4240 5340 1730 3870
4250 5340 1720 3870
4250 5350 1720 4000
4240 5360 1720 4090
4240 5360 1720 3920
4240 5340 1720 3910
4250 5350 1720 3890
4250 5350 1720 3850
4240 5350 1730 3830
4240 5350 1720 3720
4240 5360 1740 3740
4250 5360 1730 3730
4240 5360 1720 3750
4250 5350 1720 3850
4260 5350 1720 3770
4250 5340 1720 3810
4250 5330 1750 3820
4250 5340 1740 3840
4240 5350 1740 4000
4230 5340 1740 4190
4230 5340 1730 4250
4240 5340 1730 4200
4250 5340 1730 4060
4250 5340 1730 4130
4250 5340 1720 4130
4270 5330 1720 4160
4260 5330 1720 4180
4260 5340 1720 4200
4260 5340 1740 4220
4250 5330 1740 4240
4240 5330 1740 4230
4240 5340 1730 4220
4250 5330 1720 4200
4240 5340 1720 4200
4240 5350 1720 4230
4250 5340 1730 4270
4250 5340 1730 4290
4240 5330 1730 4270
4240 5350 1720 4110
4240 5350 1730 4120
4240 5350 1720 4120
4240 5350 1720 4150
4250 5340 1720 4210
4250 5330 1720 4240
4250 5330 1720 4270
4250 5330 1720 4270
4250 5330 1730 4290
4250 5340 1740 4270
4250 5340 1730 4260
4250 5330 1720 4250
4240 5320 1730 4250
4250 5320 1740 4250
4250 5330 1740 4250
4250 5330 1740 4220
4260 5330 1740 4300
4260 5330 1730 4370
4260 5330 1720 4400
4250 5320 1720 4420
4260 5320 1720 4430
4260 5320 1720 4370
4260 5320 1720 4160
4260 5320 1720 4010
4250 5330 1720 3890
4260 5330 1720 4020
4260 5330 1720 4080
4260 5330 1720 4110
4250 5330 1720 4180
4240 5330 1730 4210
4250 5330 1730 4220
4240 5320 1720 4230
4240 5310 1720 3980
4260 5330 1720 3830
4260 5330 1720 3850
4260 5330 1730 3930
4250 5320 1730 4050
4250 5320 1720 4070
4250 5330 1720 3990
4240 5320 1720 4010
4250 5320 1720 3940
4250 5330 1720 3990
4260 5330 1730 4020
4260 5320 1730 3950
4250 5310 1730 4000
4240 5330 1730 3880
4250 5320 1740 4010
4250 5320 1740 4030
4240 5330 1740 4010
4250 5340 1740 4100
4250 5340 1740 4200
4250 5340 1740 4220
4250 5340 1740 4290
4250 5340 1740 4270
4250 5340 1740 4210
4250 5330 1740 4090
4250 5330 1720 4080
