4750 5800 1550 3410
4730 5830 1550 3400
4730 5880 1560 3400
4730 5880 1550 3400
4740 5900 1560 3400
4740 5960 1570 3410
4740 5960 1570 3410
4740 5920 1570 3410
4740 5940 1570 3420
4740 5930 1570 3420
4740 5980 1560 3420
4740 5990 1550 3410
4740 6000 1560 3400
4740 6000 1560 3400
4740 5990 1560 3400
4740 5960 1570 3410
4740 5940 1570 3410
4740 5940 1570 3410
4740 5970 1560 3410
4740 5990 1570 3420
4740 6020 1570 3420
4750 6020 1570 3410
4750 6020 1550 3410
4750 6030 1550 3410
4750 6100 1560 3410
4750 6140 1560 3410
4750 6180 1560 3410
4750 6260 1560 3410
4750 6260 1560 3400
4750 6240 1560 3410
4750 6130 1560 3400
4750 6050 1570 3400
4740 6000 1570 3390
4740 5960 1570 3390
4740 5940 1570 3400
4740 5960 1570 3400
4740 5980 1570 3400
4740 5940 1570 3420
4750 5930 1570 3420
4750 5930 1560 3420
4740 5930 1560 3410
4730 6080 1570 3400
4730 6100 1560 3410
4730 6100 1560 3410
4730 6100 1560 3410
4750 6090 1560 3400
4750 6040 1560 3400
4750 6010 1560 3410
4750 6000 1560 3400
4750 6010 1560 3410
4740 6040 1560 3410
4740 6090 1570 3400
4750 6030 1560 3400
4750 5980 1560 3400
4750 5970 1560 3390
4750 6010 1560 3390
4750 6130 1560 3400
4750 6180 1560 3410
4750 6190 1560 3410
4750 6190 1560 3410
4750 6200 1560 3420
4740 6220 1560 3420
4730 6250 1560 3410
4730 6290 1560 3420
4740 6260 1560 3410
4740 6250 1560 3400
4750 6220 1560 3400
4750 6220 1550 3400
4750 6250 1550 3400
4750 6290 1550 3400
4750 6320 1550 3400
4750 6340 1550 3400
4750 6340 1560 3400
4760 6360 1550 3400
4760 6310 1560 3390
4760 6270 1560 3390
4760 6210 1570 3390
4760 6160 1570 3390
4760 6120 1570 3400
4750 6090 1570 3400
4740 6040 1570 3410
4740 6050 1570 3410
4730 6360 1570 3410
4730 6280 1560 3410
4740 6220 1570 3410
4740 6320 1570 3410
4740 6300 1570 3410
4740 6200 1580 3410
4750 6140 1580 3410
4750 6140 1580 3410
4750 6090 1570 3430
4740 6060 1570 3420
4740 6060 1560 3420
4740 6040 1560 3420
4750 6030 1560 3420
4740 6020 1570 3420
4740 6000 1570 3420
4740 5990 1570 3420
4740 5980 1560 3420
4740 5960 1560 3420
4740 5930 1560 3410
4740 5900 1560 3410
4740 5900 1540 3410
4750 5900 1560 3410
4750 5900 1560 3410
4750 5910 1560 3410
4760 5920 1560 3410
4750 5930 1560 3400
4750 5950 1560 3400
4750 5980 1560 3400
4740 6000 1560 3400
4740 6010 1550 3400
4740 6010 1560 3400
4740 6010 1570 3400
4740 6010 1580 3410
4740 6000 1580 3410
4740 5980 1560 3410
4740 5960 1560 3410
4740 5980 1560 3410
4750 5710 1570 3740
4750 5730 1570 3890
4750 5730 1560 3790
4740 5720 1550 3690
4740 5720 1550 3670
4740 5710 1550 3640
4740 5710 1550 3650
4740 5720 1560 3670
4750 5720 1570 3650
4750 5710 1570 3650
4750 5710 1580 3670
4750 5710 1580 3650
4750 5710 1580 3670
4750 5710 1580 3650
4730 5710 1580 3670
4720 5710 1570 3680
4720 5710 1560 3690
4730 5710 1560 3690
4730 5720 1560 3720
4730 5720 1560 3760
4740 5720 1560 3760
4730 5720 1560 3760
4740 5720 1560 3760
4740 5720 1550 3760
4740 5710 1550 3810
4740 5710 1550 3990
4740 5710 1550 4070
4750 5730 1570 4140
4740 5730 1570 4180
4720 5730 1580 3840
4720 5740 1580 3790
4730 5730 1570 3780
4740 5730 1570 3770
4740 5730 1570 3780
4740 5730 1560 3780
4740 5720 1560 3780
4740 5720 1560 3770
4740 5720 1560 3760
4730 5720 1570 3770
4730 5720 1560 3770
4730 5720 1560 3750
4740 5720 1570 3740
4740 5730 1560 3730
4740 5730 1570 3730
4730 5720 1570 3720
4730 5720 1580 3710
4740 5720 1570 3710
4740 5720 1570 3700
4740 5710 1570 3700
4740 5710 1570 3700
4730 5730 1570 3700
4730 5730 1580 3700
4720 5730 1570 3690
4730 5730 1570 3690
4740 5740 1560 3680
4750 5730 1550 3680
4750 5720 1550 3690
4760 5720 1560 3700
4760 5730 1560 3720
4760 5720 1570 3730
4760 5730 1570 3750
4760 5730 1570 3750
4750 5730 1560 3760
4740 5730 1570 3730
4740 5740 1570 3720
4740 5740 1570 3710
4740 5730 1570 3700
4740 5730 1570 3700
4750 5730 1580 3710
4740 5750 1570 3720
4740 5740 1570 3720
4740 5740 1560 3730
4730 5740 1550 3730
4730 5740 1550 3730
4720 5740 1550 3740
4720 5740 1550 3750
4730 5730 1550 3770
4730 5720 1550 3790
4730 5720 1560 3780
4720 5720 1560 3770
4720 5720 1570 3770
4730 5730 1560 3770
4730 5730 1570 3740
4730 5730 1560 3860
4730 5730 1560 3850
4730 5740 1560 3800
4740 5720 1560 3760
4740 5730 1560 3790
4740 5720 1570 3780
4750 5720 1570 3770
4740 5720 1570 3770
4740 5730 1570 3770
4740 5730 1570 3740
4740 5730 1570 3740
4730 5730 1570 3740
4730 5730 1560 3720
4730 5730 1570 3710
4740 5720 1570 3700
4750 5730 1560 3690
4750 5730 1550 3670
4740 5730 1550 3670
4730 5730 1550 3640
4750 5720 1570 3640
4750 5720 1570 3630
4740 5730 1570 3620
4750 5740 1570 3630
4750 5730 1560 3630
