4910 5810 2030 2870
4920 5790 2020 2870
4920 5830 2020 2870
4920 5790 2020 2880
4910 5770 2020 2880
4910 5770 2020 2870
4920 5790 2020 2870
4920 5790 2020 2880
4890 5770 2020 2880
4880 5790 2020 2880
4890 5770 2020 2870
4910 5790 2020 2870
4920 5830 2020 2870
4920 5790 2030 2870
4920 5810 2030 2870
4920 5770 2030 2870
4910 5770 2020 2860
4910 5840 2020 2860
4880 5800 2020 2860
4870 5780 2020 2860
4860 5820 2020 2870
4870 5830 2020 2870
4870 5850 2020 2870
4860 5810 2020 2870
4860 5820 2030 2870
4860 5840 2030 2870
4860 5800 2030 2870
4860 5840 2030 2870
4850 5820 2030 2870
4860 5790 2020 2870
4860 5780 2030 2870
4870 5790 2030 2870
4890 5810 2030 2880
4890 5850 2030 2880
4910 5840 2030 2880
4910 5780 2040 2880
4920 5770 2020 2880
4920 5830 2020 2880
4920 5770 2010 2880
4890 5830 2020 2880
4880 5820 2030 2880
4880 5790 2030 2880
4880 5800 2030 2870
4890 5780 2020 2870
4890 5810 2020 2860
4890 5790 2010 2860
4890 5810 2010 2860
4890 5770 2010 2860
4880 5770 2010 2870
4910 5810 2030 2870
4920 5830 2030 2870
4890 5810 2030 2870
4880 5780 2030 2870
4880 5780 2020 2870
4890 5800 2020 2880
4890 5790 2010 2880
4890 5840 2010 2880
4880 5780 2010 2880
4910 5800 2010 2880
4890 5840 2020 2880
4910 5820 2030 2880
4910 5820 2020 70
4890 5840 2020 2880
4890 5820 2020 2880
4890 5850 2020 2880
4910 5790 2030 2880
4910 5790 2020 2880
4910 5800 2010 2880
4890 5830 2020 2880
4890 5810 2020 2880
4890 5810 2020 2880
4890 5790 2020 2880
4880 5840 2010 2880
4880 5830 2030 2880
4880 5790 2030 2880
4880 5810 2040 2880
4880 5780 2050 2880
4880 5810 2050 2880
4870 5810 2050 2870
4870 5850 2050 2870
4870 5790 2050 2880
4880 5850 2030 2880
4880 5810 2020 2890
4880 5800 2010 2890
4890 5800 2010 2890
4870 5840 2010 2890
4860 5800 2030 2890
4870 5820 2030 2890
4870 5780 2040 2890
4890 5800 2040 2890
4910 5800 2030 2880
4890 5800 2020 2880
4880 5810 2030 2880
4880 5790 2030 2880
4880 5790 2040 2870
4880 5810 2030 2880
4890 5830 2040 2880
4910 5830 2040 70
4910 5830 2040 2880
4910 5790 2040 2880
4910 5800 2040 2880
4890 5820 2040 2880
4890 5780 2030 2880
4890 5780 2030 2870
4890 5820 2020 2880
4890 5780 2020 2880
4880 5780 2030 2880
4870 5800 2030 2880
4880 5800 2040 2880
4890 5840 2020 2880
4910 5790 2010 2890
4910 5810 2020 2890
4910 5850 2010 2890
4910 5800 2010 2890
4910 5850 2010 2880
4890 5790 2010 2880
4890 5850 2020 2870
4890 5810 2020 2870
4890 5850 2040 2870
4920 5830 2030 2870
4930 5330 2040 3350
4930 5330 2040 3330
4920 5340 2040 3350
4920 5340 2040 3360
4920 5340 2040 3340
4920 5340 2040 3360
4920 5340 2040 3360
4920 5340 2040 3360
4910 5340 2040 3360
4920 5340 2040 3380
4920 5340 2040 3370
4920 5330 2040 3340
4910 5330 2040 3380
4910 5330 2040 3400
4910 5330 2040 3360
4890 5320 2040 3360
4880 5320 2040 3400
4880 5320 2040 3400
4880 5320 2040 3360
4880 5330 2040 3380
4890 5330 2040 3400
4890 5330 2040 3340
4890 5330 2040 3400
4880 5330 2040 3360
4880 5320 2040 3380
4910 5320 2040 3380
4910 5320 2040 3340
4910 5320 2030 3350
4910 5330 2040 3330
4890 5330 2040 3350
4910 5330 2040 3340
4910 5320 2050 3340
4910 5340 2060 3380
4910 5340 2050 3340
4890 5340 2040 3360
4920 5330 2030 3350
4920 5340 2030 3410
4910 5340 2030 3370
4910 5330 2040 3360
4880 5330 2040 3350
4870 5320 2040 3370
4870 5320 2040 3380
4880 5320 2040 3340
4910 5320 2040 3400
4910 5330 2040 3380
4890 5320 2040 3380
4910 5330 2040 3360
4910 5330 2030 3410
4910 5330 2040 3390
4910 5330 2040 3410
4910 5330 2040 3390
4890 5330 2040 3370
4890 5330 2040 3350
4890 5330 2040 3410
4910 5320 2040 3400
4910 5320 2040 3340
4910 5320 2030 3350
4910 5320 2030 3420
4910 5320 2040 3410
4910 5320 2030 3410
4910 5320 2030 3400
4910 5330 2030 3420
4910 5320 2030 3380
4890 5330 2020 3350
4890 5340 2030 3360
4910 5330 2030 3360
4910 5330 2020 3340
4920 5330 2020 3400
4920 5340 2030 3360
4920 5340 2030 3360
4920 5340 2020 3400
4920 5340 2020 3350
4920 5340 2020 3370
4910 5340 2020 3410
4920 5340 2020 3410
4930 5340 2020 3360
4940 5340 2030 3340
4930 5340 2030 3340
4930 5340 2030 3370
4920 5340 2040 3370
4920 5340 2030 3350
4910 5340 2030 3350
4910 5340 2030 3380
4910 5340 2030 3380
4910 5340 2030 3390
4920 5340 2040 3350
4920 5330 2040 3390
4920 5340 2030 3420
4910 5340 2030 3370
4910 5340 2030 3370
4890 5340 2020 3400
4890 5340 2030 3370
4890 5330 2020 3400
4890 5330 2030 3360
4890 5330 2040 3360
4890 5330 2040 3360
4890 5340 2040 3340
4910 5340 2040 3410
4910 5330 2030 3380
4910 5340 2030 3340
4910 5350 2040 3400
4910 5340 2040 3380
4910 5340 2040 3340
4910 5350 2050 3330
4910 5350 2040 3350
4920 5340 2040 3330
4910 5340 2040 3330
4910 5340 2040 3360
4910 5340 2040 3360
4920 5340 2040 3360
4910 5340 2040 3400
4910 5330 2040 3360
