4550 5660 1570 3980
4570 5670 1570 3960
4550 5670 1570 3950
4550 5670 1570 3950
4570 5670 1560 3960
4630 5670 1580 3960
4620 5660 1580 3980
4610 5670 1580 3990
4550 5660 1580 3980
4610 5670 1580 3960
4560 5670 1570 3950
4540 5660 1570 3950
4580 5660 1560 3950
4560 5660 1560 3940
4610 5660 1560 3940
4600 5660 1560 3940
4610 5660 1560 3940
4600 5670 1560 3950
4600 5670 1560 3950
4570 5670 1560 3950
4580 5660 1560 3980
4560 5650 1560 3960
4600 5650 1560 3980
4650 5650 1570 3990
4590 5650 1570 3980
4620 5650 1560 3960
4570 5650 1560 3960
4630 5650 1570 3960
4590 5650 1570 3980
4590 5650 1570 3980
4620 5650 1570 3960
4590 5660 1570 3980
4580 5660 1560 3990
4570 5660 1550 4000
4580 5660 1560 4000
4600 5660 1560 4000
4550 5680 1570 3990
4570 5670 1570 3990
4630 5670 1570 3990
4630 5670 1570 3960
4570 5670 1570 3960
4580 5670 1570 3980
4590 5670 1570 3980
4570 5680 1560 3980
4560 5680 1560 3990
4560 5690 1560 3980
4540 5690 1550 3990
4560 5690 1550 3990
4560 5690 1550 3990
4580 5690 1560 3990
4550 5690 1560 3980
4580 5690 1560 3980
4600 5690 1570 3980
4560 5700 1570 3960
4540 5700 1570 3960
4600 5690 1560 3980
4560 5680 1570 3990
4580 5680 1570 3980
4580 5670 1570 3960
4580 5660 1570 3980
4600 5660 1570 3960
4620 5660 1560 3960
4590 5660 1560 3950
4560 5660 1560 3980
4560 5670 1550 3960
4560 5680 1550 3980
4620 5680 1560 3980
4590 5670 1560 3990
4600 5670 1560 3990
4620 5670 1560 3980
4590 5670 1560 3980
4620 5650 1550 3980
4640 5650 1550 3980
4580 5650 1550 3980
4600 5650 1550 3980
4600 5650 1550 3960
4570 5670 1550 3960
4630 5670 1560 3950
4560 5670 1560 3980
4590 5660 1560 3980
4560 5660 1560 3960
4560 5660 1560 3960
4590 5670 1560 3960
4620 5670 1550 3950
4570 5670 1550 3950
4570 5660 1550 3950
4610 5660 1550 3980
4590 5650 1560 3980
4620 5650 1550 3980
4620 5650 1560 3980
4600 5650 1540 3980
4640 5660 1540 3960
4610 5670 1570 3960
4610 5680 1570 3990
4620 5680 1570 3990
4580 5680 1570 3990
4620 5680 1570 3990
4640 5680 1560 3980
4570 5660 1570 3990
4590 5660 1560 3980
4570 5660 1560 3980
4640 5660 1560 3980
4590 5650 1560 3960
4650 5660 1560 3960
4600 5660 1560 3980
4580 5660 1560 3980
4640 5670 1560 3990
4120 6200 1560 3990
4120 6170 1560 3990
4110 6170 1560 3980
4110 6200 1560 3980
4100 6140 1560 3980
4100 6200 1570 3980
4090 6200 1580 3990
4090 6160 1580 3980
4090 6170 1580 3980
4080 6140 1570 3980
4090 6200 1570 3980
4100 6150 1580 3980
4090 6160 1580 3990
4080 6200 1570 3980
4090 6160 1570 3990
4090 6140 1560 3980
4100 6160 1560 3980
4090 6200 1550 3980
4090 6140 1560 3980
4080 6160 1560 3980
4090 6170 1560 3990
4090 6130 1560 3990
4100 6180 1570 3980
4100 6150 1570 3980
4100 6120 1580 3990
4090 6140 1580 3990
4090 6190 1580 3990
4080 6130 1580 3980
4080 6150 1580 3980
4070 6140 1580 3980
4080 6150 1580 3950
4080 6150 1590 3980
4080 6160 1580 3980
4090 6160 1570 3960
4090 6140 1570 3980
4090 6130 1570 3980
4090 6170 1570 3960
4080 6170 1580 3980
4080 6130 1580 3960
4090 6190 1580 3960
4090 6170 1580 3960
4100 6190 1580 3950
4090 6130 1580 3960
4090 6190 1570 3960
4080 6150 1550 3980
4080 6170 1550 3980
4090 6160 1560 3960
4090 6200 1560 3960
4090 6180 1560 3980
4090 6140 1570 3980
4090 6120 1560 3990
4110 6140 1560 3980
4110 6140 1580 3990
4110 6140 1590 3980
4120 6120 1600 3980
4110 6120 1600 3960
4110 6120 1590 3950
4110 6120 1580 3980
4100 6190 1580 3960
4100 6190 1570 3960
4110 6130 1570 3980
4110 6170 1580 3980
4110 6130 1580 3960
4110 6130 1570 3960
4090 6110 1570 4000
4090 6140 1560 4010
4110 6150 1570 3990
4100 6150 1560 3990
4120 6130 1580 4000
4120 6150 1580 4000
4130 6190 1580 4000
4120 6120 1580 3990
4120 6150 1580 4000
4100 6190 1580 4010
4090 6170 1580 3990
4100 6130 1570 3980
4120 6190 1570 3980
4120 6150 1570 3990
4110 6190 1570 3990
4110 6150 1570 3990
4110 6190 1570 3990
4120 6130 1570 3990
4110 6150 1570 3990
4120 6150 1570 3990
4120 6150 1570 4000
4130 6150 1570 4000
4130 6150 1570 4000
4130 6170 1560 4000
4130 6170 1560 3990
4110 6150 1560 3980
4110 6190 1570 3990
4120 6200 1560 3990
4120 6150 1560 3990
4130 6190 1580 3980
4120 6190 1580 3990
4120 6150 1570 3980
4110 6130 1570 3980
4110 6130 1570 3980
4110 6170 1580 3960
4110 6140 1580 3960
4110 6140 1590 3990
4110 6150 1590 3980
4110 6120 1590 3960
4100 6160 1590 3980
4100 6120 1580 3980
4100 6150 1570 3980
4100 6130 1570 3990
4110 6190 1570 4000
4100 6150 1570 4000
4120 6150 1580 3990
