4440 5430 2210 3010
4440 5420 2220 3010
4440 5480 2210 3010
4440 5420 2210 3020
4440 5420 2210 3010
4440 5410 2210 3010
4450 5410 2210 3000
4440 5410 2200 3010
4440 5480 2200 3010
4440 5440 2200 3020
4440 5460 2210 3020
4440 5420 2220 3020
4440 5410 2220 3020
4440 5430 2210 3010
4440 5470 2200 3020
4450 5460 2200 3020
4440 5420 2200 3020
4440 5480 2210 3020
4450 5470 2200 3030
4450 5470 2200 3020
4440 5480 2200 3020
4440 5470 2210 3020
4440 5430 2210 3020
4450 5420 2200 3020
4450 5480 2200 3020
4450 5470 2210 3010
4450 5470 2220 3020
4440 5450 2210 3020
4440 5480 2210 3030
4440 5420 2220 3030
4440 5470 2210 3030
4440 5430 2200 3030
4440 5490 2200 3030
4450 5470 2210 3020
4450 5490 2200 3030
4440 5470 2200 3030
4440 5460 2200 3030
4450 5480 2220 3010
4450 5420 2210 3020
4450 5470 2210 3020
4450 5450 2220 3020
4460 5460 2210 3020
4450 5410 2210 3020
4460 5410 2220 3030
4450 5450 2230 3030
4450 5410 2220 3030
4450 5430 2210 3030
4450 5470 2210 3030
4450 5410 2220 3050
4440 5430 2220 3050
4450 5430 2210 3030
4440 5420 2200 3030
4440 5480 2200 3030
4450 5490 2200 3010
4440 5490 2220 3000
4440 5420 2210 3010
4440 5440 2210 3010
4440 5440 2200 3010
4450 5440 2200 3020
4440 5420 2210 3020
4440 5480 2210 3020
4430 5480 2210 3020
4430 5440 2200 3010
4440 5410 2200 3010
4440 5450 2230 3010
4440 5430 2230 3010
4440 5410 2210 3010
4440 5430 2210 3010
4440 5430 2220 3010
4440 5420 2210 3000
4450 5410 2220 3000
4440 5470 2210 3000
4440 5430 2200 3000
4440 5410 2200 3010
4450 5450 2200 3020
4450 5410 2200 3020
4450 5430 2210 3020
4450 5430 2220 3020
4440 5470 2210 3020
4450 5430 2220 3020
4450 5450 2210 3020
4450 5410 2210 3020
4450 5410 2210 3020
4440 5420 2200 3020
4440 5420 2200 3020
4440 5440 2200 3030
4440 5480 2200 3020
4440 5420 2200 3020
4450 5420 2200 3020
4450 5460 2200 3010
4440 5420 2200 3020
4450 5430 2210 3020
4450 5400 2220 3010
4450 5450 2210 3020
4450 5450 2210 3020
4450 5460 2210 3020
4450 5470 2210 3020
4450 5460 2210 3010
4450 5500 2210 3020
4450 5500 2210 3020
4440 5500 2200 3020
4440 5470 2200 3010
4440 5450 2200 3020
4450 5440 2200 3010
4460 5480 2210 3020
4450 5430 2190 3030
4450 5470 2200 3060
4460 5430 2200 3060
4460 5490 2200 3050
4450 5450 2210 3050
4450 5440 2200 3030
4450 5490 2200 3020
4450 5430 2200 3020
4450 4970 2200 3490
4450 4980 2210 3490
4440 4970 2220 3540
4440 4970 2220 3480
4440 4980 2220 3480
4440 4990 2210 3490
4440 4990 2210 3490
4440 4980 2190 3530
4440 4970 2190 3470
4430 4970 2190 3470
4440 4960 2190 3460
4440 4960 2190 3520
4440 4950 2210 3460
4440 4950 2210 3530
4440 4950 2220 3470
4450 4950 2230 3520
4450 4950 2230 3500
4450 4950 2230 3540
4450 4960 2230 3480
4450 4960 2210 3510
4450 4960 2210 3510
4450 4950 2200 3510
4450 4950 2210 3530
4450 4940 2210 3550
4450 4940 2200 3530
4450 4950 2200 3550
4450 4960 2200 3510
4450 4960 2200 3530
4440 4960 2200 3490
4440 4970 2200 3490
4440 4970 2210 3510
4440 4970 2210 3550
4440 4960 2220 3510
4450 4970 2220 3550
4450 4970 2230 3550
4450 4970 2220 3530
4450 4970 2220 3510
4450 4970 2220 3490
4450 4970 2200 3510
4450 4970 2200 3550
4450 4970 2200 3530
4450 4970 2210 3550
4440 4970 2220 3490
4440 4960 2220 3510
4440 4950 2210 3520
4450 4950 2230 3510
4450 4950 2220 3550
4450 4950 2220 3550
4450 4950 2210 3510
4450 4950 2200 3490
4450 4960 2200 3510
4450 4960 2200 3490
4440 4960 2210 3510
4430 4960 2210 3490
4430 4960 2210 3520
4430 4960 2210 3540
4430 4960 2210 3530
4430 4960 2210 3510
4440 4960 2210 3570
4460 4960 2220 3510
4460 4950 2230 3540
4460 4950 2220 3570
4450 4950 2210 3510
4450 4940 2210 3480
4450 4940 2210 3510
4450 4950 2210 3550
4440 4950 2210 3500
4440 4950 2210 3540
4440 4950 2210 3510
4450 4950 2200 3490
4440 4950 2210 3470
4440 4950 2210 3490
4450 4950 2220 3480
4450 4950 2220 3540
4450 4950 2210 3520
4450 4940 2200 3510
4450 4940 2200 3510
4450 4930 2200 3530
4450 4930 2200 3550
4450 4930 2210 3510
4450 4920 2220 3510
4450 4930 2220 3510
4450 4940 2220 3510
4450 4940 2220 3490
4450 4940 2210 3550
4450 4950 2220 3530
4460 4950 2220 3540
4450 4950 2210 3560
4450 4950 2210 3570
4450 4950 2220 3510
4450 4940 2220 3490
4450 4940 2230 3490
4450 4940 2220 3510
4440 4940 2220 3490
4440 4940 2230 3480
4440 4940 2220 3490
4450 4940 2220 3520
4450 4950 2210 3500
4450 4950 2200 3480
4450 4950 2210 3480
4450 4940 2210 3550
4450 4940 2200 3530
4450 4940 2200 3490
4450 4950 2200 3490
4450 4950 2200 3530
4450 4950 2200 3490
4440 4950 2200 3530
4440 4950 2200 3530
4450 4950 2200 3550
4450 4950 2210 3490
4460 4960 2210 3500
