4000 4990 2520 3240
4000 5000 2520 3240
3990 5030 2510 3250
3990 5030 2510 3250
3990 5030 2500 3250
3990 5020 2500 3250
3980 5060 2510 3250
3980 5060 2510 3250
3980 5050 2510 3250
3980 5000 2510 3240
3980 5010 2500 3240
3980 5050 2500 3240
3980 5010 2500 3240
3990 5060 2500 3230
3990 5010 2510 3210
4000 5070 2510 3220
4000 5070 2510 3220
4000 5010 2520 3220
3990 5000 2530 3230
3980 5030 2520 3210
3980 5070 2530 3220
3980 5010 2520 3230
3980 5070 2520 3230
3980 5020 2520 3230
3980 5060 2520 3230
3990 5040 2520 3240
3980 5000 2510 3240
3980 5010 2510 3240
3980 5030 2520 3240
3980 5030 2520 3240
3980 5010 2530 3240
3960 5020 2520 3240
3980 5040 2510 3240
3980 5070 2510 3230
3980 5050 2510 3230
3980 5000 2510 3230
3980 5050 2510 3230
3980 5060 2510 3230
3980 5040 2520 3230
3980 5010 2520 3220
3980 5000 2530 3220
3980 5010 2540 3240
3980 5030 2540 3250
3980 5030 2530 3240
3990 5050 2520 3240
3990 5020 2510 3240
3990 5020 2510 3240
3990 5000 2520 3240
3980 5020 2520 3230
3980 5000 2510 3230
3980 5020 2510 3230
3960 5040 2530 3240
3950 5030 2520 3240
3950 5030 2520 3240
3950 5010 2520 3240
3950 5070 2520 3240
3960 5040 2520 3240
3960 5050 2510 3240
3950 5000 2510 3250
3950 5040 2520 3250
3950 5060 2510 3250
3950 5060 2510 3240
3950 5020 2530 3250
3950 5000 2520 3250
3950 5000 2520 3240
3950 5000 2520 3240
3950 5000 2520 3240
3950 5020 2520 3240
3950 5000 2520 3230
3930 5000 2510 3230
3930 5000 2510 3230
3940 5060 2520 3240
3940 5000 2500 3240
3950 5020 2500 3240
3950 5020 2500 3240
3950 5070 2500 3240
3950 5030 2510 3220
3950 5010 2510 3220
3960 5010 2520 3230
3960 5050 2510 3230
3950 5010 2500 3230
3950 5050 2500 3230
3960 5050 2510 3250
3980 5020 2490 3240
3980 5010 2510 3240
3960 4990 2500 3240
3960 5040 2500 3240
3960 5040 2520 3240
3980 5000 2530 3240
3990 5000 2520 3230
4000 5010 2520 3230
3990 5050 2530 3230
4000 5040 2520 3230
3990 5050 2510 3230
4000 5020 2520 3230
4000 5070 2510 3230
3990 5040 2510 3240
4000 5030 2510 3230
4000 5040 2520 3230
3990 5060 2510 3230
3990 5050 2500 3240
4000 5030 2500 3230
3990 5020 2500 3230
3990 5040 2500 3220
3980 5030 2500 3230
3980 5070 2500 3230
3980 5020 2500 3230
3980 5030 2510 3230
3990 5020 2510 3230
3990 5040 2500 3230
3990 5040 2510 3240
3990 5020 2500 3240
3990 5040 2510 3240
3990 5040 2500 3240
3990 5050 2500 3240
3980 5030 2510 3240
3990 5000 2520 3240
3990 5040 2520 3240
4000 5060 2510 3240
4000 5060 2510 3240
4000 5020 2510 3230
3990 5010 2510 3230
3990 5010 2500 3230
3990 4990 2500 3240
3980 5060 2530 3230
3980 5000 2530 3230
3980 5060 2520 3240
3980 5060 2510 3240
3980 5020 2510 3250
3980 5000 2520 3250
3980 5010 2510 3250
3990 5050 2510 3250
4000 5030 2510 3250
3990 5050 2510 3250
3980 5040 2510 3240
3980 5000 2520 3240
3980 5030 2520 3240
3980 5030 2510 3240
3980 5080 2520 3240
3980 5060 2520 3250
3990 5050 2510 3250
3990 5070 2520 3250
4000 5010 2520 3250
3990 5020 2520 3250
3980 5020 2510 3250
3980 5030 2520 3250
3980 5030 2520 3240
3990 4990 2520 3240
3990 5020 2520 3240
3990 5020 2530 3230
3990 5010 2520 3230
3990 5070 2530 3230
3990 5010 2530 3230
4000 5050 2520 3230
3990 5030 2530 3230
3990 5050 2530 3240
3980 5010 2520 3240
3980 5030 2510 3240
3980 5030 2520 3240
3990 5070 2530 3230
3980 5030 2520 3230
3980 5060 2510 3240
3990 4550 2510 3700
3990 4550 2510 3750
3990 4550 2520 3690
3990 4550 2530 3750
3990 4540 2530 3710
3990 4540 2530 3690
3980 4540 2520 3700
3990 4560 2510 3720
4000 4550 2520 3760
3990 4540 2510 3710
3990 4540 2510 3770
4000 4530 2520 3710
3990 4540 2510 3710
3980 4540 2530 3750
3980 4540 2520 3720
3980 4540 2510 3740
3980 4550 2510 3710
3990 4540 2530 3730
3980 4550 2530 3750
3980 4540 2520 3700
3990 4540 2510 3700
3980 4540 2520 3700
3980 4540 2520 3720
3990 4540 2520 3720
3990 4550 2520 3750
4000 4550 2500 3680
4000 4550 2500 3690
4000 4550 2500 3760
4000 4550 2510 3730
4000 4550 2520 3700
3990 4550 2520 3700
4000 4550 2520 3740
3990 4550 2520 3760
3990 4540 2520 3760
3990 4540 2510 3760
3990 4550 2510 3700
3980 4550 2510 3760
3980 4570 2510 3700
3990 4570 2500 3700
3990 4560 2500 3740
4000 4550 2510 3740
4000 4550 2500 3760
3990 4550 2510 3760
3980 4550 2510 3720
3990 4560 2520 3720
3980 4550 2510 3720
3980 4550 2520 3720
3980 4550 2530 3760
3980 4550 2530 3760
3990 4540 2540 3700
3980 4530 2540 3750
3980 4530 2520 3750
3980 4530 2530 3720
3980 4520 2530 3700
3990 4520 2520 3760
3990 4520 2520 3740
3980 4530 2520 3760
3980 4530 2520 3720
3980 4530 2520 3730
3980 4540 2520 3690
3980 4530 2510 3700
3990 4530 2510 3700
3990 4520 2520 3760
3990 4510 2540 3720
3980 4510 2540 3700
3960 4520 2530 3710
3980 4520 2530 3760
3980 4530 2530 3760
3980 4530 2530 3720
3990 4540 2520 3700
3990 4540 2520 3760
4000 4550 2510 3760
4000 4550 2500 3740
4000 4550 2500 3740
4000 4550 2500 3760
3990 4550 2510 3700
3980 4550 2510 3730
3980 4550 2510 3690
3980 4560 2500 3730
3990 4550 2500 3750
3980 4540 2500 3730
3980 4540 2500 3710
3980 4540 2500 3730
3980 4550 2500 3700
3980 4540 2510 3720
3980 4540 2510 3740
3980 4540 2510 3680
3990 4550 2520 3680
3980 4540 2530 3740
3990 4540 2530 3700
3990 4540 2510 3720
3990 4540 2510 3750
3990 4540 2510 3750
3990 4540 2510 3720
3990 4540 2510 3740
3980 4550 2500 3760
3980 4550 2500 3700
3990 4550 2500 3720
3990 4540 2500 3720
3980 4530 2510 3740
3980 4550 2500 3740
3990 4550 2510 3760
3980 4530 2520 3710
3980 4540 2520 3740
3980 4540 2520 3700
3980 4560 2520 3750
3980 4550 2510 3740
3990 4550 2510 3700
3990 4550 2510 3720
4000 4550 2510 3730
3990 4550 2510 3710
3990 4550 2500 3690
3990 4560 2500 3700
3990 4560 2500 3720
3990 4550 2500 3720
3990 4540 2490 3700
3990 4550 2490 3720
3980 4550 2490 3720
3980 4550 2490 3760
3990 4550 2510 3740
3980 4550 2510 3720
3980 4550 2520 3720
3990 4550 2520 3730
3980 4550 2510 3770
3990 4550 2510 3760
4000 4550 2510 3750
4000 4550 2520 3750
3990 4550 2510 3750
3980 4550 2510 3750
3980 4540 2510 3740
3990 4540 2510 3700
3990 4540 2510 3700
3990 4550 2510 3750
3990 4550 2510 3690
3990 4540 2520 3690
3990 4540 2520 3690
3990 4550 2520 3690
3990 4550 2510 3750
3990 4550 2510 3730
3990 4540 2510 3740
3990 4550 2510 3700
3980 4560 2520 3750
3980 4550 2530 3750
3980 4550 2530 3700
3990 4550 2530 3700
3990 4550 2520 3690
3990 4550 2520 3670
3980 4550 2510 3700
3980 4550 2510 3730
3990 4550 2520 3710
3980 4550 2530 3750
3980 4550 2520 3740
3990 4550 2520 3700
4000 4550 2510 3700
3990 4560 2520 3730
3990 4550 2520 3710
3990 4550 2510 3690
3980 4550 2510 3690
3990 4540 2520 3690
3990 4550 2530 3690
3990 4550 2520 3680
3990 4550 2510 3710
3990 4540 2510 3730
3990 4550 2510 3730
