3630 4660 2800 3490
3630 4720 2810 3490
3630 4730 2810 3490
3630 4700 2820 3500
3630 4720 2810 3490
3640 4710 2810 3490
3630 4690 2810 3490
3630 4720 2820 3490
3630 4670 2820 3490
3630 4690 2820 3490
3630 4740 2820 3500
3630 4680 2810 3500
3630 4710 2810 3510
3630 4750 2810 3500
3620 4740 2810 3500
3620 4740 2800 3480
3620 4700 2790 3480
3620 4740 2790 3480
3620 4720 2790 3500
3620 4660 2790 3490
3620 4670 2790 3500
3620 4720 2790 3490
3620 4660 2790 3480
3620 4700 2800 3470
3620 4670 2820 3490
3620 4670 2810 3500
3620 4670 2810 3510
3620 4670 2810 3510
3620 4660 2810 3510
3620 4730 2810 3510
3620 4680 2800 3500
3620 4720 2820 3500
3610 4730 2820 3510
3620 4730 2810 3510
3620 4690 2810 3510
3620 4680 2810 3510
3620 4670 2800 3500
3620 4680 2800 3500
3620 4680 2790 3480
3620 4690 2790 3490
3620 4670 2790 3490
3620 4710 2800 3480
3620 4650 2810 3490
3620 4720 2820 3490
3620 4710 2820 3480
3620 4700 2820 3490
3620 4680 2820 3490
3620 4700 2830 3500
3620 4680 2830 3500
3620 4700 2820 3500
3620 4720 2820 3500
3620 4730 2820 3500
3620 4730 2820 3490
3630 4670 2820 3500
3630 4680 2810 3500
3630 4740 2810 3490
3630 4740 2800 3480
3630 4680 2800 3480
3620 4720 2800 3480
3620 4700 2800 3490
3620 4670 2800 3490
3620 4680 2800 3490
3620 4650 2810 3490
3620 4650 2820 3490
3620 4660 2820 3490
3620 4710 2810 3490
3620 4640 2810 3500
3620 4690 2810 3500
3620 4730 2810 3490
3630 4740 2810 3500
3630 4720 2820 3490
3640 4700 2810 3510
3640 4720 2810 3500
3630 4680 2800 3500
3620 4720 2800 3500
3620 4660 2800 3500
3620 4680 2800 3500
3620 4700 2810 3500
3620 4710 2810 3490
3620 4670 2820 3500
3620 4680 2810 3500
3630 4660 2810 3490
3630 4710 2800 3500
3620 4640 2800 3490
3630 4650 2800 3490
3630 4700 2800 3490
3620 4650 2800 3500
3630 4710 2800 3510
3630 4710 2800 3510
3630 4720 2800 3510
3630 4650 2800 3510
3630 4720 2800 3510
3620 4680 2810 3500
3620 4650 2820 3500
3610 4710 2810 3500
3610 4720 2810 3510
3610 4720 2800 3510
3610 4720 2820 3510
3620 4660 2820 3510
3630 4670 2810 3500
3620 4670 2810 3480
3620 4660 2810 3490
3620 4660 2810 3500
3620 4700 2820 3490
3620 4690 2820 3500
3620 4710 2820 3500
3620 4680 2830 3490
3620 4700 2820 3490
3620 4670 2810 3500
3620 4660 2810 3500
3610 4650 2800 3500
3610 4680 2800 3500
3610 4690 2800 3490
3610 4660 2800 3490
3620 4670 2810 3500
3620 4660 2800 3490
3620 4680 2800 3500
3630 4660 2800 3500
3630 4710 2800 3500
3630 4720 2790 3500
3630 4710 2790 3500
3630 4710 2810 3490
3630 4730 2820 3500
3630 4680 2820 3510
3620 4690 2810 3500
3620 4200 2800 3950
3620 4190 2800 3970
3620 4200 2810 4010
3610 4220 2820 4010
3620 4210 2810 3950
3620 4210 2810 4020
3620 4220 2800 3970
3620 4210 2800 4020
3620 4210 2800 3990
3620 4200 2800 3970
3620 4200 2810 4020
3620 4210 2800 4000
3620 4210 2810 4020
3620 4210 2800 3960
3620 4220 2800 3960
3620 4220 2800 4000
3620 4190 2790 4000
3620 4200 2810 3960
3620 4190 2810 3970
3620 4190 2810 4000
3620 4200 2810 3970
3620 4200 2810 4010
3620 4190 2810 3970
3610 4190 2820 3970
3610 4200 2810 3990
3620 4210 2810 3960
3620 4210 2810 4000
3620 4220 2810 3960
3610 4210 2810 3980
3620 4210 2810 4000
3620 4210 2820 4010
3610 4210 2810 3950
3610 4210 2800 3950
3630 4210 2810 3950
3630 4210 2810 4010
3630 4210 2810 3950
3630 4200 2810 3960
3630 4190 2810 3970
3630 4180 2810 3950
3610 4190 2810 3970
3610 4190 2810 4010
3620 4190 2810 4010
3630 4200 2810 4020
3630 4200 2810 3960
3630 4200 2810 3960
3610 4190 2810 4010
3620 4190 2820 3950
3630 4210 2820 4010
3630 4210 2820 3960
3630 4210 2810 4010
3630 4200 2800 4020
3630 4190 2800 3960
3630 4190 2800 4020
3630 4190 2800 3960
3630 4180 2800 3960
3640 4180 2800 3990
3630 4180 2800 3990
3630 4200 2800 3960
3630 4190 2810 3940
3620 4190 2820 3950
3620 4180 2820 3940
3620 4180 2820 4000
3620 4180 2810 3980
3620 4180 2810 3980
3620 4180 2810 4020
3610 4180 2810 3990
3610 4170 2800 3980
3600 4170 2810 4020
3600 4190 2810 4010
3600 4200 2810 4010
3610 4200 2800 3980
3610 4200 2810 3990
3610 4200 2820 3950
3610 4210 2820 3970
3610 4210 2810 3950
3620 4200 2820 4010
3630 4200 2820 4000
3630 4200 2820 3940
3630 4190 2820 3930
3630 4190 2820 3950
3630 4190 2820 4010
3620 4180 2820 3950
3620 4180 2810 3980
3620 4190 2810 3970
3620 4190 2810 3990
3630 4180 2810 4020
3630 4180 2810 3980
3630 4190 2800 3990
3630 4190 2800 3970
3620 4190 2800 4000
3620 4190 2810 3980
3620 4200 2810 3980
3610 4210 2810 3960
3610 4200 2810 3990
3620 4200 2810 3970
3630 4200 2810 3970
3630 4210 2810 4010
3630 4210 2810 3940
3620 4200 2800 3990
3620 4180 2800 4020
3620 4180 2800 3950
3620 4190 2810 4000
3620 4200 2810 3990
3620 4200 2810 3970
3620 4210 2810 4010
3620 4210 2810 3970
3630 4210 2800 3950
3630 4200 2800 3970
3630 4210 2810 4020
3620 4210 2810 4020
3620 4210 2810 3960
3620 4200 2810 3970
3610 4210 2810 3990
3610 4200 2810 3960
3600 4190 2810 4020
3600 4190 2800 3950
3610 4180 2820 4010
3610 4190 2820 3970
