3570 3850 3180 3860
3500 3850 3180 3860
3440 3860 3180 3850
3380 3850 3180 3850
3360 3850 3180 3850
3360 3860 3180 3850
3390 3860 3180 3850
3440 3860 3180 3860
3370 3860 3190 3850
3360 3860 3190 3840
3320 3870 3190 3850
3310 3860 3180 3850
3290 3860 3180 3850
3360 3860 3190 3840
3380 3860 3190 3840
3330 3860 3190 3850
3270 3860 3200 3850
3270 3850 3200 3840
3290 3850 3190 3840
3320 3850 3190 3860
3320 3850 3190 3860
3330 3850 3190 3870
3330 3860 3180 3850
3310 3860 3170 3860
3290 3860 3170 3850
3280 3860 3180 3850
3300 3870 3180 3850
3310 3870 3180 3850
3330 3880 3190 3860
3290 3870 3190 3860
3280 3870 3190 3860
3360 3870 3190 3860
3390 3870 3200 3860
3400 3860 3200 3860
3390 3850 3180 3860
3380 3850 3180 3860
3590 3850 3180 3840
3490 3860 3170 3840
3380 3860 3190 3840
3520 3860 3180 3840
3680 3860 3180 3850
3680 3870 3190 3840
3590 3870 3190 3840
3540 3870 3190 3850
3500 3870 3200 3840
3490 3870 3190 3850
3440 3880 3190 3850
3360 3870 3180 3850
3340 3870 3190 3840
3330 3870 3180 3840
3360 3870 3180 3860
3360 3880 3180 3870
3360 3870 3170 3860
3320 3870 3160 3860
3280 3870 3160 3840
3230 3870 3170 3850
3270 3860 3180 3850
3270 3850 3180 3850
3260 3850 3190 3850
3490 3850 3200 3850
3400 3850 3200 3840
3460 3840 3200 3840
3390 3850 3210 3840
3340 3850 3200 3850
3360 3860 3200 3850
3390 3860 3200 3860
3400 3860 3200 3860
3440 3860 3200 3860
3470 3850 3200 3860
3430 3860 3190 3860
3410 3860 3180 3850
3410 3860 3190 3850
3410 3860 3200 3850
3330 3860 3170 3860
3300 3860 3180 3860
3360 3860 3170 3860
3450 3860 3170 3850
3480 3870 3180 3850
3480 3870 3190 3850
3460 3870 3190 3850
3420 3850 3190 3850
3450 3850 3200 3850
3470 3850 3200 3840
3450 3850 3190 3850
3390 3850 3190 3850
3370 3860 3190 3840
3290 3860 3190 3840
3380 3860 3190 3850
3390 3860 3190 3850
3370 3860 3200 3850
3330 3860 3190 3850
3250 3860 3190 3850
3340 3860 3190 3840
3310 3870 3190 3830
3300 3860 3200 3830
3310 3860 3200 3820
3330 3860 3200 3820
3360 3860 3190 3820
3360 3860 3200 3820
3360 3860 3190 3840
3340 3860 3190 3840
3310 3850 3180 3850
3300 3850 3180 3850
3290 3850 3180 3850
3270 3850 3180 3850
3230 3860 3180 3850
3220 3870 3190 3860
3220 3870 3190 3850
3230 3860 3190 3850
3320 3860 3180 3850
3440 3860 3170 3850
3480 3850 3170 3850
3610 3850 3170 3850
3510 3860 3180 3840
3440 3850 3180 3860
3470 3850 3180 3840
3410 3850 3180 3850
3360 3860 3180 3870
3370 3870 3200 3860
3400 3870 3200 3850
3410 3870 3190 3850
3410 3860 3190 3860
3420 3860 3190 3860
3410 3850 3190 3860
3420 3860 3190 3860
3420 3870 3190 3860
3440 3870 3190 3860
3410 3870 3190 3860
3380 3870 3190 3860
3330 3860 3190 3860
3310 3850 3190 3860
3340 3850 3180 3850
3340 3850 3180 3850
3330 3850 3190 3850
3340 3850 3190 3850
3340 3850 3180 3860
3330 3850 3170 3850
3330 3850 3170 3850
3360 3850 3180 3860
3360 3850 3180 3850
3340 3850 3180 3850
3340 3860 3190 3850
3330 3860 3190 3850
3320 3860 3180 3850
3310 3870 3190 3850
3310 3870 3190 3860
3360 3870 3190 3850
3390 3870 3190 3850
3410 3870 3190 3850
3420 3870 3190 3850
3420 3870 3200 3850
3420 3870 3200 3850
3420 3870 3200 3850
3430 3870 3190 3850
3430 3870 3190 3860
3420 3870 3190 3860
3400 3860 3190 3860
3370 3860 3190 3870
3340 3860 3190 3870
3330 3870 3190 3870
3330 3870 3190 3870
3320 3870 3190 3870
3300 3860 3190 3860
3120 3980 3190 3850
3120 4010 3190 3850
3120 4010 3200 3850
3110 4010 3200 3850
3110 4010 3190 3850
3110 4100 3190 3860
3120 4110 3190 3870
3110 4180 3190 3860
3110 4170 3180 3850
3110 4150 3180 3850
3120 4130 3190 3850
3110 4120 3200 3840
3100 4120 3190 3840
3110 4110 3190 3840
3110 4120 3180 3850
3110 4110 3180 3860
3110 4110 3180 3850
3100 4120 3180 3840
3100 4150 3170 3850
3110 4070 3170 3850
3110 4200 3170 3850
3110 4380 3180 3860
3110 4510 3180 3860
3110 4600 3180 3860
3120 4660 3190 3860
3120 4720 3180 3860
3120 4760 3180 3860
3120 4790 3180 3860
3110 4700 3180 3860
3120 4580 3180 3860
3120 4500 3190 3870
3120 4440 3190 3870
3120 4390 3190 3870
3110 4340 3200 3860
3110 4310 3210 3860
3100 4290 3190 3850
3100 4320 3200 3840
3110 4420 3200 3840
3110 4360 3200 3860
3120 4330 3190 3860
3120 4320 3180 3850
3120 4340 3180 3860
3120 4360 3170 3850
3120 4360 3160 3860
3120 4380 3170 3860
3130 4460 3170 3860
3120 4370 3170 3850
3120 4260 3190 3850
3120 4190 3200 3860
3110 4120 3200 3850
3100 4080 3200 3840
3100 4110 3190 3840
3100 4150 3190 3840
3100 4130 3180 3840
3100 4140 3190 3850
3100 4140 3180 3850
3110 4160 3200 3860
3110 4160 3180 3860
3110 4240 3170 3860
3110 4260 3170 3860
3120 4230 3170 3860
3120 4220 3170 3870
3120 4170 3170 3880
3110 4080 3170 3860
3110 4050 3180 3860
3110 4190 3180 3850
3120 4180 3170 3850
3120 4190 3180 3850
3120 4120 3180 3850
3110 4070 3170 3850
3110 4040 3180 3850
3120 4010 3180 3860
3110 4000 3180 3860
3110 3990 3200 3860
3110 3960 3200 3860
3120 3930 3190 3860
3120 3920 3190 3860
3120 3920 3190 3860
3110 3920 3190 3860
3110 3930 3190 3860
3110 3950 3190 3860
3100 3940 3200 3860
3100 3930 3190 3860
3110 3920 3200 3850
3100 3940 3200 3860
3100 3950 3200 3860
3090 3990 3190 3870
3090 4020 3180 3860
3100 4010 3190 3860
3110 4000 3200 3850
3110 3990 3220 3840
3090 3960 3210 3850
3100 3950 3200 3850
3100 3940 3210 3860
3100 3950 3220 3850
3110 3950 3200 3860
3110 3950 3220 3860
3110 3950 3200 3860
3110 3950 3200 3860
3110 3920 3200 3860
3110 3910 3190 3870
3110 3900 3210 3860
3110 3910 3220 3860
3110 3900 3190 3860
3100 3890 3180 3860
3100 3880 3190 3860
3100 3870 3190 3860
3100 3860 3170 3860
3100 3870 3180 3860
3090 3870 3180 3860
3100 3860 3190 3870
3110 3870 3210 3860
3110 3870 3210 3860
3110 3870 3220 3850
3100 3870 3180 3850
3110 3890 3190 3850
3120 3890 3180 3850
3110 3900 3180 3850
3110 3960 3190 3840
3110 3960 3190 3850
3110 3960 3190 3850
3110 3960 3200 3850
3110 3950 3190 3850
3110 3950 3210 3850
3110 3950 3190 3850
3110 3950 3200 3850
3110 3950 3190 3850
3110 3950 3210 3850
3110 3960 3210 3860
3120 3990 3200 3860
3120 4010 3200 3850
3110 4030 3210 3850
3120 4020 3220 3850
3120 4000 3230 3860
3120 3980 3210 3860
3110 3960 3210 3850
3120 3950 3200 3850
3110 3950 3190 3860
3110 3960 3190 3860
3110 3960 3190 3860
3110 3960 3190 3840
3090 3990 3180 3850
3090 4010 3180 3860
3110 4020 3180 3860
3100 4040 3200 3850
3110 4030 3190 3850
3110 4010 3190 3840
3110 3990 3190 3850
3100 3960 3180 3850
3100 3960 3200 3850
3100 3980 3180 3850
3110 3990 3180 3840
3110 3960 3200 3840
