2890 3550 3590 4230
2900 3570 3590 4230
2900 3570 3590 4230
2880 3550 3590 4220
2850 3570 3590 4170
2850 3570 3590 4160
2860 3570 3580 4160
2870 3580 3580 4170
2840 3590 3590 4170
2850 3590 3590 4180
2870 3590 3590 4190
2870 3590 3590 4180
2900 3580 3590 4170
2880 3580 3590 4190
2860 3550 3590 4190
2880 3540 3590 4200
2940 3570 3580 4190
2940 3570 3580 4200
2960 3570 3580 4190
2960 3560 3580 4200
2920 3570 3580 4190
2930 3580 3580 4190
2930 3580 3580 4180
2930 3560 3580 4190
2960 3570 3580 4210
2940 3570 3580 4200
2930 3590 3580 4210
2930 3570 3580 4220
2940 3570 3580 4220
3100 3570 3580 4220
3220 3570 3580 4220
3130 3560 3580 4220
3320 3580 3580 4220
3180 3580 3580 4230
3250 3580 3580 4210
3130 3580 3590 4210
3280 3580 3590 4230
3390 3570 3590 4220
3470 3560 3590 4230
3460 3560 3580 4240
3400 3560 3580 4230
3330 3570 3580 4230
3250 3560 3590 4220
3190 3550 3590 4220
3130 3550 3590 4210
3140 3550 3590 4220
3080 3550 3590 4200
3060 3580 3590 4210
3020 3580 3590 4210
3230 3570 3590 4230
3140 3560 3590 4210
3000 3560 3580 4210
2940 3560 3580 4200
2940 3580 3580 4200
2940 3560 3580 4200
2950 3550 3580 4220
2940 3560 3580 4220
2940 3560 3590 4210
2940 3570 3590 4220
2950 3570 3590 4220
2970 3570 3590 4230
2970 3540 3590 4220
2970 3540 3590 4220
2960 3550 3590 4220
2950 3570 3590 4220
2950 3550 3580 4220
2950 3560 3590 4230
2950 3560 3580 4240
2910 3550 3580 4250
2910 3550 3570 4250
2910 3550 3570 4240
2910 3550 3570 4230
2920 3540 3580 4230
2940 3530 3580 4210
2960 3530 3580 4220
2970 3540 3580 4220
2980 3550 3580 4210
2980 3560 3590 4220
2990 3570 3590 4220
2990 3570 3580 4230
2980 3570 3580 4220
2960 3580 3580 4230
2970 3580 3560 4220
2960 3590 3570 4230
2970 3570 3570 4230
2980 3570 3570 4220
2980 3570 3570 4230
2980 3570 3570 4220
2960 3570 3580 4220
2950 3570 3580 4200
2950 3560 3570 4190
2940 3560 3580 4200
2920 3560 3580 4210
2890 3560 3590 4200
2880 3560 3580 4200
2870 3590 3580 4190
2870 3580 3580 4190
2870 3580 3580 4180
2870 3570 3570 4190
2870 3560 3570 4190
2870 3570 3570 4210
2870 3560 3570 4210
2880 3570 3570 4220
2880 3580 3580 4230
2880 3570 3580 4230
2880 3580 3580 4220
2880 3580 3580 4210
2880 3570 3580 4200
2710 3570 3580 4500
2710 3590 3580 4520
2710 3580 3580 4520
2710 3580 3580 4530
2710 3570 3580 4550
2710 3570 3580 4630
2710 3580 3580 4480
2710 3570 3580 4440
2710 3570 3580 4420
2710 3580 3580 4410
2710 3580 3580 4400
2720 3580 3570 4370
2720 3580 3570 4350
2710 3560 3570 4350
2720 3570 3570 4330
2720 3570 3570 4370
2720 3570 3570 4430
2720 3570 3570 4480
2720 3570 3570 4520
2720 3570 3570 4560
2720 3570 3570 4530
2710 3570 3570 4480
2710 3570 3570 4440
2720 3580 3570 4400
2720 3570 3570 4360
2720 3580 3570 4340
2720 3580 3570 4370
2720 3580 3570 4410
2720 3580 3570 4580
2720 3580 3570 4660
2720 3580 3570 4640
2720 3580 3570 4570
2720 3580 3570 4530
2740 3580 3570 4530
2740 3590 3570 4560
2740 3580 3570 4600
2740 3580 3570 4600
2720 3580 3570 4600
2720 3570 3570 4690
2710 3570 3570 4790
2710 3570 3580 4920
2710 3570 3580 4980
2710 3570 3580 5030
2720 3570 3580 4930
2740 3560 3580 4980
2720 3560 3580 4910
2710 3560 3580 4730
2710 3570 3580 4630
2720 3570 3580 4620
2720 3570 3580 4610
2710 3560 3580 4650
2710 3570 3580 4570
2710 3560 3580 4510
2710 3550 3580 4450
2710 3550 3580 4440
2700 3550 3580 4400
2710 3560 3580 4380
2700 3580 3580 4330
2710 3580 3580 4320
2710 3570 3580 4320
2710 3560 3580 4370
2720 3560 3580 4420
2710 3580 3580 4490
2710 3580 3580 4530
2700 3580 3580 4550
2700 3580 3580 4550
2710 3580 3580 4530
2700 3580 3580 4530
2710 3580 3580 4530
2710 3570 3580 4530
2700 3550 3580 4530
2700 3550 3580 4550
2710 3550 3580 4530
2710 3570 3580 4520
2710 3570 3580 4530
2710 3570 3580 4520
2720 3570 3580 4550
2720 3570 3580 4660
2720 3570 3580 4630
2720 3570 3580 4640
2710 3570 3580 4540
2710 3570 3580 4500
2710 3570 3580 4480
2710 3570 3580 4460
2710 3570 3580 4470
2710 3580 3580 4440
2710 3580 3580 4410
2710 3570 3580 4380
2710 3580 3580 4340
2710 3580 3580 4340
2700 3580 3580 4340
2710 3570 3580 4340
2710 3560 3580 4360
2700 3570 3580 4410
2700 3580 3580 4460
2720 3560 3580 4480
2710 3560 3580 4480
2710 3580 3570 4450
2710 3570 3570 4440
2700 3570 3570 4440
2710 3570 3580 4440
2710 3580 3580 4390
2710 3570 3580 4370
2720 3570 3580 4360
2710 3570 3580 4390
2710 3570 3580 4410
2710 3580 3580 4430
2710 3580 3580 4460
2710 3590 3580 4450
2720 3590 3580 4430
2720 3580 3580 4440
2720 3580 3580 4420
2720 3570 3580 4400
2720 3560 3580 4380
2720 3560 3570 4370
2710 3580 3570 4370
2700 3580 3570 4380
2710 3580 3570 4430
2710 3580 3580 4410
2710 3560 3580 4400
2710 3560 3580 4390
2710 3570 3580 4400
2710 3570 3580 4390
2710 3560 3580 4440
2710 3550 3580 4460
2710 3570 3580 4470
2720 3580 3580 4480
2720 3580 3580 4480
2720 3570 3580 4470
2720 3580 3580 4470
2720 3580 3580 4480
2720 3590 3580 4490
2720 3590 3580 4500
2720 3580 3580 4490
2740 3580 3580 4490
2710 3570 3580 4470
2710 3580 3580 4460
2700 3580 3580 4460
