2430 3480 4020 4570
2430 3460 4020 4580
2440 3450 4020 4570
2440 3450 4020 4570
2430 3440 4020 4560
2430 3470 4030 4570
2440 3450 4030 4570
2440 3470 4030 4560
2440 3480 4030 4560
2450 3470 4020 4560
2450 3510 4020 4560
2450 3530 4020 4550
2450 3490 4020 4560
2450 3480 4020 4560
2440 3440 4020 4550
2440 3450 4020 4550
2450 3460 4020 4550
2440 3490 4020 4550
2450 3510 4020 4550
2450 3530 4020 4550
2450 3540 4020 4550
2440 3540 4030 4550
2440 3540 4030 4560
2450 3530 4020 4560
2450 3500 4020 4550
2470 3480 4020 4550
2460 3450 4020 4550
2440 3450 4020 4560
2450 3460 4030 4560
2440 3480 4030 4560
2450 3490 4030 4560
2450 3490 4030 4560
2440 3500 4030 4560
2440 3510 4030 4550
2440 3510 4030 4550
2450 3480 4020 4550
2450 3500 4020 4560
2450 3520 4020 4560
2450 3520 4020 4560
2460 3530 4020 4570
2450 3540 4020 4560
2450 3540 4020 4560
2450 3560 4020 4560
2440 3560 4020 4560
2440 3550 4020 4550
2440 3550 4020 4550
2450 3550 4020 4550
2450 3550 4020 4550
2450 3540 4020 4550
2450 3540 4020 4550
2440 3540 4020 4550
2430 3540 4020 4550
2420 3540 4020 4570
2420 3540 4020 4560
2440 3570 4020 4560
2440 3590 4020 4570
2440 3590 4020 4570
2440 3600 4020 4570
2440 3600 4030 4570
2440 3600 4030 4570
2440 3600 4020 4580
2450 3590 4020 4570
2450 3580 4020 4570
2450 3570 4020 4560
2450 3570 4020 4560
2450 3570 4030 4570
2450 3580 4030 4570
2440 3580 4030 4570
2440 3580 4030 4560
2440 3600 4030 4560
2430 3600 4030 4560
2430 3600 4030 4560
2430 3600 4030 4560
2430 3600 4020 4560
2430 3600 4020 4560
2440 3600 4020 4560
2440 3590 4010 4560
2440 3590 4010 4560
2450 3580 4010 4560
2440 3580 4010 4550
2440 3580 4020 4550
2440 3580 4020 4550
2440 3580 4030 4550
2440 3580 4030 4550
2440 3580 4020 4550
2430 3600 4020 4550
2440 3610 4020 4550
2450 3630 4030 4550
2440 3610 4030 4560
2440 3600 4030 4560
2430 3600 4030 4560
2440 3610 4030 4550
2440 3620 4020 4550
2440 3630 4020 4550
2440 3630 4020 4550
2440 3630 4030 4550
2440 3630 4020 4550
2440 3630 4030 4550
2450 3630 4030 4550
2440 3630 4030 4550
2440 3630 4030 4550
2440 3630 4020 4550
2440 3630 4020 4560
2450 3610 4020 4560
2460 3570 4020 4560
2460 3560 4010 4560
2460 3550 4010 4560
2460 3580 4020 4560
2450 3600 4020 4560
2450 3610 4020 4560
2450 3630 4020 4550
2450 3590 4020 4560
2440 3570 4020 4560
2440 3540 4030 4560
2440 3510 4030 4560
2440 3530 4030 4550
2440 3550 4020 4560
2430 3550 4020 4560
2430 3550 4020 4550
2450 3540 4020 4550
2450 3520 4010 4550
2450 3530 4010 4550
2450 3550 4020 4550
2440 3550 4020 4550
2440 3530 4020 4560
2430 3580 4030 4550
2430 3760 4030 4560
2450 3790 4030 4550
2450 3810 4030 4550
2430 3800 4030 4550
2440 3680 4030 4560
2440 3610 4030 4570
2430 3570 4020 4560
2430 3570 4020 4560
2440 3600 4020 4550
2450 3620 4020 4560
2450 3620 4020 4560
2440 3630 4020 4560
2440 3630 4020 4560
2450 3610 4020 4570
2450 3600 4020 4570
2450 3600 4020 4570
2450 3600 4010 4570
2450 3600 4010 4560
2440 3590 4010 4560
2440 3590 4010 4570
2420 3580 4010 4560
2430 3580 4020 4560
2440 3580 4020 4560
2430 3580 4020 4560
2440 3590 4010 4560
2440 3590 4020 4560
2430 3590 4020 4560
2430 3580 4020 4560
2440 3580 4010 4550
2440 3580 4010 4550
2430 3580 4010 4550
2440 3580 4030 4570
2430 3590 4030 4560
2440 3590 4030 4570
2450 3590 4030 4560
2460 3590 4020 4550
2460 3590 4020 4550
2450 3590 4020 4550
2460 3590 4020 4560
2450 3580 4020 4560
2450 3580 4010 4560
2450 3580 4020 4560
2450 3580 4020 4560
2450 3570 4020 4560
2440 3570 4020 4560
2440 3560 4020 4560
2440 3560 4020 4560
2440 3550 4020 4560
2440 3560 4020 4560
2440 3570 4020 4560
2440 3570 4020 4560
2450 3600 4020 4550
2460 3610 4020 4550
2470 3610 4020 4550
2480 3610 4030 4560
2460 3600 4030 4550
2450 3600 4020 4550
2450 3600 4020 4550
2450 3590 4020 4550
2440 3590 4020 4560
2430 3580 4020 4560
2430 3580 4020 4560
2440 3580 4020 4550
2460 3580 4020 4550
2460 3570 4020 4550
2460 3570 4020 4550
2450 3570 4020 4550
2450 3570 4020 4550
2450 3570 4020 4560
2420 3570 4020 4560
2420 3570 4020 4560
2400 3560 4020 4560
2400 3550 4010 4560
2400 3510 4000 4560
2420 3510 4010 4570
2420 3510 4010 4570
2430 3520 4010 4570
2440 3520 4010 4560
2440 3530 4010 4560
2430 3520 4010 4560
2420 3520 4010 4560
2430 3510 4010 4560
2440 3520 4010 4550
2430 3510 4020 4550
2440 3490 4020 4550
2440 3470 4020 4550
2450 3450 4020 4550
2450 3450 4020 4550
2440 3440 4020 4550
2430 3440 4020 4550
2420 3450 4020 4560
2430 3460 4020 4560
2420 3470 4020 4560
2430 3490 4020 4550
2440 3500 4020 4550
2440 3490 4030 4550
2430 3490 4030 4550
2430 3480 4020 4560
2450 3480 4020 4560
2450 3480 4020 4570
2450 3480 4020 4570
2440 3480 4020 4570
2450 3470 4020 4570
2450 3440 4020 4570
2440 3430 4030 4570
2440 3430 4030 4560
2440 3440 4030 4560
2440 3450 4030 4560
2430 3460 4020 4560
2440 3470 4020 4560
2450 3470 4020 4550
2440 3470 4020 4550
2440 3470 4010 4550
2460 3310 4310 4570
2460 3310 4310 4570
2460 3310 4310 4570
2460 3310 4290 4570
2450 3300 4260 4570
2440 3300 4240 4570
2440 3310 4250 4570
2440 3310 4240 4570
2440 3310 4230 4570
2440 3320 4190 4570
2440 3310 4200 4570
2450 3310 4200 4550
2440 3310 4190 4540
2440 3310 4200 4540
2440 3320 4240 4540
2440 3310 4240 4550
2440 3310 4200 4550
2440 3310 4190 4560
2440 3310 4180 4560
2430 3310 4200 4550
2450 3320 4210 4550
2450 3320 4230 4550
2450 3320 4190 4560
2450 3320 4180 4560
2440 3310 4410 4550
2440 3310 4410 4550
2440 3320 4390 4550
2440 3320 4360 4550
2440 3320 4310 4550
2440 3310 4260 4560
2440 3310 4480 4560
2440 3310 4430 4560
2440 3310 4390 4550
2450 3310 4360 4550
2450 3310 4320 4550
2460 3310 4290 4550
2450 3310 4260 4560
2450 3320 4260 4560
2450 3320 4290 4560
2450 3310 4310 4560
2460 3300 4320 4550
2470 3320 4320 4560
2460 3320 4390 4560
2460 3320 4360 4570
2450 3320 4430 4560
2440 3310 4370 4560
2430 3300 4320 4560
2440 3300 4310 4560
2440 3300 4380 4560
2440 3310 4420 4560
2440 3320 4440 4560
2440 3320 4410 4570
2430 3330 4390 4570
2420 3320 4370 4570
2430 3320 4370 4560
2420 3330 4360 4550
2420 3320 4320 4550
2420 3320 4270 4550
2420 3320 4230 4550
2420 3320 4230 4550
2440 3320 4210 4550
2440 3310 4190 4550
2440 3310 4200 4550
2440 3300 4210 4550
2440 3300 4210 4560
2440 3310 4200 4550
2440 3310 4200 4550
2440 3310 4260 4550
2430 3310 4430 4550
2430 3310 4570 4550
2430 3310 4670 4560
2440 3310 4650 4550
2450 3300 4490 4560
2450 3310 4510 4560
2460 3320 4390 4550
2450 3310 4450 4550
2460 3310 4450 4550
2470 3310 4420 4550
2450 3310 4330 4550
2450 3310 4270 4550
2450 3310 4290 4550
2440 3310 4300 4550
2440 3320 4540 4560
2440 3320 4550 4560
2440 3320 4520 4560
2440 3320 4440 4550
2440 3320 4420 4550
2440 3320 4420 4550
2440 3310 4430 4550
2440 3310 4430 4560
2440 3330 4390 4560
2440 3330 4640 4550
2440 3310 4840 4560
2440 3320 4910 4560
2450 3320 4960 4560
2440 3320 4990 4550
2450 3320 5020 4550
2450 3320 5060 4550
2450 3320 5070 4550
2460 3320 5080 4550
2460 3330 4790 4550
2450 3320 4600 4560
2450 3320 4480 4560
2450 3320 4400 4560
2460 3310 4380 4560
2460 3320 4360 4560
2460 3320 4350 4560
2450 3320 4370 4560
2450 3320 4380 4560
2450 3320 4380 4560
2440 3320 4380 4560
2440 3310 4380 4550
2440 3320 4350 4550
2450 3320 4300 4550
2450 3310 4290 4550
2460 3310 4270 4550
2460 3310 4260 4550
2460 3310 4260 4550
2450 3320 4260 4550
2450 3320 4270 4550
2450 3310 4290 4550
2450 3310 4270 4550
2450 3320 4260 4550
2450 3320 4240 4560
2450 3320 4230 4550
2450 3320 4220 4550
2450 3310 4220 4550
2450 3310 4220 4550
2450 3310 4210 4550
2440 3310 4190 4560
2440 3310 4230 4560
2440 3310 4200 4560
2460 3310 4230 4560
2440 3320 4250 4560
2440 3330 4260 4560
2430 3330 4260 4560
2430 3330 4250 4560
2430 3320 4230 4550
2430 3330 4230 4550
2430 3330 4230 4550
2430 3320 4230 4550
2420 3330 4230 4550
2420 3320 4230 4550
2430 3320 4230 4550
2430 3310 4230 4550
2440 3320 4230 4550
2440 3310 4230 4550
2440 3300 4230 4550
2430 3300 4220 4550
2430 3300 4220 4550
2440 3290 4210 4550
2440 3300 4210 4550
2440 3300 4220 4550
2440 3300 4230 4550
2440 3310 4230 4550
2450 3310 4230 4560
2450 3310 4230 4550
2450 3310 4230 4550
2450 3320 4220 4560
2440 3320 4230 4560
2450 3330 4230 4560
2450 3330 4230 4550
2450 3330 4230 4550
2450 3330 4230 4550
2450 3320 4230 4560
2440 3320 4220 4550
2440 3310 4220 4550
2430 3310 4220 4560
2420 3310 4230 4560
2440 3310 4230 4550
2440 3310 4240 4550
2440 3310 4240 4560
2440 3310 4240 4550
2440 3310 4240 4550
2450 3300 4230 4560
2460 3310 4230 4560
2460 3320 4230 4560
2460 3330 4240 4560
2460 3330 4240 4550
2460 3320 4240 4550
2460 3310 4240 4550
2460 3310 4240 4550
