2590 3140 4460 4960
2600 3130 4460 4960
2600 3150 4460 4960
2590 3130 4460 4960
2640 3150 4450 4950
2610 3130 4450 4950
2650 3120 4450 4950
2610 3120 4450 4950
2640 3140 4450 4940
2640 3140 4450 4950
2670 3140 4460 4960
2650 3150 4450 4960
2670 3130 4460 4960
2610 3140 4460 4960
2610 3140 4460 4950
2620 3140 4450 4950
2630 3130 4470 4950
2600 3140 4470 4950
2670 3140 4480 4940
2680 3130 4480 4940
2690 3130 4480 4940
2620 3140 4470 4940
2660 3140 4460 4940
2630 3130 4460 4940
2620 3120 4460 4940
2640 3130 4460 4940
2640 3140 4460 4940
2640 3140 4460 4950
2630 3140 4470 4950
2630 3140 4470 4950
2650 3140 4460 4960
2650 3140 4460 4960
2690 3140 4460 4950
2630 3140 4460 4950
2620 3140 4460 4950
2660 3130 4460 4950
2690 3130 4470 4950
2650 3140 4470 4940
2620 3140 4470 4940
2620 3140 4470 4930
2630 3140 4470 4930
2620 3140 4470 4940
2590 3140 4470 4930
2600 3140 4460 4930
2630 3130 4470 4940
2680 3130 4480 4930
2680 3130 4470 4940
2680 3130 4470 4940
2660 3130 4470 4940
2690 3140 4470 4930
2620 3150 4450 4930
2690 3150 4450 4940
2670 3140 4450 4950
2630 3140 4450 4940
2610 3140 4450 4940
2670 3130 4450 4950
2640 3130 4450 4960
2630 3130 4450 4960
2680 3120 4450 4960
2630 3130 4450 4960
2640 3140 4450 4960
2660 3130 4450 4960
2680 3130 4450 4950
2620 3140 4450 4960
2640 3140 4450 4960
2630 3140 4450 4960
2650 3140 4450 4950
2660 3150 4450 4940
2640 3150 4460 4940
2640 3150 4460 4950
2630 3150 4460 4960
2620 3140 4470 4960
2660 3140 4460 4950
2620 3140 4460 4950
2630 3150 4450 4950
2620 3160 4450 4940
2690 3140 4450 4940
2680 3140 4450 4940
2670 3140 4450 4940
2640 3150 4450 4940
2620 3150 4450 4940
2660 3140 4450 4940
2630 3120 4460 4940
2620 3130 4450 4940
2630 3130 4470 4950
2680 3140 4470 4950
2650 3150 4470 4950
2620 3160 4470 4950
2650 3140 4470 4940
2680 3140 4460 4940
2690 3140 4460 4940
2620 3130 4460 4940
2620 3130 4460 4940
2640 3140 4470 4940
2620 3150 4470 4940
2620 3160 4460 4940
2670 3160 4460 4940
2660 3150 4460 4940
2680 3150 4450 4940
2620 3140 4460 4940
2700 3140 4460 4940
2640 3140 4470 4940
2700 3150 4480 4950
2690 3130 4470 4950
2630 3130 4460 4940
2660 3120 4460 4930
2650 3110 4460 4930
2620 3120 4460 4940
2610 3110 4460 4940
2600 3120 4470 4940
2630 3110 4460 4940
2620 3120 4450 4950
2680 3130 4450 4940
2650 3140 4450 4940
2690 3150 4460 4940
2640 3150 4460 4940
2640 3160 4460 4950
2640 3170 4460 4950
2680 3140 4470 4960
2660 3140 4470 4960
2620 3140 4460 4960
2680 3120 4460 4960
2620 3110 4460 4960
2660 3110 4460 4960
2680 3120 4460 4950
2630 3120 4450 4950
2610 3120 4450 4950
2630 3120 4450 4950
2670 3120 4460 4950
2630 3120 4450 4950
2660 3120 4450 4950
2650 3130 4450 4950
2630 3130 4450 4950
2660 3140 4450 4950
2700 3130 4450 4950
2660 3110 4450 4950
2680 3110 4450 4950
2660 3130 4450 4950
2700 3130 4460 4950
2660 3130 4460 4950
2680 3120 4450 4950
2680 3120 4450 4950
2640 3130 4450 4950
2620 3140 4450 4950
2620 3140 4450 4950
2620 3140 4470 4950
2650 3130 4470 4950
2620 3120 4470 4950
2680 3120 4470 4950
2680 3140 4460 4950
2660 3140 4460 4950
2650 3130 4470 4950
2620 3120 4470 4950
2640 3120 4470 4950
2680 3120 4460 4950
2660 3130 4470 4940
2160 3120 4470 5430
2160 3140 4460 5430
2150 3140 4460 5440
2150 3140 4460 5460
2160 3150 4460 5400
2160 3140 4460 5440
2170 3150 4470 5420
2160 3150 4470 5470
2150 3130 4470 5450
2160 3130 4470 5430
2160 3150 4480 5470
2160 3130 4480 5410
2170 3150 4480 5470
2160 3140 4480 5420
2160 3150 4480 5460
2160 3150 4480 5430
2160 3140 4480 5450
2170 3140 4480 5400
2170 3140 4480 5440
2160 3150 4490 5460
2170 3140 4490 5450
2180 3150 4490 5470
2170 3150 4480 5420
2170 3140 4490 5400
2160 3150 4480 5430
2160 3140 4470 5420
2160 3150 4480 5410
2150 3150 4480 5430
2150 3150 4490 5410
2150 3150 4490 5450
2150 3150 4490 5410
2160 3150 4490 5410
2170 3160 4480 5400
2170 3160 4480 5420
2170 3160 4480 5460
2170 3160 4490 5460
2170 3150 4480 5420
2170 3140 4480 5470
2170 3150 4480 5450
2170 3150 4480 5430
2160 3150 4480 5440
2160 3150 4480 5420
2170 3150 4490 5420
2170 3150 4490 5400
2160 3160 4470 5400
2170 3140 4470 5420
2170 3140 4470 5460
2170 3140 4480 5420
2170 3140 4480 5420
2170 3130 4480 5450
2170 3140 4480 5410
2160 3150 4470 5450
2160 3150 4470 5440
2170 3160 4470 5400
2170 3160 4460 5440
2170 3150 4470 5480
2160 3140 4460 5430
2170 3140 4460 5470
2170 3140 4470 5470
2170 3150 4470 5430
2180 3150 4470 5470
2190 3150 4470 5450
2190 3150 4470 5410
2180 3150 4460 5410
2180 3150 4460 5440
2180 3140 4450 5420
2180 3130 4450 5440
2180 3140 4450 5450
2180 3140 4450 5430
2180 3150 4450 5430
2180 3150 4450 5400
2180 3150 4460 5430
2180 3140 4460 5440
2170 3130 4460 5480
2170 3140 4460 5440
2180 3130 4460 5420
2180 3140 4450 5440
2180 3150 4450 5430
2180 3160 4460 5420
2180 3160 4460 5420
2180 3150 4470 5440
2180 3140 4460 5460
2180 3140 4450 5440
2180 3120 4450 5460
2180 3140 4450 5470
2150 3150 4460 5440
2160 3160 4460 5460
2170 3160 4460 5420
2160 3160 4460 5420
2160 3150 4470 5480
2160 3160 4470 5480
2170 3150 4470 5440
2180 3150 4470 5420
2170 3140 4470 5430
2180 3140 4470 5430
2170 3150 4470 5450
2170 3140 4470 5430
2160 3130 4470 5450
2170 3130 4470 5430
2170 3140 4470 5410
2170 3150 4470 5430
2160 3150 4470 5460
2160 3150 4470 5420
2170 3150 4470 5420
2170 3150 4470 5480
2170 3140 4470 5440
2160 3130 4470 5420
2150 3110 4470 5410
2160 3130 4480 5460
2160 3130 4480 5420
2160 3110 4480 5430
2160 3110 4480 5460
2170 3120 4470 5460
2160 3140 4470 5460
2170 3140 4470 5460
2160 3140 4470 5440
2160 3130 4470 5420
2170 3130 4470 5470
2160 3130 4470 5480
2150 3140 4460 5460
2160 3140 4460 5470
2160 3140 4460 5440
2160 3130 4460 5420
2160 3130 4460 5440
2160 3130 4460 5420
2160 3130 4460 5430
2150 3130 4450 5450
2160 3140 4460 5410
2170 3130 4470 5460
2160 3130 4460 5410
2160 3130 4470 5470
2150 3150 4470 5440
2150 3150 4480 5470
2140 3140 4480 5450
2160 3140 4480 5440
2160 3150 4480 5440
2150 3150 4480 5420
2160 3150 4480 5480
2160 3160 4480 5420
2160 3140 4480 5440
2150 3140 4480 5410
2170 3130 4480 5450
2180 3130 4470 5440
2160 3140 4480 5470
2180 3140 4480 5410
2170 3130 4480 5430
2170 3130 4480 5410
2170 3120 4480 5410
2180 3130 4470 5420
2180 3130 4460 5440
2180 3120 4460 5490
2180 3120 4460 5450
2180 3120 4460 5490
2180 3120 4460 5430
2170 3140 4460 5490
2160 3130 4450 5420
2170 3140 4460 5480
