1970 3140 4970 5400
1970 3100 4970 5400
1980 3150 4970 5400
1970 3120 4970 5400
1970 3120 4970 5390
1970 3160 4980 5390
1970 3160 4970 5390
1970 3140 4960 5390
1980 3130 4970 5390
1980 3160 4960 5390
1970 3160 4970 5390
1970 3180 4980 5390
1970 3180 4980 5390
1980 3290 4970 5390
1970 3210 4960 5400
1960 3190 4960 5400
1960 3200 4950 5390
1960 3260 4970 5390
1960 3270 4970 5390
1960 3270 4970 5390
1960 3300 4970 5390
1950 3310 4960 5390
1950 3340 4960 5390
1950 3290 4960 5390
1960 3260 4960 5390
1960 3230 4970 5400
1950 3220 4980 5400
1960 3190 4980 5400
1960 3140 4980 5400
1970 3120 4980 5400
1970 3110 4970 5400
1960 3110 4960 5400
1960 3130 4970 5400
1960 3280 4960 5400
1950 3310 4960 5400
1950 3340 4970 5400
1960 3340 4980 5400
1960 3330 4970 5400
1960 3320 4960 5400
1970 3290 4960 5400
1970 3270 4960 5400
1970 3260 4970 5400
1980 3240 4970 5400
1970 3230 4970 5400
1970 3220 4980 5400
1970 3210 4980 5400
1970 3180 4970 5400
1970 3170 4970 5400
1970 3170 4960 5400
1960 3160 4960 5400
1960 3170 4960 5400
1950 3180 4950 5390
1950 3190 4940 5390
1960 3230 4970 5390
1950 3240 4960 5390
1950 3220 4960 5390
1960 3190 4950 5390
1970 3140 4950 5390
1970 3140 4960 5390
1970 3140 4950 5390
1980 3120 4960 5390
1990 3100 4950 5390
1980 3160 4960 5390
1970 3120 4960 5390
1970 3100 4960 5390
1970 3070 4960 5390
1960 3320 4960 5390
1960 3390 4970 5390
1960 3540 4970 5390
1960 3630 4970 5390
1970 3700 4960 5390
1970 3520 4950 5390
1960 3390 4950 5390
1950 3280 4950 5390
1960 3140 4980 5400
1960 3110 4980 5400
1960 3090 4970 5400
1960 3060 4960 5390
1960 3030 4970 5390
1970 3020 4970 5390
1970 3000 4970 5390
1970 3230 4970 5390
1970 3280 4980 5390
1970 3200 4980 5400
1970 3160 4980 5390
1970 3130 4970 5390
1970 3110 4980 5390
1970 3100 4980 5400
1970 3110 4970 5400
1970 3110 4970 5410
1970 3110 4960 5410
1990 3090 4970 5400
1980 3060 4970 5400
1980 3030 4960 5400
1970 3110 4960 5390
1970 3300 4970 5380
1970 3370 4970 5370
1970 3270 4980 5370
1960 3210 4970 5360
1960 3240 4980 5360
1970 3440 4970 5360
1970 3370 4960 5360
1970 3330 4960 5350
1970 3310 4970 5360
1970 3380 4970 5360
1990 3540 4960 5360
1980 3390 4970 5360
1980 3460 4980 5370
1970 3420 4980 5380
1960 3310 4990 5380
1970 3450 4990 5380
1960 3580 4990 5380
1950 3630 4990 5380
1960 3680 4980 5380
1960 3610 4980 5390
1960 3440 4980 5390
1960 3310 4990 5390
1960 3220 4980 5390
1970 3310 4960 5390
1970 3220 4950 5390
1980 3230 4950 5390
1980 3230 4960 5390
1980 3250 4960 5390
1970 3270 4960 5390
1970 3250 4960 5390
1970 3240 4960 5390
1970 3210 4960 5390
1980 3310 4960 5390
1970 3410 4960 5390
1980 2980 4970 5650
1970 2990 4960 5690
1960 3000 4960 5730
1970 3000 4970 5760
1980 3000 4970 5770
1970 3000 4960 5790
1960 3000 4950 5660
1960 3000 4960 5590
1970 3000 4950 5720
1980 3000 4960 5820
1970 2990 4950 5910
1970 2990 4970 5930
1970 3000 4960 5860
1960 3000 4960 5990
1960 3000 4960 6070
1970 2990 4970 6080
1970 2980 4970 5900
1970 2990 4980 5960
1970 2990 4980 5850
1980 2990 4980 5990
1970 2990 4960 6060
1980 2980 4960 6010
1970 2990 4960 5950
1980 2990 4960 5960
1990 2990 4960 6030
1990 2990 4950 6040
1970 2990 4950 6050
1970 2990 4960 6100
1970 2990 4960 6070
1970 2990 4970 6020
1970 3000 4970 6020
1970 2990 4980 6020
1980 2980 4970 6180
1980 2980 4970 6200
1990 2990 4970 6220
1990 2990 4970 6250
1990 3000 4980 6250
1990 3000 4980 6260
1990 3000 4980 6280
1990 3000 4970 6290
1980 3000 4980 6310
1980 3000 4970 6310
1990 2990 4970 6320
1980 2990 4970 6320
1970 2990 4980 6330
1970 2990 4970 6210
1980 2990 4960 6210
1970 2990 4960 6220
1970 2990 4960 6250
1980 3000 4960 6250
1980 2990 4960 6280
1980 2990 4960 6390
1980 2990 4960 6410
1970 2980 4970 6470
1970 2980 4970 6540
1970 2980 4980 6560
1970 2980 4970 6580
1970 2980 4970 6640
1970 2980 4970 6440
1970 2980 4980 6310
1980 2990 4970 6190
1980 2990 4970 6140
1980 2990 4970 6100
1980 2980 4970 6090
1970 2980 4980 6120
1970 2990 4980 6060
1960 2990 4990 5950
1960 3000 4970 6010
1960 2990 4960 6070
1970 2990 4970 6100
1970 3000 4970 6100
1970 3010 4960 6110
1980 3010 4970 6140
1970 2990 4970 6060
1970 2990 4960 5980
1970 2990 4960 5950
1970 2990 4960 5930
1970 2990 4970 5930
1970 2990 4970 5920
1970 2990 4970 5910
1970 2990 4970 5900
1970 2990 4960 5900
1970 2990 4970 6040
1970 2990 4960 5990
1960 2990 4960 5960
1960 2990 4960 5960
1960 2990 4950 5960
1970 2980 4950 5960
1970 2990 4950 5970
1970 2990 4960 6000
1970 2990 4950 6030
1970 2990 4950 6030
1970 2990 4950 6020
1970 2980 4960 6010
1970 2980 4970 6000
1980 2980 4970 6010
1970 2980 4970 6020
1970 2980 4980 6020
1970 2980 4990 6040
1970 2990 4990 6030
1970 2990 4990 6050
1970 2990 4980 6070
1970 2990 4970 6090
1970 2990 4970 6090
1960 2990 4960 6120
1970 2980 4960 6130
1970 2980 4970 6160
1960 2980 4970 6160
1960 2980 4970 6160
1960 2990 4970 6170
1960 2990 4970 6180
1960 2990 4970 6170
