2660 2520 5210 5120
2700 2520 5210 5130
2720 2520 5200 5120
2710 2520 5200 5120
2740 2530 5210 5120
2750 2530 5200 5120
2760 2530 5200 5120
3980 2530 5210 5110
4630 2530 5210 5120
4160 2530 5210 5120
3890 2520 5210 5110
3690 2520 5200 5110
3540 2510 5210 5110
3360 2520 5210 5110
3260 2530 5210 5100
3210 2530 5210 5100
3180 2530 5210 5110
3050 2530 5230 5110
3010 2530 5230 5110
3010 2540 5230 5120
2990 2530 5230 5120
3000 2530 5230 5110
3060 2540 5230 5110
3020 2540 5230 5120
3100 2540 5210 5130
2940 2550 5210 5120
2850 2540 5210 5110
3000 2540 5200 5120
3030 2550 5200 5130
3210 2550 5200 5130
3190 2540 5200 5120
3000 2530 5200 5120
3060 2520 5200 5130
2910 2530 5200 5120
2820 2540 5200 5130
2740 2550 5200 5120
2690 2540 5190 5120
2640 2540 5190 5120
2630 2540 5200 5120
2630 2530 5200 5110
2630 2530 5200 5120
2630 2530 5200 5130
2610 2520 5200 5130
2580 2540 5200 5120
2590 2540 5200 5120
2590 2540 5200 5110
2580 2540 5200 5120
2580 2540 5200 5130
2600 2550 5200 5120
2630 2540 5200 5120
2640 2540 5200 5120
2630 2540 5200 5130
2620 2540 5200 5130
2610 2540 5200 5130
2580 2540 5200 5120
2580 2550 5200 5120
2560 2550 5200 5120
2560 2550 5200 5110
2550 2530 5210 5110
2550 2530 5200 5110
2550 2520 5210 5110
2550 2530 5210 5120
2560 2530 5200 5120
2570 2520 5200 5120
2580 2530 5200 5120
2630 2530 5200 5120
2610 2520 5200 5130
2620 2520 5200 5120
2590 2530 5210 5120
2560 2540 5200 5120
2500 2540 5190 5110
2490 2530 5190 5100
2480 2530 5200 5120
2480 2550 5200 5120
2510 2560 5200 5110
2550 2560 5200 5110
2600 2560 5200 5110
2610 2560 5210 5120
2600 2550 5210 5120
2610 2530 5230 5120
2630 2540 5210 5120
2570 2530 5210 5120
2520 2530 5210 5110
2600 2530 5210 5120
2650 2530 5210 5110
2690 2540 5200 5110
2470 2740 5210 5130
2460 2740 5200 5120
2460 2720 5200 5130
2460 2710 5200 5130
2460 2710 5200 5140
2460 2710 5200 5140
2470 2700 5190 5130
2470 2670 5190 5130
2470 2680 5200 5120
2470 2680 5200 5120
2470 2680 5200 5120
2470 2680 5200 5120
2470 2690 5200 5130
2470 2690 5200 5130
2470 2790 5200 5130
2470 2840 5200 5130
2470 2910 5200 5130
2470 2900 5200 5140
2470 2870 5200 5140
2470 2850 5200 5150
2480 2790 5200 5140
2470 2790 5200 5140
2470 2780 5200 5140
2470 2760 5210 5140
2470 2760 5210 5140
2470 2770 5210 5140
2480 2780 5210 5130
2480 2780 5210 5130
2480 2780 5210 5130
2470 2780 5200 5120
2470 2800 5200 5120
2460 2800 5190 5120
2460 2790 5190 5120
2460 2780 5200 5120
2470 2780 5200 5130
2470 2770 5200 5130
2470 2760 5200 5130
2470 2770 5200 5120
2470 2780 5190 5130
2470 2770 5190 5130
2470 2780 5190 5130
2470 2790 5190 5120
2470 2800 5190 5120
2470 2810 5190 5110
2470 2810 5190 5110
2470 2800 5200 5120
2480 2800 5200 5130
2480 2800 5200 5130
2470 2810 5200 5120
2470 2810 5190 5110
2470 2780 5200 5120
2470 2750 5200 5130
2470 2740 5200 5130
2470 2720 5210 5130
2470 2740 5210 5130
2480 2740 5210 5130
2480 2720 5200 5130
2480 2710 5190 5140
2470 2700 5190 5140
2480 2680 5190 5130
2470 2690 5190 5130
2470 2690 5190 5120
2470 2690 5180 5120
2480 2680 5190 5120
2480 2670 5200 5130
2470 2680 5200 5130
2480 2690 5200 5140
2480 2690 5200 5140
2480 2690 5200 5140
2470 2690 5200 5140
2480 2690 5200 5140
2470 2690 5200 5130
2470 2690 5200 5140
2470 2690 5200 5130
2470 2690 5200 5130
2470 2690 5200 5130
2480 2700 5200 5120
2470 2710 5200 5110
2470 2710 5200 5110
2470 2710 5200 5110
2470 2710 5200 5120
2460 2710 5200 5120
2460 2720 5200 5120
2460 2720 5190 5120
2460 2740 5190 5110
2460 2720 5200 5120
2460 2710 5200 5120
2460 2710 5200 5120
