2590 3180 4680 4680
2600 3110 4680 4690
2600 3130 4670 4690
2590 3170 4670 4690
2590 3130 4670 4690
2600 3130 4670 4690
2600 3190 4670 4690
2590 3130 4670 4690
2590 3130 4670 4690
2590 3170 4680 4690
2590 3200 4680 4690
2580 3190 4680 4690
2590 3180 4670 4690
2590 3150 4670 4690
2590 3150 4680 4690
2610 3150 4690 4690
2600 3130 4690 4690
2600 3170 4690 4690
2590 3150 4690 4680
2590 3190 4690 4690
2590 3150 4690 4690
2600 3150 4690 4690
2590 3210 4690 4700
2590 3150 4690 4690
2590 3170 4680 4690
2590 3220 4680 4700
2580 3150 4680 4710
2590 3200 4680 4700
2590 3140 4670 4690
2590 3160 4670 4690
2600 3190 4680 4690
2610 3190 4680 4690
2610 3140 4680 4690
2600 3190 4680 4690
2600 3190 4680 4690
2590 3160 4680 4680
2590 3160 4680 4690
2600 3130 4690 4690
2590 3140 4680 4680
2600 3130 4680 4680
2600 3140 4680 4680
2600 3140 4680 4690
2600 3120 4680 4700
2580 3140 4680 4700
2590 3130 4680 4690
2580 3170 4680 4690
2590 3150 4690 4690
2590 3190 4690 4690
2590 3200 4690 4690
2590 3130 4680 4690
2600 3130 4680 4690
2590 3130 4680 4690
2590 3190 4680 4680
2600 3180 4680 4680
2590 3160 4690 4690
2590 3140 4690 4680
2590 3140 4690 4680
2590 3170 4690 4680
2580 3170 4690 4680
2580 3130 4680 4680
2600 3160 4680 4690
2590 3140 4680 4690
2600 3190 4680 4700
2600 3150 4680 4700
2600 3140 4680 4700
2600 3130 4680 4700
2600 3180 4680 4700
2590 3110 4680 4700
2600 3150 4680 4700
2600 3150 4680 4700
2600 3130 4690 4700
2600 3160 4690 4700
2610 3130 4690 4700
2600 3160 4690 4700
2590 3200 4690 4690
2590 3180 4680 4690
2580 3200 4680 4690
2600 3180 4680 4700
2600 3140 4680 4690
2600 3200 4690 4680
2590 3150 4690 4690
2580 3150 4690 4700
2590 3180 4690 4700
2590 3120 4690 4700
2580 3160 4680 4700
2600 3130 4680 4690
2590 3190 4680 4690
2590 3200 4670 4680
2600 3180 4670 4690
2600 3160 4670 4700
2600 3150 4670 4700
2600 3180 4670 4700
2600 3180 4670 4700
2600 3190 4670 4700
2600 3160 4660 4690
2600 3130 4660 4690
2590 3190 4670 4690
2590 3130 4670 4680
2590 3130 4670 4690
2580 3190 4660 4680
2580 3160 4670 4680
2590 3150 4670 4680
2590 3150 4670 4670
2580 3150 4680 4680
2580 3190 4670 4690
2580 3140 4670 4680
2580 3170 4670 4680
2580 3200 4670 4680
2600 3210 4670 4690
2590 3180 4660 4690
2590 3150 4660 4690
2590 3210 4670 4700
2600 3210 4670 4690
2590 3170 4670 4690
2590 3170 4680 4690
2580 3140 4680 4690
2580 3170 4690 4690
2580 3170 4680 4690
2580 3190 4690 4690
2580 3150 4690 4690
2580 3160 4690 4690
2580 3150 4690 4690
2580 3150 4680 4680
2590 2690 4680 5160
2590 2680 4680 5190
2590 2680 4680 5190
2590 2670 4680 5150
2590 2670 4680 5140
2580 2680 4680 5130
2590 2680 4680 5180
2580 2670 4670 5150
2600 2670 4660 5150
2590 2660 4660 5150
2590 2660 4670 5150
2590 2670 4680 5190
2590 2660 4680 5180
2590 2660 4670 5180
2610 2660 4670 5180
2610 2660 4670 5160
2620 2660 4670 5220
2620 2660 4670 5160
2600 2670 4680 5170
2590 2670 4680 5210
2600 2680 4680 5170
2590 2680 4680 5160
2600 2680 4680 5200
2590 2690 4680 5210
2580 2680 4680 5150
2580 2670 4680 5210
2590 2680 4680 5210
2590 2670 4680 5210
2590 2670 4670 5150
2600 2670 4670 5150
2600 2670 4670 5150
2600 2680 4670 5220
2600 2680 4670 5160
2590 2680 4670 5200
2580 2670 4670 5220
2590 2670 4670 5200
2600 2670 4680 5160
2610 2670 4680 5210
2610 2670 4680 5190
2610 2680 4680 5160
2610 2670 4680 5140
2600 2680 4690 5160
2590 2680 4690 5220
2600 2680 4690 5200
2590 2670 4680 5160
2590 2660 4680 5180
2590 2670 4680 5170
2590 2670 4680 5230
2590 2680 4670 5190
2590 2690 4670 5190
2610 2700 4670 5220
2610 2690 4680 5220
2600 2690 4690 5160
2610 2690 4690 5150
2600 2680 4680 5150
2590 2680 4680 5150
2600 2680 4690 5210
2600 2680 4690 5170
2590 2670 4680 5210
2600 2670 4690 5210
2610 2690 4690 5150
2600 2690 4680 5160
2610 2690 4680 5200
2620 2680 4680 5140
2620 2690 4670 5160
2600 2690 4680 5200
2600 2670 4680 5180
2600 2670 4680 5140
2600 2670 4680 5200
2600 2660 4680 5190
2590 2660 4680 5150
2600 2660 4680 5200
2600 2650 4680 5140
2600 2650 4680 5150
2600 2670 4680 5190
2610 2680 4680 5210
2610 2690 4680 5210
2610 2690 4690 5190
2610 2680 4680 5190
2590 2680 4680 5180
2590 2690 4680 5200
2580 2700 4680 5160
2580 2700 4680 5150
2580 2710 4690 5170
2580 2700 4690 5170
2580 2690 4690 5170
2580 2690 4690 5170
2580 2680 4690 5160
2580 2680 4690 5180
2600 2700 4680 5190
2600 2710 4680 5130
2610 2700 4680 5160
2610 2700 4680 5220
2600 2700 4680 5170
2610 2710 4670 5170
2600 2710 4670 5210
2590 2700 4670 5180
2610 2680 4670 5180
2600 2680 4680 5220
2600 2690 4680 5170
2610 2680 4680 5230
2610 2680 4680 5170
2610 2680 4690 5160
2620 2670 4690 5150
2620 2660 4690 5150
2610 2650 4690 5160
2600 2650 4690 5170
2590 2650 4680 5190
2590 2660 4680 5180
2590 2660 4680 5160
2590 2650 4680 5160
2580 2660 4680 5220
2580 2650 4680 5210
2600 2660 4680 5150
2600 2680 4680 5180
2590 2680 4680 5220
