4090 5320 1870 4120
4080 5320 1870 4120
4080 5320 1880 4130
4140 5320 1870 4130
4140 5320 1870 4140
4100 5320 1870 4140
4130 5320 1870 4130
4070 5320 1870 4120
4140 5330 1870 4140
4110 5330 1870 4140
4120 5320 1870 4150
4080 5330 1870 4130
4120 5340 1860 4140
4100 5340 1860 4150
4110 5350 1860 4150
4130 5350 1860 4150
4140 5350 1860 4150
4090 5340 1870 4140
4120 5330 1880 4140
4060 5330 1890 4150
4100 5330 1880 4150
4090 5330 1880 4150
4070 5330 1880 4140
4070 5330 1870 4140
4110 5330 1870 4140
4060 5320 1890 4130
4080 5330 1880 4140
4120 5330 1880 4150
4090 5330 1880 4150
4100 5330 1870 4150
4130 5340 1860 4150
4150 5330 1860 4140
4090 5330 1870 4140
4090 5320 1870 4150
4070 5320 1880 4150
4070 5330 1890 4150
4070 5340 1900 4160
4070 5340 1900 4170
4110 5330 1890 4170
4130 5330 1900 4170
4070 5320 1890 4160
4070 5320 1890 4150
4110 5320 1880 4150
4130 5330 1880 4140
4090 5340 1880 4140
4110 5350 1880 4140
4100 5350 1880 4130
4080 5340 1870 4130
4060 5340 1870 4150
4070 5320 1880 4140
4120 5330 1890 4150
4090 5330 1890 4160
4110 5340 1890 4160
4070 5330 1890 4160
4090 5320 1890 4170
4090 5320 1890 4170
4120 5330 1900 4160
4060 5330 1890 4150
4070 5340 1890 4150
4130 5360 1890 4140
4120 5360 1880 4130
4070 5360 1880 4140
4110 5340 1880 4140
4120 5340 1880 4150
4140 5340 1880 4140
4100 5350 1880 4140
4140 5360 1870 4130
4100 5350 1870 4140
4100 5340 1860 4130
4110 5350 1880 4140
4090 5340 1890 4130
4090 5330 1890 4140
4070 5330 1890 4140
4070 5330 1890 4130
4110 5340 1880 4130
4070 5330 1880 4130
4130 5330 1900 4140
4090 5330 1890 4140
4090 5340 1890 4140
4070 5340 1890 4130
4070 5350 1890 4130
4080 5340 1890 4130
4110 5340 1880 4130
4120 5340 1890 4140
4120 5360 1890 4140
4080 5350 1890 4130
4120 5340 1890 4130
4120 5340 1890 4140
4120 5340 1890 4140
4070 5330 1890 4140
4070 5320 1890 4140
4070 5320 1890 4140
4080 5320 1890 4150
4090 5320 1900 4140
4090 5320 1890 4140
4090 5350 1890 4130
4130 5340 1890 4140
4090 5330 1890 4140
4090 5330 1890 4140
4090 5320 1880 4150
4090 5320 1880 4140
4090 5320 1870 4140
4110 5330 1890 4140
4120 5330 1890 4130
4120 5330 1890 4150
4140 5330 1890 4150
4100 5320 1890 4150
4160 5340 1890 4140
4110 5330 1890 4130
4110 5330 1890 4130
4140 5330 1890 4140
4080 5340 1890 4140
4140 5340 1890 4130
3630 5810 1890 4140
3630 5860 1890 4140
3610 5800 1890 4130
3610 5830 1890 4130
3610 5860 1880 4140
3600 5860 1880 4140
3600 5790 1870 4150
3600 5860 1880 4130
3600 5870 1890 4140
3600 5820 1890 4150
3600 5860 1880 4150
3600 5890 1880 4140
3600 5840 1870 4150
3610 5820 1890 4150
3600 5790 1880 4140
3590 5840 1870 4140
3590 5810 1870 4150
3590 5820 1880 4140
3590 5830 1880 4130
3600 5870 1880 4130
3600 5870 1890 4130
3600 5800 1890 4130
3600 5800 1890 4130
3600 5800 1880 4130
3610 5790 1880 4130
3610 5830 1890 4140
3610 5780 1900 4140
3610 5800 1900 4130
3600 5830 1890 4130
3600 5820 1890 4130
3610 5820 1890 4140
3610 5810 1890 4140
3610 5800 1890 4130
3610 5850 1890 4130
3610 5790 1890 4140
3610 5850 1880 4130
3610 5780 1890 4130
3610 5790 1890 4130
3610 5860 1880 4130
3610 5790 1880 4130
3600 5790 1890 4140
3590 5790 1890 4140
3590 5840 1890 4130
3610 5810 1890 4130
3610 5860 1890 4130
3600 5840 1890 4130
3600 5800 1890 4140
3600 5810 1900 4140
3590 5810 1890 4130
3590 5780 1890 4130
3590 5800 1880 4130
3600 5780 1870 4130
3610 5780 1870 4140
3630 5800 1880 4140
3630 5850 1870 4140
3630 5780 1870 4140
3630 5800 1880 4150
3620 5810 1880 4160
3630 5800 1890 4160
3630 5780 1880 4150
3630 5840 1880 4150
3630 5800 1880 4160
3620 5800 1880 4160
3610 5810 1880 4160
3610 5830 1880 4160
3610 5800 1880 4150
3620 5790 1870 4150
3620 5790 1870 4150
3620 5840 1880 4150
3620 5800 1870 4160
3620 5800 1870 4160
3620 5810 1870 4160
3600 5810 1870 4160
3610 5820 1870 4160
3610 5850 1880 4160
3600 5800 1880 4160
3610 5780 1890 4160
3610 5800 1890 4160
3620 5800 1890 4140
3620 5830 1890 4150
3620 5820 1890 4150
3620 5780 1890 4140
3620 5830 1890 4140
3620 5800 1880 4140
3620 5780 1880 4140
3620 5840 1870 4130
3610 5820 1870 4130
3610 5840 1870 4140
3610 5820 1870 4140
3600 5830 1880 4130
3590 5810 1880 4130
3600 5830 1870 4130
3610 5860 1880 4120
3610 5840 1880 4130
3610 5810 1880 4130
3610 5850 1890 4140
3610 5790 1890 4140
3610 5800 1890 4130
3610 5800 1890 4130
3600 5800 1890 4140
3600 5820 1890 4140
3600 5780 1890 4130
3600 5840 1890 4130
3600 5840 1890 4130
3600 5840 1890 4140
3600 5790 1900 4140
3600 5800 1890 4140
3600 5780 1890 4140
3590 5810 1890 4160
3590 5800 1890 4150
3600 5800 1890 4140
3600 5860 1890 4150
3600 5850 1890 4140
3610 5820 1890 4130
3610 5820 1900 4130
3610 5870 1900 4140
3610 5840 1890 4130
