3230 2870 4290 4330
3220 2860 4290 4330
3270 2860 4270 4330
3200 2860 4270 4330
3240 2860 4270 4330
3200 2860 4290 4330
3220 2850 4300 4330
3240 2850 4290 4330
3200 2840 4290 4330
3200 2850 4290 4330
3230 2850 4270 4340
3210 2850 4290 4340
3270 2840 4290 4340
3270 2840 4290 4340
3230 2830 4290 4340
3250 2830 4290 4340
3260 2840 4290 4340
3230 2840 4290 4340
3250 2860 4290 4340
3250 2860 4290 4330
3250 2860 4290 4330
3270 2850 4300 4340
3210 2850 4290 4340
3270 2840 4290 4340
3210 2850 4290 4340
3230 2860 4290 4330
3220 2850 4290 4340
3250 2850 4290 4340
3230 2860 4290 4340
3220 2850 4310 4330
3260 2850 4300 4340
3210 2850 4290 4340
3270 2850 4300 4340
3230 2860 4290 4340
3210 2860 4290 4340
3210 2850 4300 4340
3210 2850 4300 4340
3210 2840 4290 4320
3270 2850 4270 4330
3230 2860 4270 4320
3280 2840 4290 4320
3230 2840 4290 4320
3250 2850 4290 4330
3240 2870 4290 4330
3260 2860 4270 4330
3220 2860 4270 4330
3260 2860 4270 4320
3200 2860 4270 4320
3240 2840 4290 4320
3200 2850 4290 4320
3220 2850 4290 4320
3230 2860 4300 4320
3230 2850 4290 4320
3210 2860 4290 4330
3230 2860 4290 4330
3230 2850 4270 4330
3270 2840 4270 4330
3250 2840 4270 4330
3230 2840 4270 4330
3260 2850 4290 4320
3260 2850 4290 4330
3260 2850 4300 4330
3250 2860 4310 4330
3270 2860 4310 4330
3270 2860 4300 4330
3220 2860 4300 4330
3270 2850 4310 4330
3220 2850 4310 4320
3230 2860 4310 4330
3270 2860 4310 4330
3270 2860 4300 4330
3270 2860 4300 4330
3270 2860 4300 4340
3230 2850 4290 4340
3270 2850 4290 4340
3250 2850 4290 4340
3210 2850 4300 4340
3250 2860 4290 4340
3230 2850 4290 4340
3210 2850 4290 4340
3250 2850 4290 4340
3250 2860 4290 4340
3210 2850 4290 4340
3210 2850 4290 4340
3280 2850 4290 4340
3240 2850 4290 4340
3280 2860 4290 4340
3240 2870 4300 4340
3260 2860 4300 4340
3260 2860 4290 4330
3220 2850 4290 4340
3220 2850 4290 4340
3240 2850 4290 4340
3240 2850 4290 4340
3230 2850 4300 4340
3250 2850 4300 4340
3250 2860 4270 4340
3230 2850 4270 4340
3270 2840 4290 4340
3230 2850 4290 4350
3230 2850 4290 4340
3210 2840 4290 4340
3210 2840 4300 4340
2740 2850 4290 4820
2740 2850 4270 4820
2740 2850 4300 4800
2750 2860 4310 4840
2750 2860 4310 4840
2750 2850 4310 4860
2750 2860 4300 4840
2750 2850 4310 4820
2750 2850 4310 4830
2750 2850 4310 4810
2760 2860 4310 4850
2760 2850 4300 4810
2750 2850 4290 4810
2750 2850 4300 4800
2750 2850 4300 4800
2750 2860 4290 4860
2750 2860 4290 4820
2750 2850 4300 4800
2750 2850 4300 4860
2750 2830 4300 4800
2750 2830 4290 4820
2750 2830 4290 4820
2750 2830 4290 4870
2750 2840 4300 4840
2750 2840 4290 4840
2750 2830 4270 4870
2750 2840 4270 4800
2760 2850 4300 4800
2750 2870 4290 4820
2750 2860 4290 4820
2750 2860 4290 4860
2750 2850 4290 4800
2750 2850 4300 4860
2750 2860 4300 4820
2750 2860 4290 4830
2750 2860 4290 4810
2750 2870 4290 4860
2760 2850 4290 4860
2750 2840 4290 4840
2740 2860 4290 4790
2720 2850 4290 4790
2720 2840 4270 4790
2720 2850 4270 4790
2720 2850 4270 4830
2720 2850 4270 4850
2720 2860 4290 4790
2720 2860 4290 4810
2720 2850 4290 4830
2720 2850 4270 4810
2740 2850 4270 4850
2740 2850 4270 4850
2740 2850 4290 4850
2740 2840 4290 4810
2740 2850 4290 4810
2740 2840 4290 4790
2740 2850 4290 4810
2750 2850 4290 4840
2750 2840 4290 4800
2750 2840 4290 4810
2750 2840 4290 4870
2750 2840 4290 4820
2750 2850 4290 4840
2750 2850 4290 4870
2750 2850 4300 4810
2750 2840 4290 4810
2750 2840 4290 4850
2750 2840 4290 4800
2750 2840 4290 4820
2750 2840 4270 4820
2750 2850 4290 4860
2750 2850 4290 4820
2750 2840 4290 4800
2750 2840 4290 4840
2740 2840 4300 4870
2740 2850 4290 4830
2750 2850 4290 4820
2750 2850 4300 4810
2750 2850 4290 4800
2750 2850 4290 4800
2740 2850 4290 4800
2740 2830 4290 4800
2720 2830 4290 4840
2740 2830 4290 4800
2750 2830 4290 4810
2760 2840 4290 4800
2750 2840 4290 4800
2750 2840 4290 4800
2750 2850 4290 4800
2750 2860 4290 4820
2750 2850 4290 4800
2750 2850 4290 4840
2750 2860 4290 4870
2760 2860 4290 4800
2760 2850 4290 4810
2760 2850 4270 4790
2760 2840 4290 4790
2750 2830 4290 4830
2750 2840 4290 4810
2750 2840 4300 4790
2750 2840 4290 4810
