3280 3110 3890 3830
3300 3110 3890 3830
3300 3110 3890 3820
3280 3130 3900 3820
3290 3140 3900 3830
3480 3120 3900 3840
3720 3110 3900 3830
4820 3120 3900 3840
5600 3120 3900 3840
5860 3110 3890 3840
4600 3130 3900 3830
4230 3120 3900 3830
3990 3120 3910 3830
3820 3110 3920 3830
3640 3110 3910 3830
3560 3110 3910 3820
3510 3130 3900 3830
3470 3120 3910 3830
3700 3120 3920 3830
3880 3110 3910 3820
4010 3120 3910 3820
4090 3120 3910 3820
4150 3120 3900 3820
4190 3120 3900 3820
4230 3110 3910 3820
4210 3110 3910 3830
4100 3110 3900 3830
4140 3110 3900 3840
4170 3110 3900 3840
4150 3110 3900 3830
4120 3110 3900 3840
4120 3110 3910 3840
4520 3110 3910 3830
4890 3110 3900 3820
5150 3110 3890 3820
5270 3110 3900 3820
4730 3120 3910 3830
4450 3120 3910 3820
4160 3120 3910 3830
3950 3130 3910 3840
3820 3130 3920 3830
3720 3130 3920 3840
3610 3130 3920 3830
3600 3140 3920 3830
3570 3130 3910 3830
3560 3140 3920 3820
3540 3120 3900 3820
3530 3130 3900 3820
3500 3120 3910 3830
3490 3130 3910 3830
3470 3120 3910 3830
3480 3110 3910 3830
3480 3110 3900 3830
3500 3110 3910 3830
3500 3110 3910 3830
3490 3110 3910 3830
3460 3110 3900 3830
3440 3120 3910 3830
3440 3120 3910 3830
3440 3120 3910 3830
3430 3120 3920 3830
3440 3110 3920 3830
3430 3110 3920 3820
3440 3120 3920 3820
3420 3120 3910 3820
3410 3120 3910 3820
3430 3120 3900 3820
3430 3110 3900 3820
3430 3110 3900 3820
3440 3110 3900 3820
3430 3120 3900 3830
3440 3130 3900 3820
3430 3140 3900 3830
3410 3140 3910 3830
3400 3140 3910 3820
3380 3140 3910 3820
3360 3130 3910 3820
3340 3120 3910 3820
3340 3120 3910 3820
3340 3120 3900 3820
3360 3110 3900 3820
3360 3130 3910 3820
3360 3120 3900 3820
3340 3130 3890 3820
3620 3140 3880 3820
3820 3140 3870 3820
3950 3130 3880 3820
4030 3130 3880 3830
3930 3120 3880 3830
3910 3130 3870 3830
3900 3140 3880 3820
3820 3140 3890 3820
3780 3120 3880 3830
3730 3120 3880 3830
3690 3120 3890 3820
3940 3130 3900 3830
3990 3130 3900 3830
3740 3130 3910 3830
3580 3130 3900 3840
3490 3130 3910 3830
3440 3130 3910 3830
3410 3130 3900 3820
3380 3120 3900 3820
3360 3120 3910 3820
3330 3120 3900 3830
3310 3120 3910 3840
3130 3130 4610 3830
3140 3130 4580 3830
3130 3120 4450 3830
3140 3120 4430 3840
3150 3110 4410 3830
3150 3110 4400 3830
3150 3110 4390 3830
3150 3100 4400 3840
3140 3110 4410 3840
3140 3120 4540 3840
3140 3120 4540 3840
3140 3120 4610 3840
3120 3120 4600 3830
3120 3120 4560 3830
3120 3120 4520 3820
3120 3130 4510 3810
3120 3130 4540 3810
3120 3130 4560 3820
3140 3120 4520 3830
3130 3120 4480 3820
3130 3130 4440 3830
3130 3130 4410 3830
3150 3130 4340 3820
3160 3120 4390 3820
3150 3120 4440 3820
3150 3120 4410 3830
3150 3120 4400 3830
3150 3120 4420 3830
3160 3110 4480 3830
3160 3110 4460 3830
3160 3120 4480 3830
3160 3120 4450 3840
3140 3120 4430 3840
3130 3130 4400 3830
3120 3130 4400 3840
3130 3140 4400 3840
3140 3140 4410 3840
3120 3130 4400 3840
3140 3120 4380 3840
3130 3130 4380 3840
3130 3130 4400 3830
3110 3120 4450 3840
3100 3120 4470 3840
3090 3130 4440 3840
3110 3130 4420 3840
3110 3130 4410 3840
3130 3130 4390 3840
3130 3130 4390 3840
3140 3130 4380 3840
3130 3120 4360 3840
3120 3110 4330 3840
3120 3100 4300 3840
3140 3100 4290 3830
3150 3100 4290 3830
3140 3110 4300 3830
3130 3120 4290 3830
3130 3120 4290 3820
3120 3130 4300 3820
3120 3120 4290 3830
3130 3110 4290 3830
3140 3110 4300 3830
3140 3110 4310 3820
3140 3110 4310 3820
3140 3110 4330 3820
3120 3120 4360 3820
3130 3120 4380 3820
3130 3120 4380 3830
3140 3120 4380 3830
3150 3130 4360 3830
3160 3120 4320 3830
3150 3110 4390 3850
3140 3110 4470 3830
3150 3110 4440 3820
3140 3120 4400 3830
3130 3120 4350 3830
3130 3120 4320 3830
3130 3130 4310 3830
3140 3120 4310 3830
3130 3130 4310 3830
3130 3130 4310 3830
3120 3110 4320 3820
3140 3110 4320 3820
3120 3130 4300 3830
3140 3140 4300 3830
3130 3140 4330 3830
3130 3140 4310 3820
3130 3140 4560 3830
3160 3130 4990 3830
3150 3120 5020 3830
3140 3110 5040 3830
3140 3120 4800 3810
3150 3120 4650 3820
3140 3130 4530 3820
3140 3140 4440 3810
3150 3140 4400 3810
3150 3140 4410 3810
3140 3130 4660 3820
3130 3120 4520 3820
3130 3120 4420 3820
3140 3120 4370 3820
3120 3120 4250 3830
3120 3120 4250 3820
3130 3130 4270 3820
3140 3130 4290 3820
3140 3120 4300 3820
3140 3130 4310 3820
3130 3130 4400 3820
3130 3120 4540 3830
3140 3120 4460 3830
3130 3120 4420 3830
3130 3120 4370 3830
3120 3120 4500 3820
3130 3120 4540 3820
3140 3110 4480 3820
3130 3120 4430 3830
3120 3110 4400 3830
3130 3120 4370 3830
3130 3130 4810 3830
3130 3120 5000 3830
3130 3140 5050 3840
3140 3140 5050 3840
3130 3140 5060 3830
3130 3130 5060 3820
3140 3140 5050 3830
3130 3120 5050 3830
3150 3130 5080 3830
