3670 3440 3510 3390
3630 3440 3520 3390
3630 3440 3520 3390
3630 3440 3520 3390
3650 3430 3520 3390
3680 3420 3520 3390
3680 3430 3520 3390
3730 3440 3520 3390
3800 3440 3520 3390
3840 3440 3520 3390
3880 3440 3520 3400
3870 3450 3510 3400
3930 3450 3520 3390
3980 3460 3520 3390
3940 3450 3520 3390
3940 3460 3530 3380
4010 3450 3530 3380
4060 3440 3530 3380
4090 3450 3530 3370
3920 3470 3510 3370
3840 3460 3520 3390
3810 3460 3520 3390
3860 3460 3520 3380
3880 3470 3520 3390
3980 3470 3520 3380
4010 3470 3520 3380
4010 3450 3510 3380
4030 3460 3510 3380
4010 3450 3520 3380
4000 3440 3520 3370
3980 3450 3520 3380
3980 3460 3520 3390
3990 3450 3520 3390
3920 3450 3520 3390
3890 3450 3520 3390
3890 3440 3520 3390
3850 3440 3520 3400
3810 3440 3520 3400
3820 3440 3520 3400
3850 3440 3530 3400
3850 3440 3520 3400
3850 3450 3510 3400
3860 3450 3510 3390
3840 3450 3510 3390
3820 3440 3510 3390
3820 3430 3510 3390
3810 3440 3510 3390
3810 3440 3510 3380
3810 3440 3520 3390
3800 3430 3530 3390
3790 3430 3520 3390
3780 3450 3520 3390
3770 3450 3530 3390
3770 3450 3530 3390
3760 3440 3530 3380
3770 3450 3530 3400
3790 3450 3530 3410
3790 3450 3530 3410
3800 3450 3530 3410
3800 3450 3530 3400
3800 3450 3530 3390
3790 3460 3530 3390
3790 3460 3520 3380
3790 3460 3520 3380
3790 3460 3530 3380
3770 3450 3530 3380
3770 3440 3530 3380
3770 3440 3530 3380
3770 3450 3530 3390
3760 3450 3520 3390
3760 3440 3520 3390
3770 3450 3520 3390
3770 3440 3520 3390
3770 3440 3520 3390
3770 3440 3520 3390
3780 3440 3520 3390
3770 3440 3520 3400
3770 3450 3530 3400
3760 3440 3530 3400
3750 3440 3530 3400
3750 3450 3530 3390
3740 3460 3530 3390
3740 3460 3530 3390
3740 3460 3530 3390
3730 3450 3530 3400
3730 3450 3530 3390
3730 3460 3530 3390
3720 3450 3520 3390
3740 3450 3520 3400
3740 3450 3520 3400
3730 3450 3520 3400
3730 3450 3520 3400
3730 3450 3520 3390
3750 3450 3530 3390
3750 3450 3530 3390
3740 3450 3530 3390
3740 3450 3540 3390
3730 3450 3530 3390
3740 3450 3530 3390
3760 3450 3530 3390
3770 3450 3530 3390
3750 3450 3530 3390
3740 3440 3520 3390
3750 3440 3520 3390
3760 3440 3520 3390
3780 3440 3520 3390
3770 3450 3520 3390
3760 3450 3520 3390
3750 3450 3520 3390
3750 3450 3520 3390
3760 3450 3520 3390
3760 3460 3510 3390
3730 3460 3520 3390
3720 3460 3510 3390
3710 3460 3520 3390
3710 3460 3520 3390
3710 3440 3510 3390
3700 3450 3510 3390
3710 3460 3510 3380
3700 3440 3510 3390
3700 3460 3510 3390
3710 3460 3520 3390
3710 3470 3520 3390
3690 3470 3520 3390
3690 3470 3510 3390
3700 3470 3510 3390
3700 3450 3510 3390
3700 3450 3510 3390
3700 3450 3520 3400
3700 3440 3520 3400
3700 3440 3520 3400
3700 3430 3530 3390
3690 3450 3530 3390
3690 3450 3530 3390
3700 3450 3530 3390
3700 3450 3520 3390
3700 3460 3510 3390
3700 3470 3510 3390
3720 3470 3510 3380
3720 3470 3510 3380
3720 3470 3520 3390
3740 3470 3520 3390
3720 3470 3530 3400
3710 3480 3530 3400
3490 3780 3510 3390
3490 3750 3510 3400
3490 3780 3510 3400
3490 3830 3510 3400
3490 3830 3520 3390
3490 3830 3520 3390
3480 3840 3520 3380
3480 3890 3520 3380
3490 4050 3520 3390
3480 3890 3520 3400
3470 3840 3530 3400
3470 3800 3530 3390
3470 3780 3540 3390
3470 3770 3530 3390
3480 3770 3530 3390
3480 3770 3530 3390
3480 3770 3530 3400
3480 3770 3530 3400
3480 3750 3530 3400
3490 3740 3520 3400
3490 3740 3530 3400
3490 3730 3530 3400
3490 3730 3530 3400
3490 3720 3530 3400
3490 3740 3530 3400
3490 3740 3520 3400
3490 3740 3520 3400
3480 3740 3520 3400
3480 3750 3520 3390
3480 3750 3520 3390
3480 3760 3530 3390
3470 3750 3530 3400
3480 3750 3530 3400
3480 3750 3530 3400
3480 3740 3540 3390
3480 3740 3540 3390
3480 3750 3540 3390
3480 3750 3530 3390
3480 3740 3530 3390
3480 3740 3530 3390
3480 3740 3520 3390
3480 3730 3520 3380
3470 3740 3520 3390
3470 3740 3520 3400
3480 3740 3520 3400
3470 3740 3530 3400
3470 3740 3530 3400
3470 3740 3530 3400
3470 3740 3520 3390
3470 3740 3510 3390
3480 3730 3510 3390
3490 3720 3510 3390
3490 3720 3510 3390
3490 3730 3510 3390
3490 3730 3510 3390
3490 3720 3520 3390
3490 3740 3520 3390
3490 3730 3530 3400
3480 3730 3530 3390
3490 3720 3530 3390
3490 3710 3530 3400
3490 3710 3530 3400
3500 3710 3530 3410
3500 3720 3530 3410
3500 3730 3520 3410
3500 3730 3520 3390
3490 3730 3510 3390
3490 3730 3510 3390
3480 3730 3510 3390
3480 3730 3520 3390
3480 3720 3530 3370
3480 3720 3520 3370
3480 3720 3530 3370
3480 3710 3530 3380
3480 3700 3530 3390
3480 3700 3530 3390
3480 3700 3530 3380
3500 3700 3520 3380
3490 3700 3520 3370
3480 3720 3530 3360
3480 3720 3530 3360
3480 3720 3530 3360
3480 3730 3530 3370
3480 3730 3530 3380
3490 3740 3530 3390
3490 3740 3530 3390
3490 3750 3530 3390
3490 3750 3520 3410
3490 3740 3520 3410
3490 3730 3530 3410
3500 3720 3530 3410
3490 3720 3530 3400
3490 3730 3520 3390
3490 3720 3520 3390
3490 3730 3530 3390
3490 3730 3520 3390
3480 3740 3530 3390
3490 3750 3530 3390
3480 3760 3530 3390
3480 3770 3530 3390
3480 3770 3520 3390
3490 3770 3520 3400
