3880 3960 3170 3070
3880 4010 3170 3080
3870 4030 3160 3080
3870 3990 3170 3080
3880 4160 3170 3080
3870 4210 3170 3080
3870 4180 3170 3080
3870 4140 3170 3080
3870 4100 3170 3080
3880 4070 3170 3080
3870 4100 3170 3080
3870 4120 3170 3090
3870 4120 3170 3090
3870 4130 3170 3090
3860 4140 3170 3090
3860 4190 3180 3090
3860 4200 3180 3090
3870 4230 3180 3090
3870 4230 3170 3080
3870 4210 3180 3080
3870 4190 3180 3080
3870 4200 3180 3080
3870 4260 3170 3080
3870 4370 3160 3080
3870 4450 3160 3080
3880 4500 3170 3080
3870 4550 3180 3080
3870 4630 3180 3080
3870 4490 3180 3090
3860 4500 3180 3090
3860 4320 3170 3080
3880 4230 3180 3080
3870 4390 3180 3080
3870 4440 3180 3080
3860 4500 3180 3080
3860 4550 3180 3090
3860 4460 3180 3090
3860 4510 3180 3100
3870 4550 3180 3100
3880 4550 3180 3100
3870 4570 3170 3100
3860 4580 3170 3100
3860 4600 3170 3100
3870 4480 3170 3090
3870 4540 3170 3090
3870 4410 3170 3090
3870 4230 3170 3090
3870 4260 3170 3090
3870 4150 3180 3090
3870 4080 3170 3090
3870 4030 3170 3090
3870 4010 3170 3080
3870 4000 3170 3090
3870 3960 3180 3090
3880 3940 3180 3090
3880 3940 3180 3090
3870 4060 3180 3090
3870 4100 3180 3090
3870 4180 3190 3090
3860 4090 3170 3090
3860 4400 3170 3080
3860 4450 3160 3080
3860 4400 3170 3080
3860 4380 3170 3070
3870 4320 3160 3070
3870 4250 3170 3070
3870 4200 3160 3090
3870 4220 3170 3090
3880 4200 3190 3090
3870 4120 3180 3080
3860 4060 3180 3090
3870 3990 3160 3090
3870 3960 3160 3090
3870 3960 3160 3090
3870 3940 3160 3090
3870 3920 3170 3090
3870 3950 3170 3090
3860 3960 3170 3080
3860 4050 3170 3080
3870 4010 3160 3080
3880 4110 3160 3080
3870 4180 3160 3080
3870 4210 3160 3080
3860 4120 3160 3080
3860 4080 3160 3070
3860 4070 3160 3080
3850 3980 3170 3090
3860 3980 3160 3090
3870 3980 3160 3080
3870 3980 3170 3080
3860 4010 3170 3080
3860 4120 3170 3080
3880 4200 3170 3090
3870 4120 3180 3090
3870 4010 3180 3090
3870 4030 3190 3090
3870 4050 3180 3090
3870 4090 3180 3090
3880 4240 3180 3090
3850 3830 3160 3440
3850 3820 3150 3480
3850 3820 3160 3430
3850 3830 3170 3400
3840 3830 3170 3580
3840 3840 3170 3530
3840 3840 3180 3460
3850 3840 3180 3400
3850 3840 3190 3440
3850 3850 3200 3560
3850 3850 3200 3560
3850 3850 3200 3530
3860 3840 3200 3520
3870 3840 3200 3520
3870 3830 3200 3640
3870 3830 3200 3710
3870 3830 3200 3780
3870 3830 3200 3810
3870 3840 3200 3830
3870 3840 3180 3770
3870 3840 3180 3680
3870 3840 3180 3700
3870 3840 3180 3760
3860 3840 3180 3820
3860 3840 3180 3800
3860 3840 3180 3640
3860 3850 3170 3550
3860 3860 3170 3520
3850 3860 3170 3530
3850 3840 3170 3550
3860 3840 3170 3590
3850 3830 3170 3630
3850 3830 3170 3680
3850 3830 3170 3720
3850 3830 3180 3700
3850 3830 3170 3580
3860 3840 3170 3580
3870 3840 3170 3600
3860 3840 3170 3650
3880 3840 3170 3650
3880 3840 3160 3650
3880 3830 3160 3530
3880 3840 3170 3470
3870 3850 3160 3390
3870 3850 3170 3460
3870 3840 3160 3410
3860 3850 3160 3420
3870 3850 3160 3610
3870 3850 3170 3620
3870 3850 3170 3630
3870 3850 3170 3530
3890 3850 3170 3550
3880 3850 3160 3550
3870 3860 3160 3580
3860 3860 3160 3640
3860 3860 3160 3650
3870 3850 3160 3650
3870 3850 3160 3680
3870 3840 3160 3760
3870 3850 3160 3790
3870 3840 3160 3750
3870 3840 3170 3720
3870 3850 3170 3720
3870 3850 3160 3730
3870 3850 3160 3710
3850 3850 3170 3720
3840 3850 3170 3760
3840 3850 3170 3600
3850 3850 3170 3520
3850 3850 3170 3600
3850 3860 3180 3540
3850 3850 3180 3500
3870 3840 3170 3450
3860 3840 3180 3550
3870 3830 3170 3630
3870 3830 3170 3540
3860 3850 3170 3490
3860 3850 3170 3480
3850 3850 3160 3520
3850 3860 3150 3540
3870 3840 3160 3560
3850 3820 3170 3580
3860 3830 3170 3590
3860 3840 3160 3600
3860 3840 3150 3600
3860 3830 3150 3630
3850 3830 3150 3620
3850 3840 3150 3620
3850 3840 3150 3630
3840 3840 3160 3650
3840 3840 3170 3640
3840 3850 3170 3640
3840 3840 3170 3630
3830 3820 3170 3620
3850 3850 3180 3560
3850 3840 3180 3540
3850 3850 3180 3530
3840 3850 3180 3550
