4240 4220 3480 2780
4240 4240 3260 2790
4240 4230 3330 2770
4240 4230 3290 2770
4240 4240 3420 2770
4230 4240 3480 2780
4220 4240 3580 2770
4220 4240 3650 2770
4220 4230 3640 2770
4220 4220 3560 2770
4220 4220 3580 2780
4230 4220 3670 2790
4230 4220 3750 2780
4230 4230 3740 2790
4230 4230 3780 2800
4230 4230 3790 2790
4230 4240 3790 2790
4230 4240 3770 2790
4230 4230 3750 2790
4230 4240 3740 2790
4230 4230 3710 2790
4230 4230 3650 2790
4230 4230 3620 2790
4230 4230 3500 2790
4240 4230 3400 2780
4250 4240 3320 2780
4250 4240 3410 2780
4240 4240 3290 2780
4230 4250 3380 2770
4220 4250 3480 2780
4220 4240 3560 2780
4230 4230 3540 2780
4230 4230 3460 2770
4230 4230 3300 2780
4230 4230 3440 2780
4230 4230 3460 2780
4240 4220 3530 2780
4240 4220 3680 2770
4240 4220 3730 2760
4240 4220 3700 2760
4240 4230 3670 2770
4230 4260 3610 2770
4230 4250 3570 2760
4230 4260 3560 2770
4230 4270 3580 2770
4220 4250 3480 2770
4220 4250 3480 2760
4220 4260 3480 2760
4220 4250 3600 2770
4220 4250 3540 2780
4220 4240 3620 2780
4230 4230 3590 2790
4220 4220 3490 2790
4220 4220 3450 2790
4220 4220 3370 2790
4220 4220 3290 2790
4230 4220 3230 2790
4240 4240 3190 2790
4230 4240 3160 2790
4240 4240 3140 2790
4240 4230 3130 2790
4230 4220 3130 2780
4240 4230 3120 2790
4240 4240 3120 2790
4240 4240 3120 2800
4240 4240 3110 2800
4240 4230 3100 2800
4240 4230 3110 2800
4240 4230 3110 2800
4230 4240 3120 2790
4210 4240 3120 2790
4210 4240 3110 2790
4210 4240 3110 2790
4210 4230 3110 2780
4220 4230 3130 2790
4230 4220 3140 2770
4230 4220 3140 2780
4230 4220 3130 2790
4220 4220 3120 2790
4220 4220 3120 2780
4230 4220 3120 2780
4230 4240 3120 2770
4230 4240 3120 2780
4230 4230 3120 2770
4230 4220 3120 2770
4230 4230 3130 2770
4240 4240 3320 2770
4230 4240 3460 2760
4220 4240 3510 2770
4220 4230 3580 2770
4220 4240 3640 2770
4230 4250 3560 2780
4220 4230 3360 2780
4220 4220 3280 2780
4230 4220 3230 2790
4230 4220 3190 2770
4230 4220 3160 2780
4230 4220 3130 2770
4240 4220 3120 2780
4240 4220 3110 2780
4230 4240 3110 2770
4230 4250 3120 2760
4230 4250 3130 2770
4230 4240 3190 2780
4230 4240 3300 2760
4230 4250 3370 2760
4230 4250 3470 2760
4230 4270 3540 2780
4230 4260 3610 2770
4240 4250 3620 2770
4240 4240 3680 2780
4240 4240 3640 2790
4240 4230 3620 2790
4240 4230 3590 2790
4230 4230 3560 2790
4230 4230 3570 2790
4230 4240 3590 2770
4220 4210 3720 2780
4220 4210 3530 2790
4220 4210 3450 2790
4220 4210 3410 2780
4220 4220 3370 2780
4230 4220 3370 2780
4240 4220 3500 2780
4230 4220 3450 2780
4240 4230 2940 3240
4240 4220 2940 3300
4250 4240 2940 3390
4240 4230 2940 3440
4230 4230 2940 3460
4230 4250 2940 3460
4220 4260 2940 3430
4220 4250 2940 3420
4220 4230 2930 3410
4230 4230 2930 3430
4230 4220 2940 3420
4230 4220 2940 3420
4230 4220 2940 3420
4230 4240 2950 3420
4230 4230 2940 3440
4230 4220 2940 3490
4230 4220 2940 3540
4230 4230 2940 3570
4230 4230 2940 3600
4230 4230 2940 3600
4230 4230 2940 3620
4230 4250 2940 3530
4230 4250 2940 3540
4230 4230 2940 3590
4230 4230 2930 3620
4230 4230 2930 3670
4230 4230 2930 3700
4230 4240 2930 3720
4240 4240 2930 3740
4230 4250 2920 3730
4220 4240 2920 3610
4220 4250 2920 3470
4230 4240 2920 3380
4240 4250 2920 3340
4240 4240 2930 3290
4240 4240 2930 3290
4250 4250 2930 3460
4250 4250 2930 3490
4240 4240 2930 3520
4240 4230 2930 3590
4240 4230 2930 3630
4240 4230 2930 3670
4250 4250 2930 3700
4250 4240 2930 3570
4240 4250 2940 3410
4230 4250 2940 3320
4230 4240 2930 3310
4240 4230 2930 3270
4230 4220 2930 3240
4230 4230 2940 3330
4230 4250 2930 3300
4220 4240 2930 3250
4220 4250 2930 3160
4220 4240 2930 3120
4220 4230 2930 3090
4220 4230 2930 3090
4220 4230 2930 3070
4220 4230 2920 3060
4230 4230 2920 3050
4230 4230 2920 3050
4230 4230 2920 3030
4220 4240 2930 3060
4210 4220 2910 3070
4210 4230 2910 3060
4220 4230 2900 3060
4220 4230 2900 3050
4230 4230 2910 3050
4230 4230 2920 3060
4230 4230 2920 3070
4230 4230 2920 3080
4230 4230 2920 3080
4240 4230 2920 3060
4240 4240 2920 3060
4230 4240 2930 3070
4230 4250 2930 3090
4230 4250 2920 3100
4220 4230 2930 3120
4250 4240 2930 3110
4240 4250 2920 3120
4230 4240 2910 3120
4240 4230 2910 3110
4240 4230 2910 3110
4230 4220 2910 3120
4230 4230 2910 3120
4240 4230 2910 3110
4250 4220 2900 3110
4240 4220 2910 3100
4230 4230 2920 3100
4230 4230 2920 3100
4220 4230 2920 3100
4220 4230 2920 3080
4220 4220 2910 3240
4220 4210 2910 3190
4230 4220 2910 3150
4230 4270 2930 3100
4240 4260 2930 3100
4240 4250 2920 3120
4230 4240 2930 3120
4230 4250 2920 3120
4220 4250 2930 3120
4220 4240 2930 3110
4230 4230 2930 3130
4240 4230 2930 3130
4240 4230 2930 3120
4230 4230 2930 3100
4230 4220 2930 3100
4230 4220 2940 3090
4220 4240 2940 3090
4220 4250 2940 3080
4220 4240 2940 3090
