5140 4670 2690 2560
5190 4660 2700 2560
5170 4670 2680 2560
5120 4660 2680 2570
5180 4660 2690 2570
5120 4660 2680 2580
5110 4660 2680 2580
5120 4650 2690 2590
5140 4640 2690 2580
5170 4650 2690 2580
5140 4650 2690 2570
5120 4640 2690 2570
5160 4640 2700 2570
5190 4640 2700 2570
5190 4650 2700 2580
5130 4650 2700 2580
5170 4660 2700 2590
5160 4680 2710 2570
5140 4680 2710 2570
5140 4670 2710 2590
5180 4670 2710 2580
5190 4660 2700 2580
5140 4650 2700 2580
5150 4650 2700 2580
5140 4640 2690 2580
5180 4650 2710 2560
5150 4660 2700 2560
5160 4640 2700 2560
5160 4640 2700 2560
5130 4650 2700 2560
5140 4650 2700 2560
5140 4670 2710 2560
5200 4660 2690 2570
5200 4650 2680 2570
5140 4650 2680 2570
5190 4650 2680 2570
5130 4650 2680 2570
5120 4650 2690 2570
5120 4660 2700 2570
5140 4660 2700 2570
5170 4660 2710 2570
5120 4670 2710 2560
5110 4680 2700 2560
5120 4680 2700 2560
5170 4680 2700 2560
5180 4690 2710 2560
5120 4670 2700 2560
5190 4660 2710 2560
5180 4660 2710 2560
5190 4670 2700 2560
5130 4680 2700 2550
5130 4670 2700 2550
5180 4670 2690 2560
5120 4670 2700 2560
5140 4660 2700 2560
5160 4660 2680 2560
5180 4660 2680 2560
5140 4640 2680 2560
5140 4640 2680 2560
5130 4650 2680 2560
5190 4640 2680 2560
5130 4640 2680 2560
5140 4660 2680 2560
5160 4650 2690 2570
5160 4650 2690 2570
5200 4650 2690 2580
5170 4660 2690 2580
5130 4660 2680 2580
5150 4670 2670 2570
5120 4660 2680 2580
5180 4660 2690 2580
5180 4650 2690 2580
5140 4660 2680 2580
5140 4660 2680 2580
5140 4670 2670 2580
5140 4660 2670 2580
5110 4670 2690 2570
5120 4670 2690 2570
5150 4660 2680 2570
5170 4650 2690 2570
5150 4650 2680 2570
5160 4650 2690 2570
5150 4640 2680 2580
5150 4640 2690 2580
5140 4650 2690 2580
5150 4670 2680 2570
5130 4670 2670 2570
5150 4680 2680 2580
5140 4660 2690 2580
5180 4660 2690 2580
5130 4660 2690 2570
5130 4660 2700 2570
5160 4650 2690 2570
5160 4660 2700 2570
4660 4660 2690 3070
4660 4670 2700 3090
4660 4680 2700 3070
4670 4670 2690 3070
4680 4680 2690 3050
4680 4680 2700 3030
4680 4680 2710 3070
4680 4660 2710 3050
4690 4660 2710 3070
4670 4660 2710 3090
4670 4660 2710 3050
4670 4650 2700 3080
4670 4650 2690 3030
4680 4660 2680 3050
4680 4670 2690 3030
4680 4680 2680 3090
4680 4680 2680 3050
4680 4680 2680 3030
4670 4680 2690 3060
4670 4680 2690 3080
4660 4680 2680 3060
4660 4690 2690 3060
4660 4670 2680 3060
4680 4660 2680 3040
4680 4660 2690 3050
4680 4660 2690 3070
4670 4640 2700 3090
4670 4650 2700 3090
4670 4640 2690 3080
4670 4660 2690 3040
4670 4650 2700 3050
4660 4650 2700 3070
4680 4650 2690 3090
4680 4650 2690 3070
4670 4640 2680 3050
4670 4650 2690 3030
4670 4650 2690 3050
4660 4650 2700 3090
4660 4660 2710 3070
4680 4650 2710 3090
4680 4650 2710 3050
4680 4650 2710 3060
4680 4660 2700 3040
4660 4660 2710 3040
4660 4670 2700 3040
4670 4650 2710 3030
4690 4660 2710 3090
4690 4670 2700 3090
4680 4660 2700 3070
4660 4650 2700 3050
4660 4640 2700 3090
4660 4650 2700 3090
4670 4660 2720 3070
4660 4660 2710 3090
4660 4660 2700 3020
4670 4670 2690 3060
4680 4660 2690 3080
4680 4680 2680 3020
4680 4680 2670 3020
4680 4680 2670 3060
4690 4680 2670 3040
4690 4680 2670 3020
4690 4680 2680 3060
4690 4660 2680 3060
4680 4650 2690 3090
4670 4650 2690 3090
4670 4660 2700 3050
4660 4650 2700 3050
4670 4650 2690 3060
4660 4650 2690 3060
4670 4660 2690 3070
4660 4660 2690 3070
4670 4670 2690 3090
4670 4660 2680 3090
4670 4660 2680 3050
4660 4670 2680 3090
4660 4660 2680 3090
4660 4660 2680 3030
4660 4650 2680 3030
4660 4640 2690 3030
4670 4630 2700 3090
4660 4650 2710 3040
4660 4650 2710 3040
4660 4650 2720 3060
4670 4670 2720 3040
4670 4660 2720 3080
4670 4650 2700 3080
4670 4640 2700 3070
4670 4650 2710 3050
4670 4650 2700 3090
4660 4650 2710 3030
4660 4660 2710 3070
4660 4660 2700 3030
4660 4660 2690 3090
4660 4660 2690 3080
4660 4650 2700 3060
4670 4650 2690 3040
