5150 5610 2520 2450
5150 5640 2530 2460
5150 5590 2530 2450
5150 5600 2540 2460
5150 5570 2550 2470
5140 5570 2550 2450
5140 5650 2550 2450
5140 5600 2550 2450
5140 5630 2540 2450
5150 5610 2540 2440
5150 5640 2540 2450
5150 5580 2540 2440
5150 5600 2530 2450
5150 5630 2530 2460
5150 5640 2520 2460
5150 5600 2540 2460
5150 5620 2540 2460
5150 5620 2540 2460
5150 5600 2540 2460
5150 5590 2550 2450
5150 5570 2540 2450
5140 5600 2540 2440
5140 5600 2550 2450
5140 5580 2560 2440
5140 5600 2550 2430
5140 5590 2540 2440
5140 5590 2550 2450
5140 5580 2550 2450
5140 5600 2540 2450
5140 5580 2530 2460
5140 5600 2550 2460
5140 5600 2540 2460
5140 5640 2550 2460
5140 5570 2550 2460
5140 5580 2540 2460
5140 5640 2550 2450
5140 5630 2550 2440
5140 5560 2550 2440
5140 5560 2540 2440
5140 5560 2530 2440
5140 5560 2540 2450
5150 5630 2560 2440
5150 5580 2560 2440
5150 5610 2550 2440
5150 5590 2540 2440
5150 5610 2550 2440
5150 5620 2550 2460
5150 5620 2530 2450
5150 5600 2530 2450
5150 5660 2530 2440
5140 5580 2540 2450
5140 5590 2540 2460
5140 5600 2540 2450
5140 5640 2540 2450
5140 5640 2530 2440
5140 5600 2530 2440
5140 5600 2540 2440
5140 5580 2550 2440
5140 5620 2550 2440
5140 5610 2540 2440
5140 5600 2550 2460
5140 5590 2550 2460
5140 5620 2550 2460
5140 5630 2560 2450
5140 5630 2560 2450
5140 5600 2540 2460
5140 5590 2550 2460
5140 5590 2560 2470
5140 5610 2580 2460
5140 5640 2580 2460
5140 5620 2580 2460
5140 5630 2570 2470
5140 5640 2550 2480
5140 5650 2540 2480
5140 5600 2550 2480
5140 5640 2560 2470
5140 5580 2560 2450
5140 5610 2550 2440
5140 5650 2550 2440
5140 5590 2550 2450
5140 5600 2540 2450
5140 5620 2550 2450
5140 5560 2550 2450
5140 5560 2540 2440
5140 5600 2530 2450
5140 5590 2530 2450
5140 5610 2530 2450
5140 5590 2550 2440
5140 5590 2540 2450
5140 5600 2550 2440
5150 5590 2540 2450
5150 5590 2540 2450
5150 5560 2550 2440
5150 5630 2560 2430
5140 5580 2560 2440
5140 5590 2560 2450
5140 5600 2550 2450
5130 5100 3020 2450
5130 5110 3070 2450
5140 5110 3030 2460
5140 5130 3060 2450
5130 5130 3070 2440
5130 5120 3000 2440
5130 5110 3070 2440
5140 5120 3060 2440
5140 5120 3010 2440
5140 5110 3000 2450
5140 5120 3010 2460
5140 5130 3030 2460
5140 5130 3040 2460
5140 5130 3070 2450
5140 5130 3090 2450
5140 5130 3030 2450
5140 5110 3030 2450
5140 5130 3060 2430
5140 5130 3090 2430
5140 5130 3100 2440
5150 5120 3100 2430
5150 5110 3110 2430
5140 5110 3050 2440
5140 5110 3060 2440
5140 5120 3040 2440
5140 5130 3020 2450
5140 5120 3050 2450
5140 5120 3030 2450
5140 5120 3030 2450
5150 5110 3030 2450
5150 5120 3060 2440
5150 5110 3080 2440
5150 5120 3060 2450
5150 5120 3060 2450
5150 5120 3040 2460
5150 5130 3030 2450
5150 5110 3100 2450
5150 5120 3060 2450
5150 5110 3110 2450
5150 5110 3050 2460
5150 5110 3080 2460
5150 5110 3060 2460
5150 5110 3040 2440
5150 5110 3070 2430
5150 5110 3040 2430
5140 5100 3080 2430
5130 5110 3110 2440
5130 5110 3100 2430
5130 5100 3080 2430
5120 5100 3020 2430
5120 5100 3070 2430
5120 5130 3100 2430
5120 5130 3070 2440
5110 5120 3040 2440
5120 5110 3020 2440
5120 5110 3040 2450
5120 5110 3080 2440
5130 5110 3070 2440
5120 5110 3050 2430
5110 5110 3040 2440
5110 5120 3030 2440
5110 5120 3070 2440
5110 5110 3050 2440
5110 5130 3040 2430
5120 5130 2990 2440
5130 5120 3040 2430
5130 5110 3040 2440
5130 5110 3060 2440
5140 5130 3020 2460
5130 5120 3020 2460
5130 5110 3030 2450
5140 5120 3010 2440
5140 5120 3020 2440
5140 5130 3050 2430
5140 5130 3000 2440
5140 5130 3030 2440
5130 5120 2990 2440
5130 5120 2980 2430
5130 5130 3020 2440
5140 5130 3010 2440
5140 5120 3000 2440
5140 5130 3060 2450
5140 5130 3060 2460
5140 5130 3060 2460
5150 5120 3020 2450
5150 5120 3040 2460
5150 5110 3060 2460
5150 5120 3090 2470
5150 5120 3110 2460
5150 5120 3040 2460
5150 5120 3060 2460
5150 5120 3100 2460
5150 5130 3070 2460
5150 5120 3040 2460
