5360 5380 3030 1910
5360 5390 3020 1920
5360 5340 3020 1920
5370 5390 3020 1910
5360 5330 3030 1910
5360 5350 3020 1910
5350 5340 3020 1910
5350 5360 3030 1900
5350 5380 3050 1910
5350 5370 3050 1910
5340 5380 3060 1890
5340 5340 3030 1900
5340 5320 3030 1910
5340 5320 3030 1900
5330 5390 3020 1900
5340 5390 3030 1910
5330 5350 3030 1900
5330 5380 3030 1910
5340 5320 3030 1920
5350 5340 3020 1920
5360 5370 3030 1910
5360 5370 3030 1900
5360 5320 3030 1920
5350 5330 3020 1910
5340 5320 3020 1900
5340 5380 3030 1900
5340 5340 3020 1900
5340 5340 3020 1900
5350 5380 3020 1900
5350 5390 3030 1900
5340 5340 3050 1890
5340 5380 3050 1890
5340 5340 3050 1890
5330 5340 3060 1900
5330 5320 3050 1920
5330 5320 3030 1900
5330 5320 3030 1900
5340 5360 3020 1900
5350 5370 3030 1910
5350 5350 3030 1900
5340 5310 3050 1900
5340 5330 3030 1890
5340 5340 3030 1890
5340 5340 3030 1890
5330 5370 3020 1890
5340 5330 3020 1890
5340 5320 3020 1910
5340 5340 3020 1910
5350 5360 3020 1910
5350 5360 3030 1910
5340 5360 3030 1910
5350 5320 3050 1900
5340 5340 3020 1900
5340 5340 3030 1890
5330 5360 3050 1890
5340 5380 3030 1890
5340 5380 3030 1890
5350 5350 3030 1900
5350 5320 3050 1910
5340 5320 3050 1900
5330 5340 3030 1890
5340 5340 3030 70
5340 5320 3050 1890
5340 5380 3030 1900
5340 5320 3030 1900
5340 5330 3060 1890
5340 5390 3050 1890
5340 5370 3050 1890
5340 5330 3030 1890
5340 5360 3030 1900
5340 5390 3020 1900
5340 5340 3030 1900
5340 5350 3020 1910
5340 5330 3020 1910
5350 5350 3050 1910
5350 5320 3020 1920
5340 5350 3020 1930
5350 5340 3030 1940
5350 5360 3030 1920
5350 5340 3030 1910
5340 5400 3050 1900
5340 5350 3050 1920
5340 5390 3030 1920
5340 5370 3020 1920
5330 5390 3030 1920
5330 5350 3030 1920
5340 5370 3050 1920
5350 5350 3050 1910
5360 5400 3050 1910
5350 5400 3050 1890
5350 4870 3530 1900
5350 4870 3550 1900
5330 4870 3530 1920
5330 4870 3510 1920
5330 4870 3510 1920
5340 4860 3540 1910
5340 4880 3490 1910
5340 4880 3470 1900
5350 4880 3510 1900
5350 4880 3530 1900
5350 4880 3550 1910
5350 4880 3490 1910
5350 4870 3550 1910
5350 4860 3510 1910
5350 4860 3520 1900
5350 4860 3550 1910
5350 4860 3550 1900
5340 4870 3510 1900
5340 4860 3550 1900
5340 4870 3510 1900
5350 4870 3500 1900
5350 4860 3540 1910
5340 4860 3550 1920
5340 4860 3500 1910
5340 4880 3510 1920
5340 4880 3550 1920
5340 4870 3530 1910
5350 4860 3550 1920
5340 4870 3510 1920
5340 4870 3550 1920
5340 4870 3550 1920
5340 4860 3530 1900
5340 4860 3510 1910
5340 4860 3480 1920
5330 4850 3480 1920
5330 4860 3510 1920
5340 4870 3480 1920
5350 4880 3490 1920
5350 4880 3530 1920
5350 4870 3540 1920
5350 4860 3490 1920
5340 4860 3530 1910
5350 4860 3540 1910
5350 4870 3550 1900
5350 4870 3540 1900
5350 4870 3550 1910
5350 4870 3490 1920
5350 4860 3570 1910
5350 4870 3570 1910
5350 4870 3550 1910
5350 4860 3510 1900
5350 4870 3550 1890
5340 4860 3490 1890
5330 4860 3530 1890
5330 4860 3550 1900
5340 4870 3530 1890
5340 4860 3510 1890
5330 4860 3480 1890
5330 4870 3510 1890
5330 4870 3530 1890
5330 4860 3510 1900
5330 4860 3490 1900
5330 4870 3540 1900
5330 4870 3550 1910
5340 4850 3480 1900
5340 4860 3520 1910
5330 4860 3480 1920
5340 4860 3500 1930
5340 4860 3480 1920
5340 4860 3490 1920
5340 4870 3570 1910
5340 4870 3490 1920
5350 4860 3540 1920
5340 4860 3540 1920
5340 4860 3510 1910
5340 4860 3490 1900
5350 4860 3490 1900
5350 4870 3510 1900
5350 4880 3550 1900
5350 4870 3510 1880
5340 4870 3510 1900
5340 4870 3530 1900
5340 4860 3530 1910
5340 4860 3570 1910
5340 4860 3530 1920
5350 4860 3550 1930
5350 4850 3550 1920
5350 4860 3480 1910
5350 4860 3520 1920
5350 4860 3550 1910
5350 4870 3480 1910
5340 4860 3540 1910
5350 4870 3470 1900
5330 4860 3480 1900
5340 4850 3510 1910
5340 4850 3510 1900
