4970 4510 3170 2090
4960 4540 3170 2090
4960 4560 3180 2090
4960 4550 3170 2080
4950 4620 3160 2070
4960 4720 3160 2080
4960 4820 3180 2070
4960 4760 3180 2080
4960 4730 3170 2080
4960 4720 3160 2070
4960 4710 3160 2070
4970 4700 3160 2070
4970 4650 3150 2070
4970 4650 3150 2070
4960 4680 3150 2070
4960 4800 3150 2070
4960 4890 3150 2070
4960 4880 3140 2070
4960 4890 3140 2070
4950 4920 3170 2090
4950 4890 3160 2090
4950 4880 3170 2090
4950 4850 3170 2080
4950 4860 3160 2080
4950 4850 3170 2070
4950 4960 3190 2080
4940 4940 3190 2080
4960 4730 3180 2080
4960 4680 3170 2080
4960 4650 3180 2080
4960 4640 3180 2080
4960 4670 3160 2080
4950 4690 3180 2070
4950 4690 3160 2070
4970 4690 3150 2070
4950 4720 3150 2070
4950 4720 3160 2070
4950 4740 3160 2070
4940 4750 3180 2080
4950 4740 3180 2070
4950 4730 3160 2070
4960 4710 3170 2080
4960 4710 3150 2080
4960 4700 3160 2080
4960 4680 3170 2090
4960 4680 3170 2080
4960 4680 3170 2090
4950 4660 3170 2090
4960 4650 3160 2080
4970 4640 3170 2080
4970 4630 3170 2070
4970 4620 3160 2080
4970 4630 3160 2080
4970 4620 3170 2080
4970 4620 3170 2080
4970 4630 3170 2080
4960 4630 3160 2090
4950 4630 3150 2080
4950 4620 3170 2070
4960 4610 3180 2070
4970 4600 3190 2070
4970 4580 3180 2070
4960 4580 3160 2070
4960 4580 3170 2070
4970 4600 3160 2070
4970 4580 3160 2070
4960 4580 3160 2070
4960 4580 3150 2090
4960 4580 3150 2080
4950 4580 3160 2080
4950 4580 3160 2080
4960 4580 3160 2080
4950 4570 3160 2080
4950 4570 3160 2070
4940 4570 3170 2070
4940 4570 3170 2070
4940 4570 3180 2070
4950 4570 3170 2080
4960 4570 3170 2080
4960 4580 3180 2070
4960 4580 3180 2070
4960 4600 3170 2080
4960 4580 3170 2070
4960 4580 3180 2070
4960 4560 3150 2070
4960 4570 3150 2080
4960 4570 3170 2080
4960 4560 3170 2080
4950 4560 3160 2080
4950 4560 3150 2090
4950 4560 3170 2080
4950 4560 3190 2090
4950 4550 3170 2090
4940 4550 3150 2090
4940 4550 3150 2090
4950 4550 3160 2090
4960 4550 3170 2110
4960 4550 3170 2090
4960 4550 3160 2090
4950 4550 3180 2070
4950 4550 3190 2080
4950 4550 3190 2090
4950 4540 3180 2090
4960 4370 3160 2300
4970 4390 3180 2250
4970 4390 3190 2230
4970 4400 3200 2210
4960 4400 3190 2210
4960 4400 3170 2220
4960 4400 3170 2360
4960 4390 3170 2390
4960 4390 3160 2400
4960 4390 3160 2380
4960 4400 3160 2360
4960 4400 3150 2350
4950 4390 3150 2370
4960 4390 3150 2430
4960 4390 3150 2490
4960 4390 3150 2520
4960 4380 3150 2490
4960 4390 3170 2460
4960 4390 3170 2420
4960 4390 3160 2390
4970 4390 3160 2370
4960 4390 3170 2360
4970 4380 3150 2350
4970 4380 3170 2350
4970 4380 3160 2350
4960 4380 3160 2350
4970 4390 3150 2370
4970 4400 3170 2370
4960 4400 3170 2370
4960 4390 3160 2380
4970 4390 3150 2380
4970 4390 3140 2390
4970 4390 3140 2400
4970 4400 3130 2400
4970 4400 3130 2420
4970 4410 3150 2430
4960 4410 3150 2420
4960 4410 3150 2420
4980 4410 3150 2420
4990 4390 3160 2450
4990 4390 3160 2460
4980 4390 3170 2450
4970 4390 3170 2440
4990 4390 3160 2440
4980 4380 3170 2450
4980 4390 3170 2450
4970 4390 3170 2450
4960 4390 3170 2450
4950 4400 3170 2440
4970 4380 3170 2440
4970 4390 3170 2440
4960 4400 3160 2450
4970 4400 3160 2450
4970 4400 3160 2470
4970 4400 3140 2480
4970 4400 3160 2470
4970 4400 3160 2470
4970 4400 3160 2460
4970 4400 3160 2470
4970 4400 3150 2480
4970 4400 3150 2470
4980 4400 3150 2460
4980 4390 3160 2460
4970 4410 3170 2470
4970 4410 3170 2450
4980 4410 3150 2440
4970 4390 3170 2400
4970 4380 3160 2400
4970 4390 3160 2400
4970 4380 3170 2440
4970 4390 3160 2450
4960 4390 3170 2450
4960 4390 3160 2430
4960 4390 3170 2400
4960 4390 3160 2400
4960 4390 3150 2400
4970 4390 3150 2430
4960 4370 3170 2470
4950 4370 3170 2460
4950 4370 3180 2460
4940 4380 3180 2490
4940 4380 3180 2490
4940 4390 3180 2480
4960 4390 3190 2420
4960 4390 3190 2380
4940 4390 3190 2350
4940 4390 3180 2330
4960 4390 3170 2350
4970 4370 3170 2360
4960 4400 3170 2370
4950 4400 3170 2360
4960 4410 3160 2360
4970 4410 3170 2340
4970 4410 3170 2330
4980 4410 3160 2330
4970 4410 3180 2340
4980 4410 3160 2350
4980 4400 3170 2380
4970 4410 3170 2380
4970 4390 3160 2360
4970 4400 3170 2360
4980 4410 3170 2360
4970 4410 3160 2370
4970 4410 3150 2360
4960 4410 3150 2350
4950 4410 3150 2340
4960 4390 3150 2340
4960 4380 3170 2340
4960 4370 3170 2340
