4560 3990 3630 2360
4560 3990 3590 2350
4560 3980 3610 2360
4560 3980 3630 2360
4560 3980 3630 2370
4560 3990 3610 2370
4560 3980 3580 2370
4560 3980 3550 2370
4560 3980 3540 2370
4570 3960 3700 2380
4560 3950 3630 2380
4560 3960 3570 2380
4560 3980 3570 2370
4550 3960 3550 2380
4550 4000 3540 2380
4550 3990 3530 2370
4550 3990 3540 2370
4550 4000 3580 2380
4550 4000 3650 2380
4560 4020 3650 2380
4560 4020 3720 2380
4560 4010 3780 2380
4570 3990 3790 2370
4570 3960 3810 2360
4560 3980 3730 2380
4560 3980 3700 2360
4570 3980 3700 2360
4570 3980 3760 2350
4570 3980 3840 2350
4570 3980 3880 2350
4570 3990 3890 2350
4570 3990 3880 2350
4570 3990 3800 2360
4570 3980 3760 2370
4570 3990 3720 2370
4570 3990 3700 2380
4560 3980 3680 2380
4560 3980 3670 2380
4560 3980 3670 2380
4560 3960 3670 2390
4560 3960 3650 2380
4560 3960 3630 2360
4560 3960 3610 2360
4550 3960 3600 2380
4550 3960 3600 2370
4560 3990 3630 2370
4560 3990 3650 2360
4560 3980 3640 2360
4550 3990 3620 2370
4560 4010 3580 2380
4560 4000 3590 2370
4560 3990 3570 2360
4560 3990 3550 2370
4560 3980 3540 2370
4570 3980 3560 2360
4570 3980 3630 2360
4570 3980 3630 2360
4570 3990 3630 2360
4570 3980 3610 2360
4570 3990 3670 2360
4560 3980 3700 2360
4560 3980 3700 2360
4570 4000 3720 2370
4570 3990 3650 2370
4570 4000 3670 2360
4580 4010 3630 2370
4580 4000 3590 2370
4570 4000 3630 2370
4570 4010 3650 2380
4570 4000 3600 2380
4570 3990 3620 2380
4570 3990 3630 2370
4570 3980 3590 2360
4570 3980 3560 2360
4570 3990 3560 2370
4570 3980 3550 2380
4570 3980 3530 2390
4570 3980 3510 2380
4570 4000 3480 2380
4570 3990 3460 2390
4570 3980 3500 2380
4570 3990 3520 2390
4570 3990 3520 2380
4580 3990 3510 2380
4580 4000 3510 2370
4570 3980 3520 2380
4570 3980 3520 2370
4570 3990 3520 2370
4570 3980 3590 2380
4570 3990 3620 2390
4570 4000 3630 2400
4570 4000 3690 2390
4570 3990 3730 2380
4570 3980 3680 2380
4570 3960 3640 2370
4570 3960 3610 2360
4570 3950 3580 2380
4570 3960 3560 2380
4570 3980 3560 2370
4570 3990 3550 2380
4570 3990 3540 2380
4570 4000 3530 2380
4570 3980 3520 2380
4570 3980 3530 2380
4570 3980 3530 2370
4580 3990 3520 2370
4580 3990 3510 2360
4580 3980 3510 2360
4580 3980 3510 2360
4580 3990 3500 2360
4580 3980 3500 2380
4560 3980 3460 2380
4560 3980 3460 2370
4560 3980 3450 2380
4560 3980 3430 2370
4560 3990 3430 2370
4560 3960 3330 2390
4550 3960 3340 2440
4550 3990 3340 2540
4550 4010 3360 2540
4550 4000 3360 2540
4550 3990 3360 2560
4550 3980 3330 2560
4550 3960 3330 2560
4560 3960 3330 2560
4550 3960 3330 2580
4550 3990 3330 2600
4550 3980 3340 2600
4560 3980 3360 2610
4560 3960 3360 2610
4560 3960 3340 2600
4560 3950 3340 2600
4560 3950 3340 2600
4560 3950 3340 2600
4560 3990 3340 2610
4560 3980 3360 2610
4560 4000 3360 2610
4560 3980 3360 2600
4560 3980 3360 2600
4560 3980 3360 2600
4560 3960 3340 2600
4560 3990 3340 2600
4560 3980 3330 2610
4560 3980 3330 2620
4570 3990 3330 2620
4570 4000 3330 2630
4570 3980 3330 2640
4570 3960 3330 2650
4570 3950 3340 2660
4560 3980 3340 2660
4560 3960 3330 2650
4560 3960 3330 2650
4560 3950 3330 2650
4560 3960 3330 2660
4570 3990 3320 2670
4570 3980 3320 2660
4570 3980 3320 2660
4570 3960 3320 2650
4570 3980 3320 2650
4570 3980 3330 2640
4570 4000 3330 2650
4560 3990 3330 2650
4570 4000 3330 2650
4570 4020 3330 2650
4560 4020 3330 2630
4560 4020 3330 2620
4550 4010 3330 2610
4550 4000 3340 2610
4570 4000 3340 2600
4570 4000 3340 2600
4570 3990 3340 2600
4570 3990 3340 2600
4570 4000 3330 2590
4570 4020 3340 2600
4560 4020 3330 2610
4570 4000 3330 2610
4570 3990 3330 2620
4570 4010 3340 2620
4560 4000 3360 2600
4550 4000 3340 2600
4550 4010 3340 2600
4560 4020 3330 2580
4560 4020 3330 2590
4560 4020 3330 2600
4560 4020 3330 2590
4560 4010 3320 2590
4560 4000 3340 2600
4560 3990 3340 2590
4550 3980 3330 2590
4550 3980 3340 2600
4550 3980 3330 2600
4550 3980 3340 2590
4550 4000 3330 2590
4550 3990 3330 2590
4550 3980 3330 2590
4550 4000 3340 2600
4550 3990 3360 2590
4550 4010 3360 2600
4560 4020 3340 2590
4550 3990 3330 2580
4550 3990 3340 2590
4560 3980 3330 2600
4560 3980 3330 2600
4560 3980 3330 2600
4570 3960 3330 2590
4570 3980 3340 2590
4560 3980 3340 2590
4560 3980 3360 2600
4560 3960 3340 2600
4560 3960 3360 2600
4550 3990 3340 2600
4560 3990 3360 2640
4560 3980 3340 2660
4560 3980 3340 2660
4550 3990 3330 2650
4540 4010 3330 2650
4540 4000 3330 2630
4550 4010 3360 2610
4550 4000 3330 2580
4550 4000 3330 2580
4550 3990 3330 2580
4550 4000 3330 2580
4550 3990 3340 2580
4550 3980 3340 2580
4560 3990 3340 2580
4570 3980 3340 2580
4580 4000 3340 2590
4580 3990 3340 2580
4580 3980 3340 2580
4570 3960 3330 2570
4570 3960 3340 2570
4570 4010 3330 2550
4570 4000 3330 2550
4570 3990 3330 2560
4570 3980 3330 2560
4570 3990 3330 2550
4570 4000 3330 2560
4570 3990 3340 2570
4570 3980 3330 2570
4570 3990 3330 2580
4570 3980 3330 2580
4560 4000 3340 2580
4570 3990 3340 2570
4570 3990 3330 2570
4570 3980 3340 2570
4570 3980 3330 2570
4570 3980 3340 2560
4570 3980 3330 2560
4570 4000 3330 2570
4570 3990 3340 2560
4570 4010 3330 2570
4570 3980 3330 2560
4570 3980 3330 2560
4580 4000 3340 2560
4580 3990 3330 2560
4580 4000 3330 2560
4580 4000 3330 2570
