3620 5010 2310 4340
3640 5020 2320 4350
3630 5030 2320 4350
3580 5020 2310 4340
3570 5030 2320 4350
3550 5030 2320 4340
3560 5020 2310 4340
3580 5030 2310 4340
3590 5030 2320 4350
3630 5020 2310 4350
3570 5020 2320 4350
3630 5020 2320 4350
3590 5020 2310 4350
3580 5020 2310 4340
3570 5020 2300 4340
3570 5020 2300 4340
3570 5020 2320 4340
3590 5020 2320 4350
3630 5020 2320 4340
3620 5020 2320 4340
3590 5020 2310 4350
3610 5020 2310 4350
3620 5020 2310 4350
3580 5000 2310 4360
3630 5010 2310 4350
3600 5020 2310 4350
3560 5020 2310 4350
3580 5020 2310 4350
3570 5020 2310 4340
3580 5020 2320 4350
3560 5020 2310 4350
3580 5020 2310 4350
3570 5020 2310 4340
3630 5010 2310 4340
3580 5010 2310 4340
3590 5000 2300 4350
3590 5010 2300 4340
3590 5010 2300 4340
3580 5010 2300 4340
3590 5010 2300 4340
3570 5020 2300 4340
3570 5020 2290 4350
3570 5020 2290 4350
3570 5020 2280 4340
3590 5020 2280 4350
3610 5030 2280 4340
3570 5030 2290 4340
3610 5020 2300 4340
3590 5020 2290 4340
3610 5020 2280 4340
3590 5020 2280 4350
3600 5020 2270 4350
3580 5010 2290 4340
3580 5010 2290 4340
3610 5010 2290 4340
3560 5010 2300 4340
3570 5010 2290 4340
3610 5020 2290 4340
3570 5020 2290 4340
3570 5020 2280 4350
3600 5020 2270 4350
3580 5020 2280 4350
3630 5010 2290 4350
3610 5000 2290 4350
3600 5000 2300 4350
3640 5010 2300 4340
3570 5020 2300 4340
3560 5020 2290 4340
3570 5020 2300 4340
3610 5010 2300 4340
3600 5010 2300 4340
3620 5010 2300 4340
3610 5010 2300 4340
3600 5010 2290 4340
3590 5010 2290 4340
3570 5010 2290 4340
3640 5000 2280 4340
3650 5000 2280 4340
3610 5000 2270 4340
3580 5010 2270 4340
3640 5010 2260 4340
3650 5010 2270 4330
3570 5010 2280 4340
3590 5020 2290 4340
3600 5020 2300 4340
3570 5020 2290 4340
3590 5010 2290 4340
3580 5020 2290 4340
3620 5010 2290 4340
3620 5020 2300 4340
3110 5490 2300 4340
3110 5540 2310 4340
3100 5480 2310 4330
3120 5540 2310 4340
3130 5520 2310 4340
3110 5500 2310 4340
3110 5480 2310 4340
3110 5540 2310 4340
3110 5500 2310 4340
3100 5540 2300 4340
3100 5500 2300 4340
3120 5540 2310 4340
3100 5520 2300 4340
3100 5510 2300 4340
3100 5500 2300 4340
3110 5500 2300 4340
3100 5500 2320 4340
3100 5500 2310 4340
3100 5500 2310 4340
3100 5540 2310 4340
3100 5540 2300 4340
3120 5480 2300 4340
3110 5540 2300 4330
3120 5540 2300 4330
3110 5520 2300 4330
3110 5540 2290 4340
3120 5480 2290 4340
3100 5480 2290 4340
3080 5500 2300 4340
3090 5540 2300 4340
3080 5500 2290 4340
3090 5550 2290 4350
3100 5530 2290 4340
3110 5500 2290 4340
3090 5520 2300 4350
3110 5500 2290 4350
3120 5540 2290 4350
3130 5540 2290 4350
3130 5480 2300 4350
3120 5500 2300 4350
3120 5480 2300 4360
3120 5540 2290 4350
3130 5500 2290 4350
3100 5530 2290 4340
3090 5500 2290 4340
3090 5480 2280 4350
3080 5510 2280 4350
3090 5480 2280 4340
3080 5480 2300 4350
3090 5500 2310 4350
3100 5490 2310 4370
3120 5520 2310 4370
3110 5520 2310 4360
3110 5480 2310 4350
3120 5490 2310 4340
3090 5480 2310 4340
3090 5540 2300 4340
3090 5500 2300 4340
3110 5540 2300 4340
3110 5500 2300 4340
3130 5470 2300 4340
3120 5530 2310 4340
3120 5540 2300 4340
3130 5500 2300 4340
3110 5530 2290 4340
3130 5470 2300 4350
3130 5480 2300 4350
3120 5540 2300 4350
3100 5540 2300 4350
3090 5480 2300 4340
3090 5540 2300 4350
3100 5480 2310 4350
3100 5500 2310 4340
3090 5480 2300 4340
3090 5520 2300 4350
3080 5500 2310 4350
3090 5550 2310 4350
3090 5540 2310 4350
3080 5490 2310 4350
3080 5490 2310 4350
3090 5490 2310 4350
3120 5480 2310 4350
3110 5480 2310 4350
3090 5480 2320 4350
3100 5540 2310 4350
3100 5480 2310 4340
3120 5540 2310 4340
3100 5500 2320 4340
