4380 3560 3570 2690
4380 3550 3570 2680
4360 3550 3570 2700
4360 3550 3570 2710
4360 3550 3560 2700
4570 3550 3560 2720
4580 3550 3560 2710
4540 3550 3560 2710
4610 3550 3560 2710
4510 3550 3560 2700
4470 3550 3560 2690
4450 3550 3570 2700
4450 3550 3570 2700
4490 3560 3570 2700
4490 3540 3570 2700
4490 3550 3570 2700
4540 3550 3570 2700
4490 3550 3570 2700
4430 3550 3570 2700
4410 3550 3570 2700
4400 3550 3570 2700
4380 3540 3570 2710
4380 3540 3570 2710
4420 3550 3570 2710
4450 3550 3570 2710
4470 3550 3560 2700
4470 3550 3560 2700
4470 3540 3560 2690
4460 3540 3560 2700
4450 3540 3560 2700
4440 3540 3560 2700
4520 3540 3560 2700
4660 3540 3560 2690
4630 3540 3560 2690
4630 3540 3550 2700
4740 3550 3550 2720
4540 3550 3550 2720
4700 3550 3550 2700
4700 3550 3550 2700
4730 3550 3550 2700
4760 3550 3550 2700
4740 3540 3550 2710
4690 3540 3550 2720
4650 3540 3550 2720
4620 3540 3550 2720
4580 3540 3560 2720
4560 3550 3560 2710
4530 3550 3560 2700
4510 3550 3560 2700
4500 3550 3560 2710
4500 3550 3560 2710
4500 3570 3560 2720
4490 3560 3560 2720
4470 3550 3560 2710
4450 3550 3560 2710
4450 3550 3560 2700
4450 3540 3560 2710
4430 3540 3560 2710
4430 3540 3560 2700
4420 3550 3570 2700
4420 3550 3570 2710
4420 3540 3570 2700
4420 3540 3570 2700
4420 3540 3570 2700
4430 3550 3570 2710
4440 3550 3570 2710
4440 3550 3570 2700
4470 3550 3560 2700
4490 3550 3560 2710
4480 3550 3560 2700
4480 3550 3570 2700
4480 3550 3570 2700
4460 3550 3570 2700
4430 3550 3570 2700
4400 3550 3570 2700
4390 3540 3570 2700
4370 3550 3570 2710
4360 3550 3570 2700
4370 3550 3570 2700
4380 3550 3570 2720
4390 3550 3570 2710
4390 3540 3570 2710
4400 3550 3570 2700
4400 3550 3570 2710
4400 3550 3570 2720
4390 3550 3570 2710
4370 3550 3570 2710
4370 3550 3570 2700
4370 3550 3570 2700
4370 3540 3570 2710
4370 3550 3570 2700
4370 3550 3570 2710
4180 3560 3830 2710
4180 3550 3830 2700
4170 3550 3840 2710
4170 3540 3840 2700
4190 3540 3880 2690
4190 3540 3910 2700
4180 3540 3930 2700
4180 3540 3940 2700
4180 3530 3960 2700
4190 3530 3940 2690
4180 3530 3890 2680
4180 3530 3850 2680
4200 3540 3880 2680
4190 3540 3890 2690
4190 3540 3930 2690
4190 3540 3940 2700
4180 3540 3930 2690
4180 3540 4030 2690
4170 3540 4050 2680
4170 3550 4000 2690
4180 3550 3950 2690
4170 3550 4040 2710
4180 3550 3980 2710
4180 3550 4040 2700
4180 3550 4060 2690
4180 3540 4020 2690
4180 3540 3990 2690
4170 3540 3950 2700
4170 3540 3940 2700
4170 3540 3920 2710
4170 3540 3920 2720
4180 3560 3950 2720
4190 3560 4030 2720
4190 3550 4170 2700
4200 3550 4210 2710
4190 3550 4260 2700
4180 3540 4330 2700
4180 3540 4390 2710
4180 3540 4180 2700
4190 3550 4060 2700
4200 3560 4000 2700
4190 3560 3940 2700
4190 3550 3890 2710
4190 3550 3860 2700
4200 3540 3830 2700
4190 3550 3820 2720
4180 3550 3800 2710
4180 3550 3780 2710
4180 3550 3770 2710
4180 3550 3770 2710
4180 3550 3780 2710
4180 3550 3790 2720
4180 3550 3810 2720
4180 3550 3810 2740
4190 3550 3800 2740
4180 3540 3810 2720
4190 3540 3810 2720
4190 3540 3810 2700
4190 3550 3800 2720
4190 3550 3800 2720
4190 3550 3800 2700
4190 3550 3790 2720
4200 3550 3780 2720
4200 3550 3760 2700
4200 3550 3750 2690
4190 3550 3750 2700
4180 3550 3750 2710
4180 3540 3760 2710
4190 3550 3760 2700
4190 3550 3780 2690
4190 3550 3800 2700
4190 3550 3830 2700
4190 3550 3850 2700
4180 3550 3860 2700
4180 3550 3860 2690
4180 3550 3850 2700
4190 3550 3850 2700
4180 3550 3850 2710
4180 3550 3830 2720
4180 3550 3800 2720
4180 3550 3760 2710
4180 3540 3760 2710
4190 3540 3760 2710
4180 3530 3780 2720
4190 3530 3780 2740
4180 3540 3790 2720
4180 3540 3780 2710
4190 3540 3770 2700
4180 3540 3770 2720
4180 3540 3770 2720
4180 3540 3750 2720
4180 3550 3730 2720
4180 3550 3750 2720
4180 3550 3730 2720
4180 3550 3750 2710
4180 3550 3780 2700
4190 3550 3820 2710
4180 3550 3820 2710
4180 3550 3800 2690
4190 3550 3800 2710
4180 3550 3800 2720
4190 3550 3800 2720
4180 3550 3800 2720
4180 3550 3780 2720
4180 3550 3790 2710
4180 3550 3810 2710
4180 3550 3820 2710
4180 3550 3830 2700
4170 3550 3830 2710
4180 3550 3830 2710
4180 3550 3830 2700
4190 3550 3830 2720
4190 3550 3840 2710
4190 3550 3850 2710
4180 3550 3850 2700
4190 3560 3850 2710
4180 3550 3850 2700
4180 3550 3860 2700
4180 3550 3860 2700
4180 3550 3860 2700
4180 3560 3850 2710
4180 3560 3850 2700
4180 3560 3860 2700
4190 3560 3860 2700
4180 3550 3860 2710
4180 3550 3860 2700
4180 3550 3870 2700
4190 3550 3860 2700
4190 3540 3860 2710
4180 3540 3850 2710
4190 3540 3850 2690
4180 3540 3840 2690
4180 3540 3830 2690
4180 3540 3820 2700
4180 3540 3820 2700
4180 3540 3820 2700
4180 3550 3830 2710
4180 3550 3850 2710
4180 3550 3850 2720
4190 3550 3850 2720
4200 3550 3860 2720
4200 3550 3860 2700
4190 3560 3840 2690
4200 3560 3840 2690
4190 3560 3830 2690
4190 3550 3810 2690
4180 3550 3800 2690
4180 3560 3720 2700
4180 3560 3780 2710
4190 3570 3780 2710
4180 3560 3800 2740
4190 3560 3850 2740
4190 3550 3860 2740
4190 3550 3860 2720
4200 3550 3800 2710
4190 3550 3790 2700
4180 3550 3790 2700
4190 3550 3800 2710
4180 3540 3820 2700
4180 3540 3840 2710
4180 3550 3840 2720
4180 3560 3820 2710
4180 3550 3780 2710
4180 3550 3740 2710
4170 3550 3730 2710
4190 3550 3790 2710
4190 3550 3800 2700
4180 3540 3780 2700
4180 3540 3740 2710
4190 3540 3690 2720
4180 3540 3770 2740
4180 3550 3730 2710
4180 3550 3730 2710
4180 3550 3730 2720
4180 3550 3730 2710
4180 3550 3740 2710
4180 3550 3750 2710
4190 3550 3770 2710
4190 3550 3780 2720
4190 3560 3790 2740
4180 3560 3810 2740
4180 3550 3820 2740
4180 3550 3820 2720
4180 3540 3820 2720
4180 3540 3830 2740
4180 3540 3850 2740
4180 3540 3850 2720
4180 3540 3850 2720
4200 3550 3850 2720
4190 3540 3840 2700
4200 3550 3840 2700
4190 3550 3860 2690
4180 3550 3850 2690
4180 3560 3840 2690
4180 3560 3830 2680
4190 3540 3830 2680
4180 3540 3830 2680
4180 3540 3830 2680
4180 3540 3830 2680
