3820 3630 3890 3100
3830 3670 3890 3100
3830 3640 3880 3100
3830 3620 3880 3090
3820 3660 3880 3090
3820 3670 3890 3100
3820 3630 3890 3100
3820 3670 3880 3110
3830 3660 3890 3110
3830 3640 3880 3110
3830 3650 3890 3110
3840 3690 3890 3110
3830 3620 3890 3110
3830 3620 3900 3110
3820 3660 3900 3110
3820 3630 3900 3110
3820 3660 3900 3110
3820 3630 3890 3110
3830 3620 3890 3110
3820 3610 3890 3110
3820 3650 3890 3110
3820 3670 3880 3110
3820 3620 3880 3100
3830 3590 3880 3100
3830 3600 3890 3100
3820 3580 3880 3100
3820 3630 3890 3090
3810 3600 3890 3100
3810 3620 3900 3100
3810 3650 3900 3100
3810 3640 3900 3110
3810 3670 3900 3110
3810 3610 3900 3110
3810 3680 3900 3110
3810 3630 3900 3110
3810 3610 3890 3120
3810 3630 3900 3110
3810 3630 3900 3110
3810 3640 3900 3110
3810 3680 3890 3110
3810 3640 3900 3100
3800 3640 3900 3090
3800 3640 3900 3090
3810 3610 3910 3090
3810 3610 3910 3090
3810 3640 3910 3100
3810 3680 3910 3100
3820 3680 3900 3110
3840 3640 3900 3100
3830 3630 3890 3100
3830 3680 3890 3110
3820 3690 3890 3110
3820 3640 3890 3110
3820 3630 3900 3110
3820 3650 3900 3110
3820 3640 3890 3110
3830 3600 3890 3110
3830 3640 3890 3100
3830 3660 3890 3110
3820 3600 3890 3110
3820 3620 3890 3110
3820 3610 3880 3110
3820 3640 3890 3110
3820 3590 3890 3110
3810 3650 3890 3110
3810 3650 3880 3110
3810 3610 3880 3110
3810 3590 3880 3110
3810 3620 3890 3110
3810 3630 3890 3110
3810 3640 3890 3110
3810 3610 3890 3110
3800 3660 3890 3110
3800 3660 3880 3110
3800 3620 3870 3110
3810 3610 3880 3120
3810 3610 3900 3120
3800 3630 3900 3110
3810 3620 3910 3110
3820 3620 3910 3110
3820 3670 3910 3110
3810 3690 3910 3110
3810 3610 3900 3100
3810 3650 3900 3100
3820 3680 3900 3100
3810 3610 3900 3100
3820 3680 3900 3100
3810 3660 3900 3100
3810 3640 3900 3100
3810 3660 3890 3100
3810 3610 3900 3100
3800 3630 3900 3100
3800 3620 3890 3100
3810 3670 3890 3100
3810 3600 3900 3100
3820 3600 3900 3110
3810 3610 3900 3110
3830 3640 3910 3110
3820 3670 3900 3100
3830 3620 3890 3100
3820 3600 3900 3100
3820 3620 3890 3100
3820 3650 3890 3100
3820 3620 3890 3100
3820 3600 3880 3100
3810 3600 3890 3100
3810 3620 3880 3100
3810 3630 3880 3110
3810 3640 3890 3110
3830 3650 3890 3110
3820 3580 3890 3110
3810 3610 3890 3110
3810 3590 3880 3100
3820 3130 4360 3100
3800 3130 4340 3100
3800 3140 4400 3100
3800 3150 4380 3100
3810 3160 4350 3110
3810 3160 4400 3100
3810 3160 4330 3100
3810 3140 4360 3100
3810 3150 4340 3100
3810 3160 4370 3100
3810 3150 4350 3110
3810 3170 4350 3110
3810 3160 4360 3110
3810 3160 4400 3100
3810 3160 4410 3100
3800 3150 4370 3100
3810 3150 4390 3100
3810 3140 4390 3100
3810 3140 4410 3100
3800 3140 4370 3110
3810 3150 4350 3100
3800 3150 4340 3100
3800 3160 4400 3100
3810 3160 4350 3100
3810 3160 4400 3100
3810 3170 4390 3100
3810 3150 4350 3100
3810 3150 4360 3100
3820 3150 4370 3090
3810 3160 4380 3090
3810 3160 4390 3090
3820 3150 4390 3090
3810 3150 4360 3090
3800 3130 4420 3090
3810 3130 4360 3100
3810 3130 4360 3100
3820 3130 4380 3090
3820 3140 4370 3100
3810 3160 4370 3100
3810 3170 4370 3100
3810 3160 4370 3100
3810 3160 4350 3100
3820 3160 4390 3100
3810 3160 4380 3100
3810 3160 4370 3100
3810 3170 4370 3110
3810 3180 4390 3100
3810 3180 4410 3100
3800 3170 4410 3110
3800 3160 4340 3110
3800 3160 4360 3100
3810 3170 4350 3090
3810 3160 4380 3100
3810 3160 4350 3100
3820 3150 4390 3100
3800 3140 4380 3110
3800 3150 4350 3100
3800 3140 4360 3110
3810 3150 4350 3110
3810 3140 4350 3100
3810 3140 4370 3100
3810 3150 4400 3100
3830 3150 4420 3100
3820 3140 4410 3100
3820 3140 4370 3100
3820 3150 4340 3100
3820 3150 4390 3100
3830 3130 4360 3100
3820 3120 4410 3100
3800 3140 4380 3110
3800 3140 4340 3110
3810 3150 4350 3110
3820 3140 4410 3100
3820 3150 4360 3100
3820 3160 4380 3100
3820 3180 4400 3100
3810 3170 4370 3100
3810 3160 4350 3100
3820 3140 4370 3110
3820 3140 4370 3110
3820 3150 4360 3110
3820 3160 4420 3100
3810 3140 4390 3090
3820 3140 4410 3090
3820 3130 4350 3090
3820 3140 4350 3110
3810 3150 4380 3120
3810 3150 4400 3120
3810 3140 4350 3120
3830 3150 4390 3120
3830 3140 4350 3120
3830 3150 4410 3110
3820 3150 4370 3110
3820 3160 4400 3120
3820 3160 4420 3120
3820 3140 4360 3120
3810 3140 4380 3110
3810 3140 4380 3110
3810 3160 4380 3110
3810 3150 4360 3110
3810 3150 4420 3100
3800 3140 4350 3110
3800 3140 4410 3110
3810 3140 4390 3110
3810 3140 4350 3110
3810 3150 4390 3110
3810 3140 4370 3110
3810 3150 4410 3110
3810 3160 4360 3110
3810 3150 4410 3110
3810 3140 4340 3110
3810 3150 4360 3110
3810 3150 4410 3110
3810 3160 4410 3110
3810 3160 4370 3110
3810 3150 4350 3110
