3550 2900 4220 3510
3550 2930 4210 3510
3540 2940 4210 3510
3550 2960 4220 3510
3550 2990 4220 3500
3550 2990 4220 3500
3550 3000 4220 3500
3540 3000 4220 3500
3540 2980 4220 3490
3550 2990 4220 3490
3540 3010 4220 3500
3540 2990 4220 3500
3550 2970 4220 3510
3550 3000 4220 3510
3550 3000 4220 3500
3550 2890 4220 3490
3550 2900 4220 3490
3550 2910 4210 3490
3550 2910 4210 3490
3540 2910 4210 3490
3550 3000 4220 3500
3550 3010 4220 3490
3550 3030 4220 3490
3550 3060 4230 3520
3540 3050 4230 3510
3540 3030 4220 3510
3540 3020 4230 3500
3540 3020 4230 3500
3540 3020 4230 3500
3540 3020 4220 3490
3550 3020 4220 3490
3550 3020 4220 3500
3540 3010 4220 3500
3530 3010 4220 3510
3540 3010 4220 3510
3540 3020 4230 3510
3540 3030 4230 3520
3540 3030 4230 3520
3550 3050 4220 3500
3550 3050 4210 3510
3560 3030 4210 3510
3550 3020 4220 3510
3550 3010 4220 3510
3550 3010 4220 3500
3550 3010 4220 3500
3550 3000 4220 3490
3560 2980 4220 3490
3550 2990 4230 3490
3550 3000 4220 3480
3550 3010 4220 3480
3550 3020 4220 3490
3550 3050 4220 3490
3540 3070 4220 3490
3540 3080 4220 3490
3540 3080 4210 3500
3540 3070 4230 3500
3540 3060 4220 3500
3540 3050 4230 3500
3540 3030 4210 3490
3540 3010 4220 3500
3540 3010 4220 3490
3550 3010 4200 3490
3550 3010 4200 3490
3550 3050 4190 3490
3560 3080 4210 3500
3560 3080 4220 3500
3570 3080 4220 3500
3570 3080 4230 3500
3560 3080 4230 3490
3560 3060 4230 3480
3560 3030 4230 3480
3550 3020 4230 3480
3550 3020 4230 3490
3550 3010 4220 3480
3550 3010 4220 3480
3550 2990 4220 3490
3530 2970 4220 3490
3540 2960 4220 3490
3540 2960 4220 3490
3540 2980 4220 3500
3540 3010 4220 3500
3550 3030 4220 3500
3560 3030 4220 3510
3560 3030 4220 3510
3560 3020 4220 3510
3550 3010 4220 3510
3530 3010 4220 3500
3530 3020 4210 3510
3550 3020 4210 3510
3550 3020 4210 3500
3550 3020 4220 3510
3550 3020 4220 3500
3560 3020 4220 3500
3550 3030 4220 3500
3550 3010 4220 3490
3550 3020 4220 3490
3550 3030 4220 3490
3560 3030 4220 3500
3560 3030 4220 3510
3570 3020 4210 3510
3570 3010 4220 3500
3560 3010 4220 3490
3540 2750 4200 3780
3550 2750 4210 3800
3550 2710 4200 3720
3550 2720 4210 3630
3540 2740 4210 3590
3540 2740 4220 3580
3530 2740 4220 3580
3530 2740 4220 3600
3540 2740 4230 3620
3540 2740 4230 3680
3540 2740 4220 3720
3540 2710 4220 3690
3540 2720 4220 3690
3540 2720 4220 3690
3550 2720 4220 3670
3540 2740 4210 3630
3540 2740 4210 3630
3550 2740 4210 3640
3550 2740 4210 3670
3550 2740 4210 3690
3540 2740 4220 3700
3550 2720 4220 3700
3560 2720 4220 3760
3560 2720 4220 3790
3570 2740 4230 3790
3560 2740 4220 3770
3570 2750 4220 3760
3570 2710 4220 3770
3560 2710 4220 3770
3540 2720 4220 3760
3540 2740 4220 3740
3560 2740 4220 3720
3550 2740 4220 3710
3550 2750 4220 3720
3550 2740 4220 3690
3550 2740 4220 3690
3550 2740 4220 3680
3540 2740 4220 3640
3550 2740 4220 3640
3540 2720 4220 3620
3550 2720 4220 3630
3550 2720 4220 3800
3550 2720 4220 3950
3560 2720 4220 4090
3560 2740 4220 4080
3540 2740 4220 3990
3530 2720 4220 3900
3530 2720 4220 3810
3530 2720 4220 3780
3530 2740 4220 3740
3530 2740 4210 3740
3550 2740 4220 3720
3550 2740 4220 3710
3550 2740 4220 3720
3550 2740 4230 3710
3550 2740 4230 3710
3540 2740 4230 3700
3540 2740 4230 3700
3550 2740 4230 3720
3540 2720 4230 3730
3530 2700 4230 3720
3540 2720 4230 3700
3560 2740 4220 3700
3560 2740 4220 3720
3560 2750 4220 3720
3560 2750 4220 3690
3550 2750 4220 3690
3540 2750 4230 3700
3540 2740 4230 3700
3540 2740 4230 3710
3540 2750 4210 3750
3540 2720 4210 3710
3550 2720 4220 3710
3540 2740 4210 3700
3530 2740 4210 3720
3540 2710 4220 3690
3540 2710 4210 3720
3540 2720 4220 3680
3550 2710 4220 3690
3550 2720 4220 3670
3550 2740 4210 3680
3550 2740 4210 3680
3540 2740 4210 3670
3540 2740 4210 3670
3550 2740 4210 3650
3550 2740 4210 3650
3540 2750 4220 3650
3540 2740 4210 3720
3560 2750 4210 3720
3560 2740 4220 3680
3550 2720 4220 3680
3550 2720 4220 3680
3550 2720 4220 3680
3540 2720 4230 3690
3540 2740 4230 3690
3530 2740 4230 3690
3530 2710 4230 3680
3530 2720 4230 3680
3540 2720 4220 3700
3540 2720 4210 3700
3540 2740 4210 3700
3530 2740 4210 3700
3530 2720 4210 3710
3530 2710 4210 3770
3530 2720 4210 3770
3530 2740 4210 3760
3540 2710 4220 3730
3540 2710 4210 3730
3530 2700 4210 3740
3530 2700 4210 3750
3530 2710 4210 3760
3530 2720 4210 3730
3540 2720 4210 3710
3530 2720 4210 3700
3530 2720 4210 3720
3540 2700 4210 3710
3540 2710 4210 3710
3540 2720 4210 3700
3540 2720 4210 3690
3540 2720 4210 3700
3540 2740 4210 3720
3550 2720 4220 3630
3550 2740 4210 3630
3550 2740 4220 3650
3550 2720 4220 3620
3560 2720 4230 3620
3550 2740 4230 3640
3560 2750 4230 3680
3560 2750 4230 3740
3540 2720 4230 3790
3540 2720 4240 3790
3540 2720 4240 3770
3540 2740 4230 3730
3550 2740 4230 3720
3550 2720 4230 3710
3550 2720 4220 3690
3550 2720 4210 3700
3550 2740 4210 3710
3550 2750 4220 3720
3550 2740 4220 3720
3550 2720 4220 3710
3550 2720 4220 3680
3550 2720 4220 3760
3540 2720 4220 3760
3540 2740 4210 3810
3540 2740 4210 3750
3560 2740 4220 3740
3550 2750 4220 3730
3550 2740 4220 3720
3550 2750 4220 3700
3550 2720 4220 3680
3550 2740 4210 3680
3550 2740 4210 3700
3550 2710 4210 3720
