3310 2440 4840 3900
3310 2430 4840 3900
3310 2420 4890 3900
3310 2430 4980 3910
3310 2450 5080 3910
3320 2450 5010 3900
3340 2440 4920 3910
3330 2430 4870 3910
3330 2440 4870 3900
3320 2430 4880 3900
3320 2420 4910 3900
3320 2430 5090 3890
3320 2440 6360 3880
3320 2430 6160 3880
3320 2440 7110 3870
3320 2440 6650 3890
3310 2440 6310 3890
3310 2440 6070 3890
3310 2450 5880 3890
3310 2440 5620 3900
3310 2440 5430 3910
3310 2430 5250 3910
3310 2440 6470 3900
3300 2450 6220 3900
3300 2430 6040 3900
3300 2430 5910 3890
3300 2430 5810 3890
3310 2430 5750 3900
3320 2420 5700 3900
3320 2420 5670 3900
3320 2420 5670 3910
3320 2420 5680 3920
3320 2430 5680 3910
3320 2430 5660 3910
3320 2420 5540 3900
3310 2400 5400 3910
3310 2420 5310 3910
3320 2440 5380 3930
3320 2430 5440 3920
3320 2430 5510 3920
3320 2420 5540 3920
3320 2420 5540 3910
3320 2420 5540 3910
3320 2420 5540 3910
3320 2430 5680 3910
3320 2420 6000 3900
3320 2430 5930 3900
3310 2430 5680 3900
3310 2420 5620 3890
3310 2430 5470 3890
3310 2440 5490 3900
3310 2420 5510 3890
3310 2420 5510 3890
3310 2420 5540 3900
3310 2420 5570 3900
3310 2440 5630 3910
3310 2450 5610 3910
3310 2440 5610 3900
3310 2440 5510 3910
3300 2450 5310 3900
3310 2460 5340 3900
3320 2460 5340 3900
3320 2450 5320 3910
3320 2450 5310 3910
3320 2450 5300 3910
3310 2440 5350 3910
3310 2440 5400 3910
3310 2440 5420 3910
3310 2430 5410 3910
3310 2430 5430 3910
3310 2420 5440 3910
3310 2430 5420 3900
3310 2420 5210 3890
3310 2420 5230 3890
3310 2420 5250 3900
3300 2420 5200 3900
3310 2400 5200 3900
3310 2420 5320 3900
3310 2420 5320 3900
3300 2420 5210 3890
3300 2400 5250 3890
3310 2440 5210 3890
3310 2450 5080 3890
3310 2450 4980 3890
3310 2440 5010 3900
3310 2440 4990 3900
3310 2450 4960 3900
3310 2430 4890 3910
3310 2430 5050 3900
3320 2420 5000 3910
3320 2430 5130 3910
3320 2420 5070 3910
3310 2420 5070 3900
3310 2400 4990 3900
3300 2420 4940 3900
3300 2400 4890 3910
3310 2400 4860 3920
3310 2420 5270 3910
3310 2420 6500 3910
3310 2440 6210 3910
3310 2420 5860 3910
3310 2440 5360 3900
3310 2420 5210 3900
3310 2420 5090 3900
3310 2400 5040 3890
3310 2400 4970 3890
3310 2420 5010 3890
3310 2400 5050 3900
3310 2420 5080 3900
3310 2430 5030 3900
3310 2430 5000 3900
3310 2430 5000 3900
3310 2440 4950 3910
3310 2440 4870 3910
3310 2430 4830 3920
3320 2440 4840 3910
3320 2420 4890 3910
3320 2430 4860 3900
3310 2430 4820 3900
3310 2440 4800 3900
3310 2440 4810 3900
3310 2450 4840 3900
3310 2440 4850 3910
3310 2440 4860 3910
3310 2440 4840 3900
3310 2420 4810 3910
3310 2420 4790 3910
3310 2430 4740 3910
3310 2400 4710 3900
3310 2400 4690 3900
3300 2440 4560 4510
3310 2430 4570 4550
3320 2430 4570 4620
3320 2440 4570 4670
3320 2430 4570 4630
3320 2440 4570 4540
3310 2430 4570 4450
3310 2430 4570 4420
3310 2400 4570 4390
3310 2400 4570 4420
3310 2400 4570 4480
3310 2400 4570 4540
3310 2420 4560 4510
3310 2420 4550 4530
3310 2430 4560 4640
3310 2420 4550 4660
3310 2430 4550 4520
3310 2420 4550 4430
3310 2430 4550 4480
3310 2450 4550 4560
3310 2450 4550 4570
3310 2450 4550 4550
3310 2440 4550 4560
3310 2450 4550 4580
3310 2440 4550 4610
3320 2450 4550 4640
3320 2440 4550 4670
3310 2430 4550 4660
3310 2430 4560 4610
3310 2430 4560 4570
3310 2420 4560 4580
3310 2430 4550 4600
3310 2430 4550 4630
3310 2420 4550 4630
3320 2400 4550 4600
3320 2400 4560 4650
3320 2420 4570 4680
3320 2430 4560 4760
3310 2400 4550 4780
3310 2400 4550 4770
3310 2400 4550 4770
3310 2430 4550 4790
3310 2440 4550 4720
3310 2430 4550 4720
3310 2450 4550 4720
3310 2450 4550 4670
3310 2450 4550 4630
3310 2450 4550 4580
3310 2440 4550 4580
3310 2430 4550 4620
3320 2430 4560 4630
3330 2440 4560 4640
3320 2440 4560 4630
3310 2430 4560 4610
3310 2420 4550 4600
3310 2440 4550 4660
3310 2430 4560 4690
3310 2430 4560 4710
3310 2440 4570 4730
3310 2430 4570 4740
3310 2420 4560 4750
3310 2420 4570 4750
3310 2420 4570 4730
3310 2420 4560 4670
3310 2420 4560 4660
3310 2420 4570 4650
3310 2400 4570 4640
3310 2400 4570 4670
3310 2400 4570 4740
3310 2400 4570 4780
3310 2400 4570 4820
3310 2400 4580 4840
3310 2420 4580 4860
3320 2430 4580 4870
3320 2440 4580 4830
3320 2420 4580 4830
3320 2420 4580 4850
3320 2440 4580 4870
3310 2440 4580 4880
3320 2440 4570 4870
3320 2430 4550 4840
3320 2440 4550 4820
