3230 2150 5000 4390
3270 2150 5000 4390
3460 2150 5000 4390
3520 2150 5000 4390
3580 2140 5000 4390
3520 2140 5000 4390
3440 2140 5000 4400
3390 2140 4990 4400
3370 2140 4990 4400
3360 2140 4990 4400
3340 2140 5000 4400
3330 2130 5000 4400
3290 2130 5000 4400
3280 2130 4990 4390
3280 2130 5000 4390
3280 2140 5000 4390
3280 2150 5000 4390
3250 2160 5000 4390
3250 2160 5000 4390
3270 2160 5010 4390
3250 2160 5000 4390
3230 2160 5000 4390
3210 2160 5010 4400
3230 2150 4990 4400
3270 2150 5000 4390
3270 2150 5010 4400
3270 2150 5010 4400
3260 2150 5000 4390
3270 2150 5010 4390
3270 2150 5010 4390
3270 2150 5000 4390
3250 2150 5000 4390
3260 2160 5000 4390
3270 2150 4990 4390
3270 2150 5000 4390
3250 2160 5000 4390
3240 2160 4990 4390
3240 2160 4990 4390
3220 2160 4990 4380
3220 2160 5000 4380
3210 2160 5010 4380
3250 2160 5010 4380
3310 2160 5020 4380
3380 2150 5010 4380
3530 2160 5010 4380
3490 2160 5000 4390
3420 2160 4990 4390
3430 2160 4990 4390
3430 2160 5000 4390
3420 2160 5000 4400
3410 2160 4990 4400
3410 2160 5000 4400
3420 2160 5010 4410
3430 2160 5010 4410
3420 2160 5010 4410
3390 2160 5000 4400
3360 2160 5000 4400
3320 2160 4990 4400
3300 2160 5000 4400
3290 2160 5000 4390
3310 2160 5000 4390
3310 2160 5000 4390
3300 2160 5000 4390
3300 2160 5010 4380
3300 2160 5010 4380
3290 2160 5010 4380
3280 2160 5010 4390
3300 2160 5010 4390
3270 2150 5000 4390
3240 2150 4980 4400
3230 2150 5000 4400
3220 2150 5000 4390
3200 2160 5010 4390
3200 2150 5000 4390
3200 2150 5000 4380
3220 2150 5000 4380
3210 2150 5000 4390
3210 2150 5010 4390
3210 2150 5010 4390
3210 2160 5010 4390
3220 2160 5010 4400
3230 2160 5000 4400
3240 2160 5000 4390
3250 2160 5000 4380
3270 2160 4990 4380
3280 2150 4980 4380
3270 2150 4980 4380
3250 2160 4990 4380
3240 2160 5000 4380
3220 2150 5000 4380
3220 2160 5010 4380
3230 2160 5000 4380
3250 2160 5000 4380
3250 2160 5010 4380
3270 2160 5010 4390
3270 2150 5010 4390
3270 2160 5000 4390
3280 2150 5000 4390
3290 2150 5000 4390
3280 2140 5000 4390
3270 2140 5010 4390
3280 2140 5000 4390
3290 2150 5010 4390
3290 2150 5010 4390
3290 2160 5010 4390
3290 2160 5020 4390
3290 2160 5020 4390
3290 2150 5010 4390
3290 2150 5000 4390
3290 2160 5000 4390
3130 2150 5780 4390
3130 2140 5850 4390
3120 2140 5900 4390
3120 2140 6690 4400
3120 2150 6550 4400
3120 2150 6350 4400
3130 2150 6180 4400
3130 2150 5870 4390
3140 2150 5640 4390
3140 2150 5520 4390
3130 2150 5460 4390
3130 2150 5460 4390
3130 2150 5360 4380
3140 2150 5590 4390
3140 2150 5660 4400
3120 2150 5600 4400
3130 2150 5560 4400
3130 2150 5500 4400
3130 2150 5570 4400
3130 2150 5650 4380
3130 2140 5700 4380
3120 2130 5700 4390
3120 2140 5680 4390
3120 2150 5710 4390
3120 2140 5690 4380
3130 2140 5660 4390
3130 2140 5680 4400
3140 2150 5680 4400
3130 2140 5680 4390
3120 2150 5650 4390
3120 2150 5660 4390
3120 2150 5580 4390
3130 2140 5540 4390
3140 2140 5510 4390
3140 2140 5510 4390
3140 2150 5630 4390
3140 2150 5700 4390
3130 2150 5750 4390
3120 2150 5660 4390
3120 2150 5720 4390
3120 2150 5680 4390
3110 2150 5730 4380
3120 2140 5760 4390
3120 2140 5740 4390
3120 2140 5760 4390
3120 2140 5780 4390
3120 2140 5790 4390
3110 2150 5810 4380
3110 2150 5800 4380
3110 2150 5780 4390
3110 2160 5610 4390
3110 2160 5610 4390
3120 2160 5660 4390
3120 2160 5600 4390
3130 2170 5670 4390
3130 2170 5490 4390
3130 2160 5430 4390
3130 2160 5420 4390
3130 2160 5480 4390
3130 2150 5590 4390
3140 2160 5460 4390
3140 2150 5370 4390
3140 2150 5330 4400
3140 2150 5460 4400
3130 2140 5570 4400
3120 2140 5570 4390
3120 2140 5670 4400
3120 2140 5510 4400
3120 2140 5630 4390
3120 2140 5670 4390
3120 2140 5700 4400
3110 2150 5720 4400
3120 2150 5550 4390
3120 2150 5410 4390
3110 2150 5450 4390
3130 2150 5340 4390
3130 2150 5510 4390
3130 2160 5630 4390
3130 2160 5480 4390
3120 2160 5370 4390
3110 2160 5480 4400
3110 2160 5510 4400
3120 2150 5490 4400
3110 2150 5540 4400
3120 2140 5300 4400
3120 2140 5300 4400
3120 2140 5330 4400
3120 2140 5320 4400
3120 2140 5350 4400
3120 2140 5310 4400
3130 2140 5390 4400
3130 2140 5390 4390
3130 2150 5480 4390
3120 2150 5510 4390
3140 2160 5610 4390
3130 2160 5640 4390
3130 2150 5630 4400
3130 2140 5660 4400
3120 2140 5640 4400
3130 2140 5600 4400
3130 2130 5580 4400
3140 2140 5400 4410
3150 2140 5370 4410
3140 2140 5290 4400
3140 2150 5350 4400
3140 2150 5400 4400
3140 2150 5540 4400
3140 2150 5540 4400
3150 2150 5510 4400
3150 2150 5450 4400
3150 2150 5430 4390
3150 2150 5510 4390
3160 2140 5600 4390
3150 2140 5690 4390
3150 2140 5750 4390
3130 2150 5410 4390
3130 2150 5480 4400
3130 2150 5500 4400
3130 2150 5500 4390
3120 2150 5510 4400
3120 2150 5510 4400
3120 2160 5550 4400
3110 2160 5590 4400
3110 2160 5660 4390
3120 2160 5710 4390
3120 2150 5760 4390
3130 2150 5790 4390
3130 2150 5580 4400
3130 2150 5580 4390
3130 2160 5560 4390
3120 2160 5650 4390
3120 2160 5720 4380
3120 2160 5540 4380
3120 2160 5390 4380
3120 2160 5290 4380
3110 2160 5320 4390
3110 2160 5380 4390
3110 2160 5440 4390
