3140 2000 5440 4830
3170 2000 5440 4830
3200 2000 5440 4820
3320 2000 5440 4820
3510 2010 5440 4830
3440 2010 5430 4830
3370 2000 5430 4830
3250 2010 5430 4830
3200 2000 5420 4830
3230 2000 5430 4840
3250 2010 5440 4830
3270 2010 5440 4820
3250 2010 5430 4820
3260 2010 5430 4830
3260 2020 5430 4830
3270 2020 5440 4820
3270 2010 5440 4830
3260 2010 5440 4830
3280 2010 5440 4840
3290 2000 5440 4840
3290 2000 5440 4840
3300 2010 5440 4840
3300 2010 5440 4830
3300 2010 5440 4820
3290 2010 5440 4820
3300 2010 5440 4830
3300 2010 5440 4830
3290 2010 5430 4820
3270 2010 5430 4830
3270 2030 5440 4830
3270 2030 5440 4830
3270 2030 5440 4820
3290 2020 5440 4820
3300 2010 5430 4840
3300 2000 5440 4830
3300 2000 5440 4820
3290 2000 5440 4810
3280 2000 5440 4810
3270 2010 5440 4820
3260 2010 5430 4820
3230 2030 5430 4840
3240 2020 5430 4830
3240 2020 5430 4830
3240 2020 5430 4820
3240 2020 5430 4820
3230 2010 5430 4830
3220 2010 5430 4830
3220 2010 5430 4840
3210 2010 5430 4840
3210 2010 5440 4820
3210 2010 5430 4810
3210 2000 5430 4810
3220 2010 5430 4820
3230 2010 5430 4820
3230 2010 5430 4830
3230 2000 5440 4840
3240 2010 5440 4830
3240 2010 5440 4830
3250 2010 5440 4820
3250 2010 5440 4820
3250 2020 5430 4830
3250 2020 5430 4840
3250 2020 5430 4840
3250 2020 5430 4840
3250 2020 5440 4840
3220 2020 5440 4840
3220 2020 5440 4840
3210 2030 5440 4850
3210 2030 5440 4860
3320 2020 5440 4860
3240 2030 5440 4840
3220 2030 5440 4840
3170 2010 5430 4840
3160 2000 5430 4830
3150 2000 5430 4840
3160 2000 5430 4840
3160 2020 5440 4840
3140 2010 5440 4830
3140 2020 5440 4830
3190 2030 5430 4820
3180 2020 5430 4830
3160 2020 5430 4830
3160 2020 5430 4840
3160 2020 5420 4840
3140 2020 5420 4840
3140 2020 5420 4830
3140 2030 5420 4820
3150 2030 5430 4810
3160 2020 5430 4810
3150 2020 5440 4810
3140 2020 5430 4820
3130 2010 5430 4820
3120 2010 5430 4810
3120 2010 5430 4820
3120 2010 5430 4820
3120 2010 5420 4810
3100 2010 5430 4820
3120 2010 5430 4820
3140 2010 5430 4820
3150 2010 5430 4830
3160 2020 5430 4810
3160 2020 5430 4830
3160 2020 5430 4830
3160 2020 5430 4830
3160 2010 5430 4820
3170 2010 5430 4830
3160 2010 5430 4830
3160 2020 5440 4840
3150 2020 5440 4820
3150 2020 5440 4830
3150 2010 5440 4830
3150 2000 5440 4820
3150 2010 5440 4830
3150 2010 5450 4840
2990 2280 5440 4840
2990 2250 5440 4830
2990 2270 5430 4830
2990 2300 5430 4830
2990 2360 5420 4840
2990 2350 5420 4840
2990 2330 5420 4840
3000 2310 5430 4820
3000 2280 5430 4810
3000 2280 5430 4820
2990 2300 5430 4810
2990 2300 5430 4810
2990 2300 5430 4820
2990 2290 5440 4830
2990 2310 5440 4830
2990 2330 5440 4830
3000 2280 5440 4820
3000 2260 5440 4810
3000 2260 5440 4820
2990 2280 5440 4830
2990 2300 5440 4830
2990 2320 5440 4820
2990 2300 5440 4810
2990 2300 5440 4830
2980 2310 5440 4820
2980 2320 5440 4820
2980 2320 5430 4830
2980 2360 5430 4830
2990 2390 5430 4840
2980 2380 5430 4830
2980 2370 5430 4840
2980 2330 5440 4830
2980 2320 5440 4810
2990 2310 5440 4820
2990 2320 5440 4830
2990 2310 5440 4850
3000 2310 5440 4850
3000 2290 5440 4830
3000 2270 5440 4840
3010 2210 5440 4830
3010 2250 5440 4830
3010 2280 5440 4830
3000 2280 5440 4820
3000 2310 5440 4820
3000 2300 5440 4810
2980 2300 5430 4800
2980 2290 5430 4810
2980 2290 5440 4810
2980 2310 5430 4810
2990 2320 5430 4820
3000 2280 5440 4810
2990 2280 5440 4830
2990 2240 5440 4830
2990 2300 5440 4820
2990 2300 5440 4830
2990 2290 5430 4840
2980 2310 5420 4840
2990 2340 5420 4830
2970 2340 5420 4830
2990 2300 5430 4820
3000 2420 5430 4830
2990 2400 5440 4830
2990 2340 5440 4830
2990 2530 5440 4820
2990 2460 5430 4820
2990 2450 5430 4810
2990 2390 5430 4810
2990 2360 5430 4820
3000 2400 5430 4810
3000 2360 5440 4810
3000 2360 5430 4820
3000 2350 5430 4830
2980 2330 5430 4830
2980 2310 5430 4830
2980 2310 5430 4830
2980 2300 5430 4820
2990 2290 5430 4830
2990 2280 5430 4830
2990 2270 5440 4820
3000 2290 5440 4820
3000 2290 5440 4830
3000 2330 5440 4820
3000 2340 5440 4820
3000 2310 5430 4810
3000 2300 5430 4820
2990 2290 5420 4820
2990 2310 5430 4830
2990 2330 5430 4830
3000 2370 5430 4840
2990 2400 5430 4840
2990 2440 5420 4830
2990 2450 5420 4820
2990 2450 5420 4830
2990 2450 5420 4830
2980 2440 5420 4830
