3470 1690 5780 4660
3470 1720 5780 4660
3470 1720 5780 4660
3470 1750 5780 4660
3480 1820 5790 4660
3480 1930 5780 4660
3480 1970 5780 4660
3480 1930 5780 4660
3480 1920 5780 4650
3480 1890 5790 4650
3480 1870 5780 4640
3480 1810 5780 4660
3470 1800 5780 4650
3480 1800 5780 4650
3480 1780 5780 4650
3470 1800 5780 4650
3470 1930 5780 4650
3480 1990 5780 4650
3480 2020 5780 4650
3470 2030 5780 4650
3480 2050 5780 4640
3490 2050 5780 4660
3490 2050 5780 4650
3490 2050 5780 4660
3490 2060 5780 4660
3480 2050 5790 4670
3480 2050 5780 4660
3480 2050 5780 4660
3470 2050 5780 4660
3480 2050 5780 4660
3480 2060 5780 4660
3490 2040 5780 4660
3490 1970 5780 4670
3490 1920 5780 4660
3490 1920 5790 4660
3490 1930 5790 4650
3490 1900 5790 4660
3480 1920 5790 4660
3480 1920 5790 4660
3470 1920 5780 4660
3480 1910 5780 4660
3480 1890 5780 4660
3480 1890 5790 4660
3480 1890 5790 4660
3480 1910 5790 4660
3470 1900 5780 4660
3470 1920 5780 4660
3470 1950 5780 4670
3480 1950 5780 4660
3480 1980 5780 4670
3480 2020 5780 4660
3480 2040 5780 4670
3480 2060 5780 4660
3490 2040 5780 4650
3490 2000 5780 4650
3490 1990 5780 4660
3490 1980 5780 4660
3490 1970 5780 4660
3490 1990 5780 4660
3490 2070 5780 4660
3480 2070 5780 4660
3470 2050 5770 4660
3470 1970 5770 4660
3470 2000 5770 4660
3470 1980 5770 4660
3470 1950 5780 4660
3470 1950 5780 4660
3470 1910 5790 4660
3480 1910 5790 4660
3480 1890 5790 4660
3470 1890 5790 4670
3490 1900 5790 4660
3490 1890 5790 4660
3490 1880 5790 4660
3490 1850 5790 4670
3480 1850 5790 4660
3480 1850 5790 4670
3470 1890 5790 4650
3480 1900 5780 4650
3480 1890 5780 4650
3480 1880 5780 4650
3480 1870 5790 4660
3480 1860 5780 4660
3470 1860 5780 4660
3480 1890 5780 4670
3480 1910 5780 4670
3470 1930 5790 4660
3490 1920 5790 4660
3490 1920 5790 4650
3490 1930 5790 4650
3480 1930 5790 4650
3480 1940 5790 4640
3480 1940 5790 4640
3480 1920 5790 4640
3480 1920 5790 4640
3480 1920 5780 4650
3490 1930 5780 4650
3480 1910 5780 4660
3480 1930 5780 4660
3470 1930 5780 4660
3460 1930 5780 4650
3460 1930 5780 4640
3470 1920 5780 4640
3470 1930 5780 4640
3460 1920 5790 4650
3460 1930 5790 4650
3460 1940 5790 4650
3460 1930 5790 4660
3460 1920 5780 4650
3470 1930 5790 4650
3470 1920 5790 4650
3470 1930 5790 4650
3470 1920 5790 4650
3460 1940 5790 4650
3470 1940 5790 4650
3480 1930 5780 4650
3470 1940 5780 4650
3470 1960 5780 4660
3470 1980 5780 4670
3480 2030 5780 4660
3490 2070 5780 4650
3480 2070 5790 4650
3480 2110 5780 4640
3470 2070 5780 4640
3470 2030 5780 4650
3470 1970 5780 4650
3470 1920 5770 4650
3470 1920 5770 4650
3470 1920 5780 4670
3470 1910 5790 4680
3470 1910 5790 4670
3470 1890 5790 4660
3480 1490 5800 5050
3470 1490 5790 4970
3470 1490 5790 4890
3470 1490 5780 4860
3490 1500 5780 4860
3480 1510 5780 4840
3490 1500 5780 4840
3470 1510 5780 4840
3480 1500 5780 4850
3470 1490 5770 4880
3470 1490 5770 4910
3470 1500 5770 4870
3460 1490 5780 4860
3480 1470 5780 4890
3470 1490 5780 4920
3490 1470 5780 4920
3480 1470 5780 4910
3480 1470 5790 4910
3470 1470 5790 4910
3480 1470 5780 4890
3470 1470 5780 5140
3480 1470 5780 5300
3470 1490 5790 5560
3480 1460 5790 5630
3480 1460 5790 5730
3480 1470 5780 5650
3490 1470 5780 5630
3480 1490 5780 5610
3490 1490 5780 5620
3490 1470 5780 5650
3480 1490 5780 5670
3470 1470 5780 5700
3470 1460 5780 5700
3480 1460 5780 5500
3480 1460 5780 5570
3480 1490 5790 5580
3490 1470 5800 5520
3480 1470 5790 5520
3480 1500 5790 5510
3480 1500 5790 5500
3500 1490 5780 5470
3490 1470 5780 5500
3500 1460 5780 5520
3500 1460 5780 5560
3490 1460 5780 5550
3480 1470 5790 5550
3480 1470 5790 5550
3480 1460 5790 5540
3470 1470 5790 5550
3470 1470 5790 5560
3480 1460 5790 5620
3480 1490 5790 5430
3470 1490 5780 5350
3460 1470 5790 5300
3470 1470 5790 5280
3470 1490 5790 5260
3460 1490 5790 5240
3460 1490 5790 5200
3460 1500 5790 5120
3460 1500 5780 5050
3470 1490 5780 5020
3490 1500 5780 4990
3490 1500 5780 4990
3480 1470 5780 5010
3470 1490 5790 5080
3470 1500 5790 5040
3470 1500 5780 5030
3470 1500 5780 5060
3480 1500 5780 5040
3470 1490 5780 5030
3480 1490 5780 5020
3470 1490 5780 5070
3470 1490 5780 5110
3470 1490 5790 5140
3480 1490 5790 5110
3480 1490 5790 5100
3480 1490 5790 5070
3480 1470 5780 5100
3480 1470 5780 5090
3470 1470 5780 5090
3460 1460 5790 5080
3460 1470 5790 5070
3470 1490 5790 5100
3470 1470 5790 5070
3470 1470 5790 5100
3480 1470 5790 5150
3470 1470 5780 5160
3460 1460 5780 5160
3470 1470 5780 5160
3470 1470 5780 5170
3470 1490 5780 5170
3470 1490 5780 5160
3460 1500 5780 5150
3460 1500 5790 5160
3460 1500 5790 5170
3450 1500 5790 5190
3460 1490 5790 5170
3480 1490 5790 5160
3480 1490 5790 5180
3480 1470 5790 5170
3490 1490 5790 5150
3500 1490 5780 5150
3500 1470 5790 5150
3500 1490 5790 5160
3500 1470 5780 5160
3490 1490 5780 5170
3490 1490 5780 5190
3480 1490 5790 5180
3480 1490 5790 5140
3490 1490 5790 5130
