3580 1730 5590 4230
3570 1730 5590 4240
3570 1730 5570 4240
3570 1730 5550 4250
3570 1730 5570 4250
3570 1730 5550 4230
3580 1730 5640 4230
3580 1730 5670 4220
3580 1730 5640 4230
3580 1740 5620 4230
3580 1740 5570 4230
3580 1730 5540 4210
3580 1730 5510 4220
3590 1730 5500 4220
3580 1730 5580 4210
3580 1740 5580 4230
3590 1740 5560 4230
3580 1740 5560 4240
3580 1740 5600 4230
3570 1740 5610 4240
3570 1740 5620 4230
3580 1740 5620 4220
3580 1740 5590 4220
3580 1740 5550 4220
3590 1740 5910 4220
3590 1740 6010 4220
3590 1740 6090 4230
3600 1740 6200 4240
3600 1740 6130 4220
3600 1740 5930 4220
3600 1740 5650 4230
3600 1730 5630 4240
3600 1740 5550 4240
3600 1740 5510 4220
3590 1740 5550 4210
3590 1730 5710 4220
3580 1750 5800 4230
3580 1740 5870 4230
3580 1740 5880 4220
3580 1740 5810 4240
3580 1730 5770 4230
3590 1730 5750 4250
3580 1730 5710 4250
3580 1740 5670 4260
3580 1730 5640 4250
3580 1730 5630 4240
3580 1730 5630 4230
3580 1740 5630 4240
3580 1750 5630 4240
3580 1750 5610 4240
3580 1750 5590 4250
3590 1750 5560 4230
3580 1740 5540 4240
3590 1750 5540 4250
3600 1760 5540 4240
3590 1760 5560 4220
3580 1760 5580 4230
3600 1750 5600 4220
3600 1760 5700 4240
3590 1760 5670 4240
3590 1750 5650 4230
3590 1750 5640 4230
3590 1740 5640 4240
3590 1740 5640 4250
3590 1740 5590 4240
3590 1740 5560 4250
3590 1740 5520 4240
3570 1730 5550 4230
3570 1730 5590 4220
3580 1730 5740 4210
3590 1730 5810 4220
3580 1730 5870 4230
3580 1740 5920 4230
3590 1750 5730 4240
3580 1750 5650 4250
3580 1750 5620 4250
3580 1750 5690 4250
3590 1740 5760 4240
3590 1740 5810 4250
3590 1740 5680 4250
3590 1750 5600 4260
3590 1750 5550 4240
3580 1750 5470 4250
3580 1720 5340 4430
3590 1740 5340 4530
3590 1730 5340 4510
3580 1730 5340 4690
3590 1740 5340 4970
3590 1740 5340 4920
3580 1740 5340 4890
3580 1740 5330 4870
3590 1750 5330 4860
3590 1740 5330 4950
3590 1730 5330 5020
3600 1730 5330 5050
3590 1730 5330 5070
3590 1730 5330 4980
3590 1730 5330 4980
3590 1720 5340 5030
3590 1720 5340 5060
3590 1720 5340 5120
3590 1720 5350 5100
3590 1730 5350 5090
3580 1730 5340 5080
3580 1730 5340 5090
3580 1740 5340 5150
3590 1740 5340 5200
3590 1740 5350 5230
3590 1740 5350 5210
3590 1730 5350 5210
3580 1730 5350 5200
3570 1730 5350 5210
3570 1730 5350 5270
3570 1730 5340 5210
3580 1720 5340 5170
3580 1720 5340 5170
3580 1730 5340 5160
3580 1730 5340 5160
3570 1730 5350 5130
3570 1730 5350 5110
3570 1730 5350 5090
3570 1730 5350 5070
3570 1740 5340 5070
3580 1740 5340 5080
3580 1740 5340 5090
3580 1730 5340 5090
3580 1730 5340 5090
3580 1740 5330 5120
3580 1740 5340 6050
3580 1740 5340 5600
3580 1730 5340 5300
3580 1730 5340 5110
3580 1730 5340 5020
3580 1740 5340 4850
3570 1740 5340 4760
3570 1740 5340 4690
3570 1740 5340 4660
3580 1730 5340 4670
3580 1740 5340 4660
3580 1740 5340 4640
3580 1740 5340 4650
3580 1740 5340 4670
3600 1740 5340 4780
3590 1740 5330 4920
3590 1740 5330 4790
3590 1740 5330 4770
3600 1730 5330 4760
3600 1720 5330 4840
3590 1730 5330 4910
3590 1730 5330 4990
3590 1730 5330 5030
3590 1730 5330 5060
3590 1730 5330 5090
3590 1730 5340 5100
3590 1730 5340 5110
3590 1730 5350 5120
3590 1740 5350 5130
3580 1750 5340 5150
3580 1740 5340 5230
3580 1740 5340 5190
3560 1740 5340 5190
3560 1740 5340 5190
3580 1740 5350 5180
3590 1740 5340 5160
3590 1740 5340 5160
3580 1740 5340 5160
3580 1730 5330 5130
3580 1730 5330 5100
3580 1730 5340 5100
3580 1730 5340 5070
3580 1730 5350 4910
3590 1730 5350 4890
3590 1730 5340 5050
3580 1740 5340 5130
3590 1730 5330 5070
