3990 2070 4940 3700
3990 2070 4950 3710
3990 2070 4950 3710
3990 2080 4950 3710
3980 2080 4950 3710
3960 2070 4950 3700
3950 2070 4950 3700
3940 2070 4950 3700
3940 2070 4950 3690
3950 2070 4950 3680
3950 2070 4940 3680
3950 2070 4940 3680
3950 2070 4940 3680
3950 2070 4940 3690
3960 2070 4940 3690
3960 2070 4930 3690
3960 2070 4930 3680
3960 2070 4930 3680
4000 2070 4930 3690
3990 2070 4930 3690
4000 2070 4930 3690
4000 2070 4930 3690
3990 2070 4920 3690
3980 2070 4920 3690
3960 2070 4920 3690
3980 2070 4930 3700
3980 2070 4930 3700
3960 2070 4930 3690
3980 2070 4930 3690
3990 2070 4930 3700
4000 2060 4930 3700
4000 2050 4930 3700
4000 2050 4940 3700
4000 2050 4930 3700
4000 2060 4930 3700
4010 2060 4920 3690
4010 2060 4920 3690
4010 2060 4930 3690
4000 2070 4940 3690
4000 2070 4940 3690
4030 2070 4940 3700
4030 2070 4940 3700
4030 2080 4940 3700
4030 2080 4940 3700
4010 2070 4940 3700
4000 2070 4940 3700
3980 2070 4940 3690
3980 2070 4940 3690
3960 2070 4940 3690
3960 2070 4940 3690
3960 2070 4940 3690
3960 2070 4940 3690
3960 2070 4940 3690
3980 2070 4930 3690
3980 2060 4930 3690
3980 2060 4930 3690
3980 2060 4930 3690
3980 2060 4930 3690
3980 2050 4930 3690
3980 2050 4930 3700
3980 2050 4930 3700
3980 2050 4930 3700
3980 2050 4930 3700
3980 2060 4930 3690
3980 2070 4930 3680
3980 2070 4930 3680
3960 2070 4930 3680
3960 2070 4930 3680
3960 2070 4930 3680
3960 2070 4930 3680
3960 2070 4930 3680
3960 2070 4930 3690
3960 2060 4930 3690
3960 2060 4940 3700
3980 2050 4940 3690
3980 2060 4940 3690
3980 2060 4940 3690
3960 2070 4940 3690
3950 2070 4940 3690
3930 2070 4940 3690
3930 2070 4940 3690
3940 2070 4940 3690
3940 2060 4950 3690
3930 2060 4950 3690
3930 2050 4950 3690
3940 2060 4940 3690
3950 2060 4930 3690
3950 2060 4930 3690
3950 2050 4940 3690
3950 2050 4940 3690
3950 2050 4940 3690
3940 2050 4940 3690
3760 2070 4950 3910
3760 2070 4940 3960
3760 2070 4940 4000
3760 2080 4940 4020
3760 2080 4940 4040
3760 2080 4940 4060
3770 2070 4930 4080
3770 2070 4930 4080
3770 2070 4920 4100
3770 2070 4920 4110
3770 2080 4930 4110
3770 2070 4930 4120
3750 2070 4930 4170
3760 2070 4930 4190
3750 2070 4930 4200
3750 2070 4930 4220
3760 2060 4940 4220
3760 2060 4940 4210
3770 2060 4940 4210
3770 2070 4940 4190
3770 2070 4940 4170
3770 2070 4940 4150
3770 2070 4940 4160
3770 2070 4940 4160
3770 2070 4940 4160
3780 2070 4940 4160
3780 2070 4940 4140
3780 2070 4940 4140
3780 2070 4940 4140
3780 2070 4930 4130
3770 2070 4930 4140
3770 2070 4930 4140
3760 2080 4940 4140
3760 2070 4940 4150
3770 2070 4940 4150
3790 2080 4940 4160
3780 2070 4940 4150
3780 2060 4940 4160
3780 2060 4940 4150
3770 2060 4940 4140
3770 2060 4940 4150
3770 2060 4950 4150
3770 2070 4950 4150
3770 2070 4940 4140
3780 2070 4940 4140
3780 2070 4940 4140
3780 2070 4940 4140
3770 2070 4950 4140
3770 2070 4950 4140
3770 2060 4950 4150
3770 2060 4950 4190
3760 2060 4950 4220
3750 2060 4940 4230
3760 2060 4940 4240
3770 2070 4950 4240
3770 2070 4950 4220
3780 2060 4950 4210
3770 2070 4950 4200
3770 2070 4950 4200
3770 2080 4950 4200
3760 2080 4950 4210
3760 2070 4950 4230
3760 2070 4940 4250
3770 2070 4940 4330
3770 2070 4940 4380
3770 2070 4940 4430
3770 2070 4940 4440
3760 2070 4940 4460
3770 2070 4940 4470
3760 2070 4940 4460
3760 2070 4940 4390
3770 2070 4940 4320
3780 2070 4940 4340
3760 2070 4950 4450
3770 2080 4950 4480
3780 2070 4940 4490
3770 2070 4940 4500
3760 2070 4950 4500
3760 2070 4950 4490
3750 2070 4950 4490
3760 2080 4950 4480
3760 2070 4960 4460
3760 2070 4950 4450
3750 2070 4950 4450
3760 2070 4960 4450
3750 2080 4960 4460
