3980 2740 4580 3260
3990 2700 4580 3260
4000 2740 4600 3260
4010 2790 4600 3260
4010 2830 4600 3270
4000 2840 4600 3270
3960 2800 4580 3280
3980 2890 4580 3280
3980 2840 4580 3290
3980 2830 4580 3290
3960 2850 4580 3280
3950 2840 4600 3280
3960 2870 4580 3280
3990 2890 4600 3270
3980 2920 4600 3260
3960 2900 4610 3260
3950 2840 4610 3270
3950 2800 4600 3270
3980 2760 4580 3270
3980 2870 4580 3270
3980 2800 4580 3270
3960 2770 4600 3270
3960 2760 4580 3270
3980 2760 4570 3270
3990 2770 4580 3280
3990 2740 4580 3260
3980 2740 4580 3260
3980 2710 4580 3270
3960 2720 4600 3270
3950 2740 4580 3270
3950 2720 4580 3270
3980 2710 4580 3280
3980 2710 4600 3280
3980 2790 4600 3270
3990 2800 4600 3270
4000 2800 4600 3270
3980 2790 4600 3270
3980 2790 4600 3270
3980 2800 4600 3270
3960 2800 4600 3280
3980 2800 4600 3270
3960 2820 4600 3270
3980 2870 4600 3270
3990 2910 4600 3270
3980 2910 4600 3280
3980 2860 4610 3280
3960 2840 4600 3280
3980 2840 4600 3280
3980 2840 4600 3280
3980 2840 4600 3280
3980 2840 4600 3290
3960 2820 4600 3290
3960 2810 4580 3280
3960 2820 4580 3280
3960 2800 4600 3280
3980 2850 4610 3280
3990 2860 4600 3280
3950 2850 4600 3270
3960 2840 4600 3270
3960 2820 4580 3280
3940 2780 4580 3270
3960 2780 4580 3270
3980 2770 4580 3280
3960 2780 4580 3280
3960 2740 4580 3280
3960 2720 4580 3280
3960 2710 4580 3280
3950 2740 4580 3280
3960 2740 4580 3270
3960 2740 4580 3270
3960 2740 4600 3270
3960 2740 4600 3280
3980 2740 4580 3270
3960 2750 4580 3270
3960 2750 4580 3270
3960 2750 4580 3270
3960 2750 4580 3270
3960 2750 4580 3270
3980 2750 4580 3270
3980 2720 4580 3280
3980 2720 4600 3280
3980 2710 4600 3270
3980 2700 4600 3270
3980 2700 4600 3270
3980 2710 4600 3270
3960 2710 4600 3270
3950 2700 4600 3270
3950 2700 4600 3270
3950 2700 4600 3280
3960 2700 4580 3280
3980 2700 4600 3270
3980 2720 4600 3270
3960 2480 4860 3280
3960 2480 5010 3270
3980 2480 5010 3270
3980 2470 5020 3270
3960 2470 5140 3270
3980 2470 5260 3270
3960 2490 5180 3260
3990 2490 5180 3270
3990 2500 5280 3270
3980 2490 5130 3280
3990 2490 5110 3290
3990 2500 5140 3290
3990 2490 5070 3290
3960 2490 5250 3290
3950 2490 5300 3280
3950 2490 5390 3280
3950 2480 5120 3280
3950 2490 5130 3280
3950 2490 5240 3270
3950 2490 5160 3260
3950 2490 5170 3260
3950 2490 5080 3260
3980 2490 4990 3270
3980 2480 4920 3270
3980 2470 4860 3280
3980 2470 4820 3270
3990 2470 4820 3270
3980 2460 4840 3270
3960 2460 4870 3270
3960 2460 4870 3270
3960 2460 4860 3270
3980 2470 4840 3270
3950 2480 4820 3270
3960 2480 4810 3270
3960 2480 4810 3270
3960 2470 4830 3270
3960 2470 4810 3270
3960 2470 4800 3270
3960 2480 4770 3270
3980 2470 4760 3280
3980 2470 4760 3280
3960 2480 4780 3270
3950 2480 4810 3270
3980 2480 4830 3270
3960 2470 4840 3270
3980 2470 4830 3270
3980 2470 4820 3270
3980 2470 4800 3270
3990 2470 4910 3270
3980 2470 5030 3270
3980 2480 4920 3270
3950 2480 4840 3280
3950 2490 4820 3280
3950 2490 4810 3280
3950 2490 4810 3270
3950 2500 4840 3270
3950 2500 4840 3270
3960 2490 4880 3280
3980 2490 4910 3280
3980 2490 4870 3270
3990 2480 4870 3270
3980 2480 4870 3280
3980 2470 4820 3290
3960 2490 4780 3280
3960 2480 4750 3280
3950 2490 4730 3280
3940 2490 4690 3270
3940 2490 4690 3270
3940 2490 4750 3280
3960 2500 4860 3280
3960 2500 4930 3280
3960 2490 4970 3280
3950 2490 5010 3280
3940 2500 5030 3270
3960 2490 5050 3270
3960 2480 5080 3270
3980 2480 5080 3270
3960 2470 5100 3270
3980 2480 5110 3270
3960 2470 5100 3270
3980 2480 5090 3280
3960 2480 5060 3280
3950 2490 5050 3280
3950 2480 5040 3280
3950 2490 5040 3270
3950 2490 5020 3270
3950 2480 5010 3270
3950 2490 5000 3280
3980 2480 4930 3280
3980 2490 4890 3280
3960 2490 4870 3270
3960 2500 4850 3270
3980 2490 4810 3270
3960 2490 4780 3270
3980 2490 4760 3270
3980 2480 4750 3280
3990 2480 4780 3270
3980 2480 4840 3270
3960 2470 4910 3280
3960 2480 4960 3290
3960 2480 4990 3280
3950 2480 5020 3280
