3170 4700 2770 4620
3120 4700 2800 4630
3130 4700 2790 4630
3120 4710 2780 4630
3110 4700 2770 4620
3160 4700 2770 4610
3160 4700 2770 4610
3100 4710 2770 4610
3120 4710 2770 4610
3160 4710 2770 4620
3110 4720 2770 4610
3090 4710 2780 4610
3150 4710 2780 4610
3120 4710 2780 4610
3140 4710 2770 4620
3100 4710 2770 4620
3120 4710 2770 4620
3080 4710 2770 4610
3100 4700 2770 4610
3080 4700 2770 4610
3090 4700 2770 4620
3150 4700 2770 4620
3080 4700 2770 4610
3100 4700 2780 4610
3150 4700 2780 4600
3130 4700 2780 4610
3080 4700 2780 4610
3090 4710 2780 4610
3120 4700 2780 4620
3100 4700 2780 4610
3140 4700 2780 4600
3110 4700 2780 4610
3110 4710 2780 4600
3150 4710 2780 4600
3090 4710 2780 4600
3100 4710 2780 4600
3110 4700 2780 4600
3100 4710 2770 4610
3080 4700 2770 4620
3110 4700 2770 4620
3110 4710 2770 4620
3110 4710 2770 4610
3090 4710 2770 4620
3150 4710 2760 4610
3130 4710 2760 4610
3090 4710 2760 4610
3150 4710 2760 4610
3090 4710 2760 4610
3100 4710 2770 4610
3120 4710 2770 4620
3140 4710 2760 4620
3070 4720 2760 4620
3070 4710 2760 4620
3070 4710 2760 4620
3130 4710 2760 4610
3120 4710 2760 4620
3120 4710 2760 4610
3090 4710 2760 4620
3140 4710 2770 4620
3100 4710 2780 4610
3130 4710 2780 4620
3080 4710 2780 4620
3130 4710 2780 4620
3090 4710 2770 4610
3150 4710 2770 4610
3140 4710 2780 4620
3140 4710 2780 4610
3100 4710 2770 4610
3140 4700 2770 4620
3080 4700 2780 4610
3130 4700 2780 4610
3080 4710 2780 4610
3090 4710 2770 4610
3070 4710 2770 4600
3140 4710 2770 4600
3090 4710 2780 4600
3150 4710 2780 4600
3100 4710 2780 4610
3080 4710 2770 4610
3080 4700 2770 4610
3120 4690 2770 4610
3060 4700 2780 4620
3080 4690 2780 4620
3140 4690 2780 4620
3120 4700 2770 4620
3100 4700 2770 4620
3070 4700 2770 4620
3080 4700 2770 4630
3070 4700 2770 4630
3080 4700 2770 4630
3100 4700 2770 4620
3110 4700 2770 4610
3070 4700 2770 4600
3140 4700 2770 4600
2620 5160 2770 4610
2620 5220 2780 4610
2620 5220 2780 4610
2620 5220 2760 4600
2610 5190 2760 4610
2610 5170 2770 4610
2620 5190 2770 4610
2620 5190 2780 4610
2620 5190 2780 4610
2620 5170 2780 4610
2620 5170 2770 4610
2620 5210 2770 4610
2620 5200 2770 4610
2620 5190 2780 4610
2620 5200 2770 4610
2620 5180 2770 4610
2620 5180 2770 4610
2620 5180 2770 4610
2620 5180 2770 4610
2630 5170 2770 4610
2630 5230 2770 4610
2640 5170 2770 4610
2640 5200 2770 4610
2640 5180 2780 4610
2630 5200 2780 4610
2630 5170 2780 4600
2630 5160 2780 4600
2630 5160 2770 4600
2630 5150 2770 4610
2630 5150 2770 4610
2630 5150 2770 4600
2620 5180 2770 4600
2620 5180 2770 4620
2620 5200 2770 4610
2620 5220 2770 4600
2620 5200 2770 4600
2620 5160 2770 4600
2620 5160 2770 4610
2620 5200 2770 4610
2620 5170 2770 4610
2610 5230 2770 4610
2620 5210 2770 4610
2620 5210 2770 4620
2620 5170 2770 4620
2620 5180 2770 4620
2620 5160 2770 4610
2620 5200 2770 4610
2620 5150 2760 4610
2620 5160 2760 4610
2620 5200 2770 4610
2630 5170 2770 4620
2630 5230 2770 4620
2630 5190 2760 4620
2640 5220 2760 4620
2640 5160 2770 4620
2640 5180 2780 4610
2630 5190 2780 4620
2630 5150 2780 4610
2630 5150 2780 4610
2630 5190 2780 4610
2630 5210 2780 4610
2630 5170 2780 4620
2630 5180 2780 4610
2630 5220 2780 4610
2630 5160 2780 4610
2620 5150 2780 4610
2620 5170 2780 4610
2620 5180 2780 4610
2620 5160 2780 4610
2620 5170 2780 4610
2620 5170 2780 4600
2620 5220 2770 4600
2620 5180 2770 4610
2620 5210 2770 4610
2620 5200 2770 4610
2620 5160 2780 4610
2630 5180 2780 4620
2630 5180 2780 4620
2620 5180 2770 4620
2620 5160 2770 4620
2620 5220 2770 4610
2620 5180 2770 4610
2620 5220 2770 4610
2620 5220 2770 4600
2620 5160 2760 4610
2620 5170 2760 4600
2620 5190 2760 4600
2620 5200 2760 4600
2620 5190 2760 4600
2620 5170 2770 4600
2620 5230 2770 4600
2610 5190 2770 4600
2600 5190 2770 4600
2610 5190 2770 4600
2620 5170 2780 4610
2620 5220 2780 4620
2610 5160 2780 4610
