4240 3250 4270 2760
4250 3210 4270 2760
4240 3180 4290 2770
4260 3220 4290 2770
4260 3270 4290 2770
4260 3260 4290 2770
4250 3220 4290 2770
4240 3230 4290 2770
4240 3240 4290 2760
4260 3230 4290 2750
4260 3200 4290 2750
4270 3190 4290 2760
4240 3180 4270 2750
4240 3170 4270 2760
4240 3210 4290 2770
4240 3210 4290 2770
4240 3210 4290 2760
4240 3180 4290 2760
4260 3130 4290 2760
4260 3150 4270 2770
4260 3180 4270 2760
4250 3200 4270 2760
4250 3210 4270 2760
4240 3220 4290 2760
4250 3240 4290 2770
4270 3240 4290 2770
4260 3240 4290 2760
4270 3240 4290 2760
4270 3240 4290 2750
4260 3190 4300 2760
4260 3160 4300 2760
4260 3220 4290 2750
4260 3260 4290 2760
4240 3260 4260 2760
4230 3250 4260 2760
4240 3250 4270 2770
4240 3260 4270 2780
4230 3230 4270 2780
4230 3210 4260 2780
4240 3300 4270 2780
4240 3390 4270 2780
4240 3430 4270 2780
4240 3510 4290 2770
4240 3520 4290 2770
4240 3600 4290 2740
4250 3670 4290 2740
4240 3690 4290 2740
4230 3720 4300 2740
4230 3730 4290 2740
4240 3750 4290 2720
4240 3740 4290 2720
4240 3560 4270 2740
4240 3450 4270 2740
4240 3340 4270 2720
4240 3270 4290 2710
4240 3240 4290 2710
4250 3210 4270 2710
4240 3140 4270 2740
4230 3400 4290 2760
4240 3470 4290 2770
4250 3400 4290 2770
4260 3250 4290 2770
4270 3220 4290 2760
4260 3230 4290 2780
4270 3230 4290 2780
4260 3220 4290 2780
4260 3180 4300 2770
4260 3150 4290 2770
4260 3100 4290 2770
4260 3070 4270 2780
4260 3060 4290 2780
4250 3060 4290 2760
4240 3050 4290 2760
4250 3050 4300 2750
4240 3030 4290 2760
4250 3050 4290 2760
4250 3050 4290 2760
4250 3060 4290 2760
4250 3090 4290 2760
4240 3120 4290 2760
4260 3150 4270 2760
4250 3160 4290 2760
4250 3180 4290 2770
4240 3200 4290 2760
4240 3200 4270 2770
4230 3190 4290 2780
4230 3140 4290 2760
4230 3130 4290 2750
4230 3100 4290 2750
4240 3090 4290 2750
4240 3060 4290 2750
4230 3030 4270 2750
4230 3010 4270 2740
4240 3010 4270 2750
4230 3020 4270 2760
4230 3030 4290 2750
4240 3030 4300 2760
4250 3020 4290 2760
4240 3020 4290 2770
4240 3010 4290 2760
4250 3000 4290 2760
4250 3020 4290 2760
4250 3020 4290 2760
4240 3030 4300 2750
4230 3030 4290 2760
4240 3020 4270 2770
4260 3050 4270 2770
4250 3080 4270 2780
4250 3120 4260 2770
4250 3180 4270 2770
4240 3180 4270 2770
4230 3120 4290 2760
4230 3090 4290 2760
4240 3050 4270 2750
4230 3050 4270 2750
4230 3030 4270 2750
4250 3010 4270 2760
4240 3000 4290 2760
4240 3000 4290 2760
4240 3010 4270 2770
4250 3050 4270 2780
4250 3070 4270 2780
4240 3070 4270 2760
4250 3060 4270 2770
4240 3030 4290 2760
4230 3060 4290 2750
4230 3080 4290 2760
4220 3100 4290 2760
4210 3120 4290 2760
4220 3130 4290 2750
4250 3120 4260 2760
4250 3110 4260 2750
4240 3110 4260 2750
4240 3090 4260 2750
4240 3080 4270 2740
4240 3050 4270 2740
4250 3020 4270 2760
4250 3010 4270 2770
4230 2850 4270 3260
4240 2850 4270 3160
4230 2860 4270 3110
4230 2870 4270 3070
4240 2870 4270 3030
4230 2870 4270 3000
4240 2870 4270 3020
4230 2870 4300 3060
4240 2870 4290 3070
4240 2860 4300 3110
4240 2870 4290 3240
4240 2880 4290 3340
4230 2880 4290 3430
4230 2870 4290 3510
4230 2870 4290 3570
4240 2880 4290 3380
4240 2880 4290 3390
4240 2890 4290 3420
4240 2880 4290 3330
4250 2890 4290 3250
4250 2880 4290 3290
4250 2880 4290 3290
4250 2870 4290 3280
4240 2870 4270 3290
4240 2890 4270 3360
4230 2890 4260 3360
4240 2890 4270 3410
4240 2890 4290 3440
4240 2880 4300 3620
4240 2870 4290 3720
4240 2880 4290 3690
4240 2870 4290 3650
4240 2870 4290 3630
4240 2870 4290 3630
4240 2870 4290 3630
4250 2870 4290 3610
4240 2870 4290 3680
4250 2880 4270 3480
4250 2880 4270 3340
4250 2870 4260 3260
4250 2870 4260 3200
4240 2870 4260 3370
4240 2880 4270 3440
4240 2870 4270 3490
4240 2870 4270 3530
4240 2880 4270 3550
4240 2880 4270 3560
4240 2880 4270 3590
4240 2870 4270 3600
4250 2870 4270 3590
4250 2870 4270 3580
4260 2860 4270 3570
4270 2860 4270 3580
4270 2860 4290 3580
4270 2860 4290 3590
4260 2860 4290 3640
4260 2870 4290 3690
4250 2870 4290 3650
4250 2880 4290 3670
4260 2870 4290 3670
4260 2860 4290 3650
4250 2880 4290 3690
4260 2880 4290 3670
4250 2880 4290 3670
4250 2880 4290 3700
4250 2880 4290 3690
4240 2870 4290 3670
4240 2870 4290 3640
4240 2850 4270 3630
4230 2870 4270 3630
4230 2870 4270 3670
4240 2870 4270 3670
4240 2860 4270 3710
4240 2870 4270 3710
4240 2870 4270 3720
4230 2870 4270 3700
4240 2870 4270 3670
4230 2870 4260 3670
4230 2880 4260 3680
4230 2880 4270 3670
4250 2890 4270 3630
4260 2890 4270 3600
4250 2900 4270 3590
4240 2900 4290 3570
4230 2890 4290 3560
4230 2890 4290 3560
4240 2890 4300 3560
4240 2880 4300 3560
4240 2880 4290 3560
4240 2860 4290 3560
4240 2870 4290 3550
4240 2870 4290 3550
4250 2880 4290 3540
4240 2890 4270 3530
4240 2890 4290 3540
