4540 3280 4390 2380
4530 3280 4360 2380
4530 3270 4670 2400
4540 3270 4770 2400
4550 3280 4490 2390
4550 3280 4420 2400
4550 3290 4370 2420
4540 3290 4350 2420
4550 3280 4340 2420
4550 3280 4360 2400
4550 3280 4350 2420
4550 3280 4340 2420
4550 3280 4330 2420
4550 3280 4300 2400
4550 3290 4290 2390
4550 3280 4300 2390
4550 3280 4330 2390
4550 3290 4310 2390
4540 3290 4300 2380
4540 3290 4300 2380
4540 3300 4300 2380
4540 3290 4320 2400
4540 3290 4360 2390
4540 3280 4370 2380
4540 3280 4380 2380
4540 3270 4380 2380
4540 3270 4370 2390
4540 3280 4380 2390
4540 3290 4410 2380
4540 3290 4410 2400
4530 3280 4400 2400
4530 3280 4370 2390
4540 3280 4350 2390
4540 3290 4340 2390
4540 3280 4330 2390
4540 3280 4320 2400
4540 3280 4310 2400
4540 3290 4310 2390
4540 3280 4310 2380
4540 3280 4300 2380
4540 3270 4300 2380
4540 3270 4290 2380
4540 3290 4290 2390
4550 3290 4290 2390
4550 3290 4290 2390
4550 3280 4300 2390
4550 3280 4310 2380
4550 3290 4380 2390
4550 3270 4380 2390
4550 3280 4380 2390
4550 3280 4430 2390
4540 3280 4460 2400
4540 3290 4440 2400
4540 3290 4460 2400
4540 3290 4450 2400
4530 3290 4430 2400
4530 3290 4400 2400
4540 3290 4380 2400
4540 3280 4400 2390
4550 3280 4390 2390
4550 3290 4390 2390
4550 3290 4380 2390
4550 3300 4360 2400
4550 3300 4330 2400
4540 3310 4330 2400
4550 3290 4330 2420
4540 3290 4330 2400
4540 3290 4330 2390
4530 3280 4380 2380
4540 3290 4370 2390
4550 3290 4360 2390
4550 3290 4360 2380
4550 3300 4350 2370
4550 3290 4320 2370
4540 3290 4290 2370
4540 3280 4290 2370
4540 3270 4300 2360
4540 3280 4270 2380
4540 3290 4270 2380
4540 3280 4270 2370
4540 3280 4270 2390
4540 3290 4260 2390
4540 3290 4260 2380
4560 3300 4020 2540
4550 3300 4020 2520
4550 3290 4030 2550
4550 3290 4020 2550
4540 3300 4030 2620
4540 3290 4030 2640
4540 3280 4020 2690
4540 3290 4020 2720
4550 3290 4020 2750
4550 3290 4020 2700
4550 3280 4020 2700
4550 3280 4020 2710
4550 3290 4010 2710
4550 3290 4010 2690
4540 3290 4010 2660
4550 3290 4020 2630
4550 3290 4020 2640
4550 3280 4020 2640
4550 3280 4020 2640
4550 3280 4020 2620
4550 3280 4020 2630
4550 3290 4020 2670
4550 3290 4020 2700
4550 3290 4020 2720
4550 3290 4020 2720
4550 3270 4020 2740
4550 3270 4020 2740
4550 3280 4020 2740
4550 3270 4020 2720
4550 3270 4000 2720
4550 3270 4000 2720
4550 3270 4000 2710
4540 3270 4000 2740
4540 3280 4010 2740
4540 3280 4020 2760
4540 3280 4020 2760
4550 3270 4010 2760
4550 3270 4020 2750
4550 3270 4030 2720
4550 3270 4030 2740
4540 3280 4040 2720
4550 3280 4030 2710
4550 3280 4030 2740
4550 3270 4040 2750
4560 3280 4030 2750
4550 3280 4030 2770
4550 3280 4030 2760
4550 3270 4020 2760
4550 3270 4010 2760
4550 3260 4000 2760
4550 3260 4010 2780
4550 3260 4000 2810
4550 3270 4010 2810
4550 3270 4010 2800
4550 3280 4010 2800
4550 3280 4010 2780
4550 3290 4020 2780
4550 3280 4020 2780
4540 3280 4030 2790
4550 3270 4030 2800
4550 3270 4020 2800
4550 3270 4020 2800
4540 3280 4020 2800
4550 3290 4030 2820
4540 3290 4030 2830
4540 3290 4030 2880
4550 3290 4030 2910
4550 3280 4030 2750
4550 3280 4030 2620
4550 3280 4030 2580
4550 3280 4030 2600
4550 3280 4030 2690
4550 3280 4020 2790
4550 3280 4020 2820
4550 3290 4010 2810
4550 3280 4010 2820
4550 3270 4010 2840
4550 3270 4010 2840
4560 3300 4030 2900
4570 3290 4030 2900
4560 3290 4030 2890
4560 3300 4030 2870
4550 3300 4020 2870
4550 3300 4020 2870
4550 3300 4030 2880
4550 3290 4020 2920
4550 3280 4020 2880
4550 3280 4020 2850
4540 3270 4020 2880
4540 3270 4020 2830
4540 3280 4020 2780
4550 3280 4010 2720
4550 3270 4020 2710
4550 3270 4020 2640
4550 3280 4020 2760
4540 3290 4030 2800
4540 3280 4030 2790
4540 3280 4030 2770
4550 3290 4040 2770
4550 3300 4030 2800
4550 3290 4020 2830
4550 3270 4020 2850
4550 3280 4020 2870
4550 3280 4020 2880
4550 3270 4010 2890
4550 3270 4010 2900
4560 3280 4010 2910
4560 3280 4020 2910
4560 3280 4020 2900
4560 3280 4020 2870
4550 3280 4020 2850
4550 3280 4020 2820
4550 3280 4020 2790
4550 3290 4020 2770
