5090 3700 3780 1970
5140 3700 3790 1980
5260 3700 3780 1980
5370 3710 3770 1990
5230 3710 3770 2000
5140 3710 3770 2000
5110 3710 3780 1990
5130 3700 3770 2000
5160 3710 3770 1990
5140 3720 3770 1990
5160 3720 3770 2000
5180 3720 3770 1990
5200 3730 3770 1990
5150 3740 3770 1990
5250 3720 3770 2000
5290 3720 3770 2000
5390 3720 3770 2000
5390 3720 3770 2000
5280 3740 3760 2000
5190 3740 3760 2000
5120 3720 3770 2000
5100 3730 3790 2000
5100 3740 3780 2000
5110 3730 3770 2000
5100 3730 3770 1980
5070 3720 3770 1970
5020 3720 3770 1990
5030 3720 3770 1990
5030 3720 3770 2000
5250 3720 3780 2000
5400 3720 3780 1970
5600 3720 3770 1960
5640 3720 3770 1970
5660 3720 3770 1970
5620 3730 3770 1990
5420 3720 3770 2000
5210 3710 3770 2000
5370 3720 3760 1970
5470 3720 3770 1950
5640 3700 3760 1940
5650 3700 3760 1950
5620 3710 3770 1960
5590 3710 3770 1950
5560 3720 3770 1970
5500 3710 3780 1960
5460 3710 3770 1970
5440 3710 3770 1990
5410 3710 3770 2000
5450 3710 3780 1990
5430 3700 3770 1980
5340 3720 3770 1950
5320 3720 3770 1950
5330 3710 3770 1970
5350 3730 3770 1990
5340 3730 3770 2000
5400 3720 3770 1990
5490 3720 3770 2000
5540 3720 3770 1970
5610 3710 3770 1980
5580 3720 3780 1980
5620 3710 3790 1990
5610 3710 3780 2000
5660 3710 3780 2000
5670 3710 3780 1980
5670 3710 3780 1970
5690 3710 3780 1960
5730 3710 3780 1980
5550 3710 3780 1980
5400 3710 3780 1960
5340 3700 3770 1950
5330 3700 3770 1960
5330 3710 3780 1970
5330 3720 3770 1980
5280 3730 3770 1980
5230 3720 3780 1990
5170 3720 3770 2000
5140 3720 3790 1980
5140 3720 3790 1990
5370 3710 3780 2000
5400 3710 3780 1970
5650 3720 3780 1980
5730 3720 3780 1980
5770 3710 3780 1990
5780 3710 3790 1990
5790 3710 3790 1980
5580 3710 3790 1980
5480 3710 3780 1990
5380 3720 3770 1990
5750 3730 3780 1990
5830 3740 3770 1990
5890 3730 3780 1970
5920 3720 3780 1970
5750 3710 3780 1980
5630 3720 3780 1960
5560 3710 3780 1980
5510 3710 3780 1970
5510 3710 3780 1970
5640 3710 3780 1970
5730 3710 3770 1960
5810 3710 3770 1960
5760 3710 3770 1970
5710 3720 3770 1980
5500 3700 3770 1960
5450 3710 3770 1950
5430 3710 3770 1960
5400 3730 3770 1980
5510 3730 3770 1990
5670 3720 3770 1980
5760 3730 3780 1980
5610 3720 3780 1980
5460 3720 3760 1980
5410 3720 3770 1990
5360 3720 3770 1990
5340 3730 3770 1990
5340 3720 3770 1990
5320 3710 3770 1980
5340 3710 3780 1990
5450 3720 3770 1990
5540 3720 3770 1970
5650 3730 3770 1980
5740 3730 3770 1990
5700 3720 3770 2000
5590 3730 3770 1980
5580 3740 3780 1990
5560 3740 3780 1990
5560 3740 3780 1980
5570 3730 3780 1990
5590 3720 3780 1990
5580 3720 3780 1970
5570 3720 3780 1980
5470 3710 3780 1990
5380 3700 3780 1980
5330 3710 3780 1980
5280 3710 3770 1980
5250 3710 3770 1960
5240 3710 3780 1960
5340 3710 3780 1990
5440 3710 3770 1990
5440 3710 3770 1980
5470 3710 3770 1980
4840 3740 4040 2000
4840 3740 4050 2000
4850 3730 4030 2000
4840 3730 4060 2010
4830 3730 4070 2000
4830 3720 4080 2000
4830 3720 4090 1990
4820 3720 4070 1980
4820 3730 4110 1970
4830 3720 4360 1980
4830 3730 4520 1990
4830 3730 4720 1980
4840 3720 4780 1970
4840 3720 4820 1980
4850 3720 4860 1980
4850 3720 4880 1970
4850 3720 4890 1960
4850 3720 4890 1970
4850 3740 4890 1980
4850 3730 4890 1990
4850 3730 4910 1980
4850 3730 4910 1990
4850 3720 4920 1990
4850 3720 4930 1990
4850 3720 4910 1970
4850 3720 4860 1970
4850 3730 4860 1980
4850 3730 4850 1990
4850 3730 4840 1990
4850 3730 4840 1990
4850 3730 4840 1960
4850 3720 4840 1980
4850 3720 4850 1970
4850 3730 4880 1970
4860 3740 4890 1980
4850 3730 4890 1970
4850 3720 4910 1970
4860 3720 4890 1970
4860 3720 4880 1990
4860 3720 4870 1990
4850 3720 4860 1990
4870 3720 4850 1980
4860 3720 4850 1970
4860 3730 4850 1970
4860 3720 4860 1980
4860 3720 4860 1970
4850 3720 4870 1990
4850 3720 4870 1990
4850 3720 4860 2000
4850 3720 4860 1990
4850 3720 4870 2000
4850 3730 4860 2000
4850 3730 4860 1990
4850 3720 4860 1970
4850 3720 4860 1980
4850 3730 4870 1990
4840 3730 4890 1990
4840 3730 4790 1970
4840 3720 4870 1980
4840 3720 4880 1990
4840 3720 4880 1990
4850 3720 4880 1990
4850 3720 4870 2000
4850 3730 4860 2000
4860 3720 4850 2000
4850 3720 4850 2000
4850 3730 4850 1980
4840 3720 4850 1970
4850 3710 4850 1990
4840 3720 4850 2000
4850 3720 4860 2000
4850 3720 4860 2010
4850 3730 4860 2000
4850 3720 4860 1990
4850 3730 4870 2000
4850 3740 4890 2000
4850 3740 4930 2000
4840 3740 4970 2000
4840 3730 4990 2010
4850 3730 5010 2000
4850 3730 5010 2000
4860 3730 5000 1990
4860 3720 4980 1980
4860 3720 4970 1980
4860 3730 4940 1960
4850 3730 4930 1970
4840 3730 4920 1980
4840 3730 4920 2000
4840 3740 4920 2000
4840 3730 4890 1980
4830 3720 4890 1990
4830 3720 4880 1980
4840 3720 4890 1980
4840 3720 4910 1990
4850 3720 4890 1990
4850 3720 4890 1990
4850 3730 4910 1980
4850 3730 4910 1990
4850 3720 4890 1980
4850 3720 4890 1970
4840 3730 4930 1960
4850 3720 4740 1960
4850 3720 4550 1960
4840 3720 4470 1970
4840 3720 4380 1980
4830 3720 4330 1990
