5290 4710 3640 1630
5280 4680 3630 1640
5280 4690 3620 1640
5280 4680 3610 1650
5270 4650 3610 1650
5280 4660 3610 1650
5280 4650 3610 1650
5290 4680 3620 1650
5290 4670 3610 1650
5290 4650 3620 1660
5290 4690 3630 1660
5270 4680 3640 1640
5280 4640 3640 1640
5290 4710 3640 1640
5290 4660 3650 1640
5290 4700 3630 1620
5270 4670 3630 1640
5270 4670 3640 1640
5280 4650 3630 1650
5280 4690 3630 1650
5280 4670 3630 1640
5270 4670 3620 1650
5270 4720 3630 1640
5280 4670 3630 1650
5290 4720 3620 1670
5290 4680 3640 1670
5290 4670 3630 1670
5280 4650 3640 1650
5290 4660 3640 1630
5290 4650 3650 1630
5290 4690 3630 1650
5290 4670 3640 1660
5290 4690 3640 1660
5290 4670 3630 1660
5290 4710 3630 1640
5290 4670 3640 1640
5290 4710 3630 1650
5290 4660 3640 1630
5290 4720 3640 1650
5290 4660 3640 1650
5280 4700 3630 1650
5280 4680 3630 1640
5290 4670 3630 1640
5280 4680 3630 1640
5270 4670 3630 1650
5270 4670 3630 1640
5270 4670 3630 1640
5270 4680 3630 1640
5280 4670 3620 1640
5280 4710 3620 1630
5280 4680 3620 1620
5290 4670 3610 1640
5290 4670 3610 1640
5290 4720 3620 1620
5290 4660 3630 1640
5290 4660 3640 1640
5280 4680 3620 1650
5280 4650 3620 1650
5280 4690 3630 1650
5280 4670 3630 1630
5280 4650 3630 1640
5280 4670 3630 1640
5290 4680 3640 1640
5280 4640 3630 1650
5270 4710 3630 1650
5290 4650 3620 1640
5280 4670 3640 1650
5280 4680 3630 1660
5280 4680 3630 1660
5290 4650 3630 1660
5290 4690 3630 1660
5290 4710 3620 1660
5290 4690 3620 1650
5300 4690 3640 1640
5300 4670 3640 1640
5300 4710 3640 1630
5290 4650 3630 1630
5290 4650 3630 1630
5290 4640 3630 1640
5290 4660 3650 1650
5290 4710 3650 1650
5290 4650 3650 1660
5290 4660 3650 1640
5280 4680 3650 1640
5280 4700 3640 1640
5290 4660 3630 1650
5290 4710 3630 1650
5290 4650 3630 1640
5290 4650 3650 1640
5290 4670 3640 1640
5300 4650 3620 1650
5290 4700 3640 1640
5300 4720 3620 1640
5300 4660 3620 1640
5300 4710 3630 1630
5290 4710 3640 1630
5290 4710 3630 1640
5290 4660 3630 1650
5290 4670 3630 1640
5290 4670 3640 1640
5290 4710 3640 1640
5290 4640 3640 1640
5290 4650 3630 1640
5280 4650 3650 1660
5290 4670 3640 1670
5290 4720 3630 1670
5290 4200 3640 2130
5290 4190 3630 2100
5290 4180 3640 2090
5290 4190 3650 2090
5290 4190 3650 2150
5280 4200 3640 2130
5290 4200 3640 2120
5290 4220 3640 2160
5290 4200 3640 2120
5290 4190 3640 2120
5290 4190 3650 2150
5290 4190 3630 2130
5280 4190 3640 2140
5270 4190 3650 2180
5280 4190 3630 2110
5280 4190 3630 2150
5280 4200 3640 2130
5280 4200 3630 2180
5280 4200 3630 2110
5280 4190 3630 2170
5280 4190 3620 2110
5280 4190 3630 2130
5280 4190 3640 2130
5290 4190 3630 2140
5280 4190 3630 2110
5270 4190 3630 2100
5270 4190 3640 2150
5290 4190 3640 2130
5290 4200 3650 2170
5290 4190 3640 2150
5280 4190 3640 2130
5280 4190 3640 2120
5290 4200 3630 2140
5290 4210 3640 2120
5290 4210 3640 2130
5290 4210 3630 2130
5290 4210 3630 2110
5280 4210 3630 2090
5280 4210 3640 2150
5270 4200 3630 2110
5280 4200 3620 2120
5280 4200 3630 2150
5280 4190 3630 2110
5280 4190 3630 2100
5290 4190 3630 2100
5300 4180 3620 2140
5290 4180 3630 2130
5290 4190 3650 2120
5290 4200 3620 2100
5290 4200 3630 2130
5280 4210 3630 2110
5280 4210 3640 2170
5280 4210 3650 2120
5280 4210 3650 2160
5280 4210 3650 2170
5280 4210 3630 2130
5290 4210 3630 2100
5290 4210 3640 2140
5290 4210 3630 2110
5280 4210 3630 2130
5280 4200 3630 2110
5280 4200 3640 2120
5290 4200 3640 2160
5290 4190 3650 2190
5290 4200 3650 2130
5290 4200 3640 2130
5290 4180 3640 2150
5290 4190 3650 2170
5280 4200 3630 2150
5280 4200 3640 2170
5280 4200 3640 2150
5280 4190 3630 2130
5280 4180 3630 2130
5290 4200 3630 2170
5290 4200 3650 2170
5290 4190 3650 2130
5280 4190 3650 2120
5280 4180 3640 2150
5290 4180 3620 2180
5280 4180 3620 2120
5280 4190 3620 2180
5280 4190 3630 2130
5290 4180 3640 2150
5290 4190 3640 2120
5290 4200 3640 2140
5280 4210 3640 2160
5280 4210 3640 2160
5280 4210 3630 2130
5280 4210 3640 2110
5290 4210 3620 2160
5280 4200 3630 2100
5270 4210 3630 2130
5280 4210 3630 2130
5280 4210 3650 2110
5290 4200 3650 2130
5290 4190 3650 2100
5290 4190 3670 2120
5290 4200 3670 2170
5290 4210 3640 2140
5290 4220 3630 2150
5290 4210 3630 2130
5290 4210 3630 2110
5290 4210 3630 2120
5280 4200 3640 2140
5280 4200 3630 2150
5280 4200 3620 2140
5290 4200 3630 2130
5290 4190 3630 2170
5300 4180 3620 2170
5300 4190 3620 2120
5300 4190 3620 2150
