5640 4690 3720 1450
5640 4700 3710 1450
5620 4660 3690 1440
5630 4670 3650 1440
5630 4640 3670 1450
5640 4640 3690 1460
5630 4640 3720 1450
5620 4660 3700 1460
5620 4680 3700 1470
5640 4650 3810 1460
5620 4680 3720 1440
5640 4670 3720 1460
5640 4650 3670 1460
5630 4690 3670 1460
5620 4660 3690 1460
5620 4690 3700 1490
5620 4690 3700 1490
5620 4690 3700 1490
5620 4700 3690 1460
5620 4680 3640 1470
5620 4670 3640 1470
5610 4650 3630 1470
5620 4670 3650 1470
5620 4680 3670 1450
5630 4660 3680 1460
5630 4650 3670 1460
5620 4670 3710 1460
5620 4680 3730 1460
5630 4680 3740 1470
5620 4690 3750 1470
5620 4690 3710 1460
5620 4680 3700 1440
5620 4690 3700 1450
5620 4680 3650 1460
5620 4680 3650 1470
5620 4670 3700 1490
5620 4670 3710 1490
5630 4680 3780 1460
5620 4660 3730 1460
5620 4660 3720 1460
5620 4660 3730 1460
5620 4660 3770 1490
5620 4650 3790 1490
5630 4660 3790 1470
5620 4670 3790 1490
5630 4650 3790 1470
5630 4640 3790 1470
5620 4640 3790 1470
5620 4650 3790 1450
5620 4680 3780 1440
5620 4660 3780 1450
5620 4640 3780 1450
5620 4660 3780 1460
5620 4670 3780 1460
5610 4680 3770 1440
5620 4680 3770 1440
5620 4670 3780 1450
5620 4660 3800 1440
5630 4670 3800 1440
5640 4680 3810 1450
5640 4670 3800 1460
5640 4670 3800 1460
5640 4690 3770 1450
5630 4680 3750 70
5620 4700 3750 1440
5640 4700 3760 1440
5630 4690 3780 1450
5630 4670 3780 1460
5630 4690 3510 1600
5630 4660 3530 1580
5630 4660 3530 1600
5630 4680 3520 1630
5620 4690 3510 1650
5620 4690 3510 1680
5620 4690 3510 1710
5620 4660 3510 1750
5620 4670 3520 1830
5630 4670 3520 1820
5630 4660 3530 1820
5630 4670 3530 1810
5640 4670 3530 1820
5640 4660 3520 1820
5630 4660 3530 1820
5630 4650 3530 1800
5620 4660 3520 1810
5630 4680 3510 1730
5630 4670 3520 1700
5640 4660 3520 1690
5640 4640 3520 1690
5640 4640 3510 1710
5630 4660 3520 1720
5630 4680 3520 1740
5630 4670 3520 1740
5620 4670 3510 1730
5620 4680 3510 1720
5620 4690 3510 1700
5630 4680 3510 1670
5630 4670 3520 1660
5630 4650 3520 1750
5630 4660 3530 1750
5630 4660 3530 1740
5630 4670 3530 1720
5640 4650 3530 1620
5640 4650 3520 1610
5630 4650 3520 1630
5630 4650 3520 1630
5620 4650 3530 1660
5620 4670 3530 1670
5620 4670 3530 1630
5630 4680 3520 1600
5630 4690 3530 1550
5640 4680 3520 1530
5640 4660 3520 1530
5630 4660 3520 1560
5640 4670 3510 1580
5640 4660 3520 1620
5630 4660 3520 1690
5640 4670 3530 1850
5630 4690 3530 1800
5640 4660 3540 1710
5650 4660 3530 1650
5640 4670 3520 1680
5640 4690 3520 1720
5640 4690 3510 1680
5640 4690 3510 1660
5640 4680 3510 1660
5640 4660 3520 1670
5630 4640 3510 1720
5620 4660 3520 1720
5610 4660 3530 1720
5610 4640 3530 1740
5620 4630 3530 1750
5620 4660 3520 1730
5640 4650 3520 1730
5640 4660 3530 1730
5630 4680 3530 1710
5620 4660 3510 1700
5620 4670 3500 1700
5620 4670 3500 1680
5620 4680 3500 1680
5630 4690 3510 1660
5630 4670 3510 1680
5620 4670 3510 1680
5640 4650 3510 1690
5640 4650 3520 1700
5640 4650 3520 1720
5630 4650 3510 1690
5640 4670 3530 1640
