5940 5030 4020 1010
5950 5010 4040 1010
5940 5020 4030 1030
5940 5010 4030 1020
5940 5030 4030 1020
5930 5070 4020 1010
5940 5030 4020 990
5930 5010 4020 1010
5930 5030 4020 1010
5940 5070 4020 1020
5940 5030 4030 1000
5940 5010 4030 1000
5940 5050 4030 1000
5950 5050 4030 1020
5950 5030 4030 1020
5950 5010 4020 1020
5940 5070 4020 1000
5930 5010 4020 1000
5940 5020 4020 1000
5920 5020 4020 1010
5930 5070 4020 1020
5930 5030 4020 1030
5940 5030 4020 1030
5940 5010 4020 1040
5940 5050 4030 1030
5930 5010 4020 1030
5940 5020 4020 1020
5930 5030 4030 1030
5940 5030 4030 1030
5940 5010 4030 1020
5940 5030 4030 1030
5940 5070 4030 1030
5930 5010 4030 1030
5920 5010 4030 1020
5950 5010 4020 1010
5950 5040 4020 1020
5950 5080 4010 1030
5950 5070 4010 1010
5950 5030 4010 1010
5950 5030 4010 1010
5940 5020 4020 1010
5940 5030 4020 1010
5940 5030 4020 1020
5940 5090 4030 1040
5950 5060 4030 1020
5950 5060 4020 1020
5940 5040 4020 1030
5940 5030 4020 1020
5950 5010 4020 1020
5950 5010 4010 1010
5950 5030 4010 1020
5940 5020 4020 1010
5930 5040 4020 1020
5940 5080 4010 1010
5940 5090 4010 1010
5940 5090 4020 1020
5940 5030 4020 1010
5940 5060 4020 1020
5940 5050 4020 1010
5940 5040 4020 1010
5940 5050 4030 1000
5930 5000 4030 1020
5930 5070 4030 1040
5930 5010 4030 1040
5940 5070 4030 1030
5960 5020 4020 1020
5960 5080 4020 1040
5960 5010 4020 1040
5950 4570 4490 1040
5940 4560 4510 1030
5940 4560 4470 1030
5940 4570 4480 1030
5950 4560 4480 1030
5950 4560 4510 1030
5960 4560 4520 1040
5950 4550 4500 1010
5950 4550 4490 1010
5950 4550 4550 1010
5940 4560 4500 1030
5950 4560 4540 1030
5950 4560 4500 1020
5950 4560 4490 1030
5940 4580 4530 1020
5940 4580 4510 1010
5940 4550 4500 1000
5930 4570 4500 1020
5940 4560 4480 1010
5940 4560 4540 1020
5940 4560 4540 1010
5940 4560 4540 1000
5930 4570 4520 1000
5930 4570 4480 1000
5940 4570 4550 990
5940 4570 4550 1000
5940 4560 4500 1000
5920 4560 4520 1000
5920 4570 4540 1020
5920 4560 4480 1020
5940 4560 4500 1040
5940 4560 4510 1040
5940 4560 4510 1040
5950 4570 4480 1020
5950 4570 4500 1000
5960 4560 4550 1010
5960 4580 4530 1010
5950 4570 4520 1010
5950 4580 4510 1000
5950 4570 4500 1020
5930 4570 4480 1030
5930 4570 4480 1030
5940 4570 4540 1010
5950 4560 4500 1020
5950 4580 4540 1030
5950 4570 4480 1010
5950 4570 4540 1030
5950 4570 4530 1030
5950 4570 4530 1010
5950 4550 4540 970
5960 4550 4480 990
5950 4550 4500 1030
5930 4570 4540 1000
5930 4570 4500 1010
5950 4560 4500 1020
5950 4550 4560 1010
5950 4550 4490 1030
5940 4560 4500 1030
