5560 4510 4090 1310
5560 4520 4120 1330
5560 4560 4120 1320
5570 4520 4100 1320
5570 4550 4110 1310
5570 4510 4110 1310
5570 4510 4100 1320
5570 4490 4100 1310
5570 4540 4110 1320
5570 4540 4110 1320
5570 4550 4110 1320
5570 4500 4100 1320
5560 4550 4130 1320
5570 4490 4090 1310
5570 4520 4110 1330
5570 4490 4110 1340
5570 4540 4120 1330
5570 4490 4130 1320
5560 4550 4130 1310
5570 4560 4130 1330
5570 4520 4110 1320
5570 4490 4110 1310
5560 4510 4110 1300
5560 4580 4110 1290
5560 4520 4120 1300
5560 4550 4110 1320
5560 4570 4110 1330
5560 4520 4110 1330
5560 4520 4110 1320
5560 4540 4120 1320
5560 4500 4120 1310
5560 4540 4120 1310
5570 4530 4130 1310
5570 4500 4120 1310
5570 4510 4120 1300
5570 4500 4120 1290
5570 4490 4100 1300
5570 4530 4090 1310
5570 4580 4090 1310
5570 4540 4100 1310
5560 4530 4090 1310
5570 4510 4110 1310
5570 4550 4110 1320
5570 4500 4100 1310
5560 4530 4110 1310
5560 4560 4120 1330
5560 4500 4120 1320
5560 4520 4110 1320
5550 4580 4110 1340
5560 4580 4100 1320
5560 4560 4110 1310
5560 4520 4090 1330
5570 4560 4120 1320
5560 4510 4110 1300
5560 4550 4120 1310
5560 4510 4120 1320
5570 4560 4120 1320
5570 4050 4630 1320
5570 4050 4650 1310
5570 4050 4610 1310
5570 4060 4630 1310
5570 4060 4630 1310
5570 4060 4600 1310
5570 4060 4610 1320
5570 4060 4620 1320
5560 4060 4600 1310
5560 4060 4590 1320
5570 4060 4610 1320
5570 4060 4550 1320
5570 4060 4630 1310
5560 4060 4560 1310
5560 4060 4620 1320
5560 4060 4590 1330
5570 4060 4610 1320
5570 4060 4640 1330
5570 4060 4570 1330
5570 4060 4580 1320
5560 4060 4620 1340
5570 4060 4590 1340
5570 4060 4630 1340
5570 4060 4640 1330
5570 4060 4640 1330
5570 4060 4630 1310
5570 4060 4590 1310
5570 4060 4590 1310
5570 4060 4600 1310
5570 4060 4600 1320
5560 4060 4640 1330
5560 4060 4580 1320
5570 4050 4580 1320
5570 4050 4600 1320
5570 4060 4640 1320
5570 4060 4630 1310
5570 4060 4600 1320
5560 4060 4630 1330
5560 4060 4580 1330
5560 4060 4600 1320
5570 4060 4610 1310
5570 4060 4640 1320
5570 4060 4600 1320
5560 4060 4610 1310
5560 4060 4600 1310
5560 4050 4620 1310
5550 4050 4600 1310
5550 4050 4590 1320
5560 4040 4560 1330
5560 4030 4580 1320
5560 4040 4560 1330
5560 4040 4590 1330
5550 4040 4600 1330
5560 4030 4640 1320
5570 4030 4630 1320
5570 4030 4600 1320
5560 4030 4600 1330
5560 4040 4590 1330
5560 4040 4580 1340
5570 4040 4630 1320
5570 4040 4580 1320
5560 4040 4610 1310
5560 4030 4610 1300
5550 4030 4580 1310
5550 4030 4590 1310
5560 4030 4630 1300
5550 4030 4600 1320
5560 4030 4600 1310
5560 4030 4640 1320
5550 4030 4630 1330
5550 4040 4650 1340
5560 4040 4640 1330
5560 4060 4630 1320
5570 4060 4560 1330
