5330 3580 4230 1730
5290 3570 4220 1740
5290 3570 4240 1740
5320 3580 4240 1740
5330 3570 4240 1730
5330 3580 4240 1750
5310 3590 4240 1740
5310 3590 4240 1740
5320 3580 4230 1740
5330 3590 4230 1730
5340 3580 4230 1730
5360 3580 4230 1730
5370 3570 4240 1730
5390 3570 4240 1730
5430 3570 4240 1730
5440 3580 4240 1730
5440 3580 4240 1730
5480 3580 4230 1730
5480 3590 4230 1720
5480 3580 4230 1720
5490 3590 4230 1720
5540 3590 4240 1720
5500 3590 4250 1720
5540 3580 4240 1700
5500 3580 4240 1700
5460 3580 4250 1700
5470 3570 4240 1710
5480 3580 4250 1720
5450 3580 4240 1720
5420 3580 4230 1700
5460 3580 4230 1690
5510 3580 4250 1700
5580 3570 4250 1720
5630 3580 4240 1730
5640 3570 4240 1730
5620 3570 4240 1730
5610 3570 4240 1720
5590 3570 4230 1720
5510 3580 4230 1710
5470 3580 4240 1720
5480 3580 4240 1720
5510 3570 4240 1720
5570 3590 4240 1730
5570 3580 4240 1730
5540 3580 4240 1730
5550 3590 4230 1730
5520 3580 4240 1720
5490 3590 4240 1710
5460 3580 4240 1720
5450 3580 4230 1720
5430 3580 4230 1730
5430 3580 4230 1720
5420 3590 4240 1720
5410 3590 4250 1730
5420 3590 4240 1730
5420 3590 4250 1730
5420 3590 4240 1740
5420 3590 4240 1730
5430 3590 4240 1730
5430 3590 4240 1720
5430 3590 4240 1720
5430 3590 4250 1720
5420 3590 4240 1720
5420 3580 4240 1700
5420 3590 4240 1710
5420 3580 4260 1710
5410 3580 4250 1710
5410 3580 4240 1720
5390 3590 4240 1720
5380 3590 4240 1720
5400 3580 4240 1710
5440 3590 4230 1710
5450 3590 4250 1710
5470 3580 4240 1720
5470 3570 4260 1720
5470 3570 4250 1730
5460 3570 4240 1730
5460 3570 4240 1730
5460 3570 4240 1730
5460 3580 4240 1730
5470 3570 4240 1720
5470 3570 4250 1730
5460 3570 4250 1730
5460 3580 4240 1720
5460 3580 4240 1720
5440 3590 4230 1710
5440 3580 4240 1720
5440 3580 4230 1720
5440 3570 4240 1710
5440 3570 4230 1710
5430 3570 4230 1700
5440 3570 4230 1720
5430 3580 4230 1710
5430 3580 4230 1710
5430 3580 4230 1710
5430 3570 4230 1720
5430 3580 4230 1720
5460 3580 4240 1720
5190 3580 4360 1730
5190 3570 4380 1730
5190 3570 4380 1730
5200 3570 4630 1730
5200 3580 4540 1730
5200 3590 4480 1720
5190 3590 4430 1720
5190 3590 4410 1730
5190 3580 4390 1730
5200 3580 4460 1730
5190 3580 4420 1720
5190 3590 4680 1710
5190 3590 4840 1710
5180 3590 4980 1700
5180 3600 5090 1720
5190 3600 5120 1730
5190 3600 5160 1730
5190 3590 5200 1730
5190 3590 5260 1720
5190 3580 5320 1710
5190 3570 5240 1710
5190 3570 5250 1720
5190 3580 5270 1720
5200 3580 5280 1720
5200 3580 5010 1720
5190 3580 4810 1730
5200 3570 4810 1730
5210 3570 5050 1730
5210 3570 5090 1720
5200 3570 5140 1710
5200 3570 5090 1720
5200 3580 5080 1720
5190 3580 5060 1710
5190 3580 4890 1720
5200 3580 4950 1720
5200 3580 4780 1720
5200 3580 4680 1720
5200 3580 4600 1720
5200 3580 4580 1720
5210 3580 4500 1720
5210 3580 4450 1720
5210 3580 4440 1720
5200 3580 4420 1720
5200 3580 4410 1720
5200 3590 4380 1730
5190 3580 4350 1730
5190 3580 4320 1730
5190 3580 4430 1730
5200 3580 4400 1730
5200 3580 4390 1740
5190 3590 4450 1740
5200 3580 4440 1730
5210 3570 4370 1740
5200 3580 4340 1730
5200 3580 4330 1720
5200 3580 4320 1720
5200 3580 4320 1710
5200 3570 4360 1700
5200 3580 4390 1700
5200 3580 4420 1710
5200 3580 4410 1730
5200 3580 4420 1720
5200 3580 4400 1720
5200 3580 4390 1720
5200 3580 4390 1720
5210 3580 4390 1720
5200 3580 4380 1720
5210 3580 4370 1720
5210 3580 4370 1720
5210 3570 4370 1720
5210 3570 4370 1720
5210 3580 4360 1720
5210 3580 4360 1730
5210 3580 4380 1730
5210 3580 4380 1730
5210 3580 4500 1730
5200 3580 4490 1720
5200 3580 4480 1710
5190 3580 4470 1710
5190 3580 4430 1710
5180 3570 4350 1730
5190 3570 4340 1730
5190 3580 4340 1730
5200 3580 4340 1720
5190 3580 4350 1710
5190 3580 4370 1710
5190 3580 4370 1710
5190 3580 4370 1720
5190 3580 4360 1730
5190 3580 4340 1730
5180 3570 4330 1720
5190 3570 4330 1730
5190 3570 4330 1730
5190 3570 4350 1720
5200 3570 4430 1710
5200 3570 4410 1710
5210 3580 4400 1720
5210 3570 4400 1720
5210 3570 4390 1730
5210 3570 4380 1730
5200 3570 4380 1730
5200 3570 4430 1730
5200 3580 4460 1730
5200 3580 4450 1720
5200 3580 4440 1730
5190 3580 4440 1720
5200 3580 4440 1710
5210 3580 4440 1710
5210 3580 4440 1710
5210 3580 4450 1710
5200 3590 4450 1720
5210 3590 4460 1720
5210 3580 4720 1730
5210 3580 4620 1730
5200 3580 4540 1720
