4860 3310 4390 2200
4860 3340 4400 2190
4860 3390 4410 2190
4860 3400 4410 2190
4870 3400 4400 2190
4870 3390 4410 2190
4870 3380 4400 2190
4860 3390 4400 2190
4860 3390 4400 2190
4860 3380 4410 2190
4860 3330 4420 2190
4870 3330 4420 2190
4870 3320 4420 2190
4870 3320 4430 2190
4870 3320 4420 2180
4860 3300 4420 2180
4860 3290 4430 2180
4860 3280 4420 2200
4860 3290 4420 2200
4850 3300 4410 2200
4870 3290 4420 2180
4860 3280 4400 2180
4860 3280 4400 2180
4870 3280 4400 2180
4860 3290 4410 2180
4860 3310 4410 2180
4860 3320 4410 2180
4860 3320 4420 2180
4860 3300 4420 2180
4860 3290 4420 2170
4860 3300 4410 2160
4860 3300 4420 2170
4860 3320 4420 2170
4860 3320 4410 2180
4860 3320 4410 2180
4860 3310 4410 2180
4850 3300 4410 2180
4850 3270 4400 2190
4840 3320 4400 2190
4850 3320 4410 2180
4840 3320 4400 2180
4840 3320 4400 2180
4850 3330 4410 2180
4850 3340 4400 2180
4840 3360 4390 2180
4840 3360 4410 2180
4850 3360 4410 2190
4850 3360 4400 2180
4860 3340 4400 2180
4860 3330 4390 2180
4860 3320 4400 2180
4860 3360 4410 2190
4870 3380 4390 2190
4870 3390 4400 2190
4870 3400 4400 2180
4860 3400 4420 2180
4860 3390 4410 2180
4870 3390 4410 2180
4860 3390 4420 2180
4860 3400 4410 2170
4870 3390 4410 2180
4860 3390 4410 2170
4860 3400 4400 2170
4860 3400 4390 2170
4860 3400 4390 2160
4870 3410 4400 2160
4860 3400 4410 2170
4850 3400 4410 2170
4850 3400 4400 2170
4850 3420 4400 2180
4860 3420 4410 2180
4860 3420 4410 2180
4860 3410 4410 2180
4860 3400 4390 2180
4850 3400 4390 2190
4860 3400 4390 2190
4860 3400 4400 2200
4860 3390 4410 2200
4860 3390 4420 2190
4860 3390 4420 2190
4860 3400 4420 2190
4860 3430 4410 2190
4860 3430 4410 2190
4860 3430 4400 2190
4860 3420 4410 2190
4850 3420 4400 2190
4860 3420 4420 2200
4860 3420 4410 2200
4870 3430 4410 2200
4850 3120 4570 2190
4850 3110 4600 2190
4860 3090 4570 2190
4860 3090 4810 2190
4860 3090 4860 2190
4860 3070 5050 2190
4860 3100 5110 2190
4860 3120 5170 2190
4860 3130 5160 2200
4860 3110 4990 2200
4860 3120 4780 2200
4850 3120 4700 2200
4850 3130 4620 2200
4840 3130 4600 2200
4840 3140 4550 2200
4850 3140 4540 2200
4850 3130 4560 2200
4850 3130 4580 2200
4850 3120 4580 2200
4860 3140 4580 2200
4850 3140 4580 2210
4840 3120 4550 2200
4840 3110 4550 2200
4850 3100 4580 2190
4860 3100 4680 2200
4840 3100 4770 2200
4840 3100 4700 2200
4840 3100 4650 2200
4850 3090 4690 2200
4850 3090 4820 2200
4850 3090 4920 2200
4850 3100 4790 2190
4850 3100 4730 2190
4850 3100 4680 2190
4850 3110 4640 2190
4840 3100 4620 2190
4840 3100 4610 2190
4850 3110 4600 2190
4850 3100 4580 2180
4850 3100 4560 2180
4850 3080 4620 2190
4850 3080 4720 2190
4850 3100 4750 2190
4850 3090 4760 2190
4850 3110 4730 2190
4840 3100 4690 2190
4860 3100 4650 70
4860 3120 4650 2200
4860 3130 4650 2200
4860 3110 4650 2200
4860 3100 4650 2200
4860 3090 4680 2200
4850 3100 4840 2200
4850 3100 5000 2200
4840 3110 5020 2200
4840 3130 4910 2190
4840 3120 4850 2190
4840 3110 4620 2190
4850 3110 4610 2180
4850 3090 4630 2180
4850 3090 4630 2180
4850 3110 4670 2190
4850 3090 4720 2200
4840 3080 4700 2200
4840 3080 4660 2200
4840 3100 4630 2200
4850 3120 4640 2190
4850 3110 4660 2180
4850 3100 4640 2190
4850 3100 4580 2190
4860 3100 4600 2190
4860 3100 4780 2190
4860 3110 4760 2190
4860 3100 4700 2190
4860 3100 4640 2190
4860 3100 4580 2190
4860 3090 4580 2190
4870 3090 4600 2200
4880 3090 4620 2190
4870 3090 4620 2190
4860 3100 4620 2200
4860 3100 4630 2210
4860 3100 4620 2210
4850 3090 4610 2200
4850 3090 4580 2200
4850 3100 4570 2200
4860 3090 4580 2200
4860 3100 4600 2190
4850 3100 4600 2190
