4840 2580 4710 2670
4840 2570 4700 2670
4790 2590 4710 2670
5160 2590 4700 2660
5290 2590 4700 2670
5350 2600 4700 2680
5400 2590 4700 2670
5170 2580 4690 2670
5160 2580 4690 2660
5040 2580 4690 2660
5070 2600 4690 2660
4990 2590 4680 2680
4920 2580 4680 2660
4890 2570 4680 2660
4890 2570 4680 2650
5090 2560 4680 2650
5230 2560 4680 2650
5340 2570 4700 2660
5340 2580 4700 2660
5240 2580 4700 2660
5150 2580 4700 2660
5090 2580 4690 2670
5040 2580 4690 2680
4980 2580 4700 2670
4940 2580 4690 2670
4930 2590 4690 2660
4960 2590 4690 2670
5050 2590 4680 2670
5040 2580 4680 2670
5020 2590 4680 2670
5010 2570 4670 2670
4970 2590 4670 2660
4940 2590 4670 2670
4910 2600 4680 2660
4870 2600 4680 2660
4830 2600 4680 2670
4810 2590 4680 2670
4800 2590 4670 2670
4790 2570 4680 2670
4760 2570 4700 2660
4740 2580 4700 2670
4730 2600 4690 2670
4720 2590 4700 2670
4730 2590 4710 2670
4720 2590 4720 2670
4720 2590 4710 2670
4720 2600 4720 2660
4710 2590 4690 2660
4690 2590 4680 2670
4670 2580 4700 2670
4660 2590 4690 2670
4690 2570 4700 2680
4690 2590 4710 2670
4690 2590 4710 2670
4700 2570 4690 2660
4700 2570 4690 2670
4710 2560 4700 2680
4710 2560 4690 2680
4710 2580 4690 2680
4720 2580 4690 2680
4730 2590 4690 2680
4730 2600 4700 2680
4730 2600 4700 2690
4750 2610 4690 2700
4790 2590 4690 2680
4770 2590 4680 2680
4770 2590 4690 2690
4780 2580 4690 2690
4740 2570 4680 2680
4750 2580 4700 2680
4780 2570 4700 2670
4800 2590 4700 2670
4810 2590 4690 2660
4790 2580 4690 2670
4790 2580 4700 2670
4810 2570 4700 2670
4810 2580 4700 2670
4810 2580 4700 2670
4790 2570 4710 2670
4780 2580 4690 2680
4770 2590 4680 2680
4760 2590 4690 2670
4750 2580 4680 2670
4740 2580 4680 2680
4740 2600 4680 2670
4750 2600 4680 2670
4770 2590 4680 2680
4810 2570 4680 2670
4840 2580 4680 2670
4840 2590 4680 2660
4580 2590 4640 2820
4610 2590 4680 2830
4610 2590 4680 2840
4600 2580 4690 2850
4600 2570 4680 3000
4580 2570 4660 3130
4570 2570 4660 3200
4570 2570 4670 3260
4570 2570 4680 3320
4600 2580 4670 3380
4580 2580 4660 3390
4600 2580 4670 3370
4600 2580 4660 3340
4600 2580 4670 3330
4600 2590 4660 3330
4600 2590 4670 3310
4600 2590 4660 3290
4580 2580 4660 3300
4580 2580 4660 3300
4570 2590 4660 3300
4570 2590 4670 3300
4580 2600 4690 3290
4580 2600 4690 3310
4580 2590 4680 3330
4580 2590 4690 3340
4600 2590 4700 3390
4600 2590 4710 3450
4600 2600 4710 3410
4580 2590 4690 3380
4570 2590 4690 3370
4570 2580 4690 3440
4570 2580 4700 3470
4580 2590 4710 3360
4580 2600 4700 3410
4580 2600 4700 3440
4610 2600 4700 3450
4610 2580 4710 3480
4610 2590 4690 3500
4600 2590 4700 3480
4600 2580 4680 3430
4580 2580 4670 3430
4600 2580 4680 3430
4600 2580 4680 3410
4620 2580 4680 3400
4620 2580 4680 3400
4630 2580 4680 3390
4620 2580 4690 3380
4610 2580 4670 3370
4610 2580 4680 3340
4610 2580 4690 3330
4610 2580 4700 3300
4610 2580 4700 3300
4600 2590 4700 3320
4600 2580 4700 3310
4600 2580 4670 3300
4600 2580 4690 3260
4600 2580 4670 3220
4600 2580 4670 3220
4600 2570 4680 3220
4600 2570 4700 3210
4580 2580 4690 3220
4580 2580 4680 3230
4600 2580 4690 3230
4600 2600 4680 3250
4610 2590 4680 3300
4610 2590 4680 3320
4610 2600 4680 3330
4610 2590 4690 3380
4600 2580 4680 3440
4600 2580 4680 3470
4600 2580 4680 3510
4580 2580 4680 3550
4580 2590 4680 3570
4580 2580 4700 3580
4580 2590 4700 3600
4600 2600 4690 3580
4600 2590 4700 3550
4580 2600 4690 3560
4580 2610 4700 3540
4600 2590 4690 3440
4600 2590 4690 3430
4580 2580 4700 3450
4600 2590 4700 3550
4600 2580 4690 3550
4600 2570 4680 3550
4600 2570 4670 3550
4600 2590 4670 3550
4600 2580 4680 3560
4600 2590 4680 3480
4600 2590 4670 3430
4600 2610 4680 3380
4600 2600 4660 3380
4580 2590 4680 3410
4580 2580 4680 3480
4580 2580 4700 3520
4600 2580 4690 3560
4600 2580 4690 3590
4600 2570 4690 3640
4600 2570 4700 3620
4600 2590 4700 3590
4600 2590 4710 3580
4580 2600 4710 3570
4580 2610 4700 3540
4600 2600 4700 3510
4600 2600 4710 3470
4600 2590 4680 3440
4600 2580 4690 3400
4610 2600 4690 3390
4600 2600 4700 3380
4580 2600 4700 3340
4580 2590 4700 3360
4600 2590 4700 3360
4580 2580 4690 3370
4580 2590 4690 3360
4580 2600 4700 3360
4600 2610 4700 3330
4600 2600 4710 3330
4600 2600 4710 3320
4600 2600 4700 3310
4600 2590 4700 3320
4600 2590 4700 3320
4600 2570 4690 3320
4600 2570 4680 3320
4580 2570 4680 3320
4580 2570 4690 3320
4580 2590 4700 3320
4580 2580 4690 3330
4570 2590 4690 3330
4580 2580 4690 3360
4580 2600 4690 3370
4600 2590 4690 3380
4600 2580 4690 3370
4600 2570 4690 3360
4600 2590 4700 3370
4600 2580 4700 3370
4600 2580 4700 3370
4600 2590 4700 3370
4600 2590 4700 3370
4580 2590 4710 3370
4600 2590 4700 3360
4580 2590 4700 3370
4600 2600 4700 3400
4600 2580 4710 3490
4600 2580 4710 3460
4600 2570 4700 3410
4600 2570 4700 3380
4600 2580 4690 3380
4600 2580 4680 3410
4600 2590 4700 3460
4600 2580 4700 3500
4600 2580 4690 3500
4600 2580 4690 3520
4600 2580 4690 3530
4580 2580 4680 3520
4600 2580 4690 3520
4600 2600 4680 3490
4600 2590 4680 3470
4580 2600 4700 3440
4580 2590 4690 3410
4580 2580 4680 3410
4580 2580 4680 3410
4570 2570 4670 3420
4570 2570 4670 3450
4570 2590 4680 3480
4580 2590 4690 3500
4580 2580 4690 3510
4580 2600 4690 3510
4580 2590 4700 3510
4580 2600 4710 3510
4600 2590 4700 3510
4610 2600 4700 3520
4600 2590 4690 3530
4600 2590 4680 3530
4600 2590 4680 3500
4600 2580 4680 3460
4610 2600 4690 3380
4610 2580 4680 3320
4610 2580 4680 3260
4600 2580 4690 3170
4600 2570 4700 3200
4580 2600 4710 3250
4580 2610 4710 3260
4580 2600 4710 3290
4580 2580 4700 3300
4600 2580 4700 3330
4600 2610 4690 3360
4610 2590 4700 3330
4610 2580 4700 3330
4580 2590 4700 3320
4600 2590 4700 3330
