2610 4500 3250 4920
2640 4500 3250 4930
2620 4510 3260 4920
2610 4510 3250 4920
2600 4510 3260 4930
2660 4500 3260 4930
2620 4500 3250 4930
2570 4500 3250 4930
2590 4500 3250 4930
2630 4500 3260 4930
2610 4490 3250 4930
2620 4490 3250 4930
2580 4480 3250 4920
2610 4480 3250 4930
2590 4480 3250 4930
2620 4470 3250 4930
2620 4480 3250 4920
2600 4480 3250 4920
2580 4480 3250 4920
2570 4490 3250 4920
2640 4490 3250 4920
2590 4490 3250 4920
2590 4480 3250 4920
2630 4480 3250 4920
2600 4480 3250 4920
2620 4500 3250 4920
2580 4490 3250 4920
2620 4490 3240 4920
2650 4490 3240 4930
2610 4500 3240 4920
2660 4510 3240 4920
2620 4500 3230 4920
2610 4500 3230 4920
2610 4490 3240 4920
2620 4500 3230 4920
2600 4490 3230 4920
2600 4500 3220 4920
2580 4500 3230 4930
2640 4490 3230 4930
2550 4490 3230 4930
2580 4490 3230 4920
2590 4500 3240 4920
2600 4500 3240 4920
2650 4490 3240 4930
2660 4490 3250 4930
2620 4500 3250 4920
2610 4500 3240 4930
2620 4500 3240 4920
2600 4490 3240 4920
2670 4500 3230 4920
2660 4500 3230 4930
2640 4510 3240 4930
2660 4500 3240 4920
2620 4500 3240 4920
2640 4490 3250 4920
2610 4480 3250 4920
2570 4490 3240 4920
2630 4480 3250 4930
2630 4490 3250 4920
2640 4490 3240 4930
2620 4500 3240 4920
2590 4510 3240 4920
2580 4500 3240 4920
2580 4510 3240 4930
2090 5030 3240 4920
2090 5000 3240 4920
2080 4980 3250 4920
2110 5030 3250 4920
2120 4990 3250 4920
2130 4990 3250 4930
2130 5000 3240 4930
2110 5020 3240 4930
2090 4960 3240 4930
2120 4950 3240 4920
2110 4960 3240 4920
2110 4990 3240 4920
2120 4990 3250 4920
2110 5020 3260 4920
2110 4990 3250 4920
2090 5010 3250 4920
2110 5010 3240 4930
2110 4980 3230 4930
2090 5020 3240 4930
2090 4990 3240 4930
2110 4950 3240 4930
2120 4980 3240 4920
2120 5010 3240 4930
2120 4950 3240 4930
2130 4950 3240 4920
2140 4970 3240 4920
2140 5000 3250 4920
2140 4990 3240 4930
2140 4950 3250 4920
2130 5000 3250 4920
2140 4980 3260 4920
2150 4980 3250 4920
2140 5010 3260 4920
2160 4980 3250 4930
2130 4960 3240 4930
2130 4950 3240 4920
2120 4950 3240 4920
2130 4970 3250 4910
2140 4950 3250 4920
2130 4950 3250 4920
2130 5010 3250 4920
2140 4960 3240 4930
2140 4970 3240 4930
2130 4990 3240 4930
2110 5010 3240 4920
2120 4970 3250 4930
2110 4950 3250 4930
2140 4960 3240 4930
2160 5020 3230 4930
2140 5020 3230 4930
2140 4960 3230 4930
2140 4970 3230 4930
2140 5000 3230 4930
2140 4980 3230 4920
2150 4980 3230 4930
2140 4980 3230 4930
2150 5030 3230 4930
2140 5010 3230 4930
2140 5030 3220 4930
2150 5030 3210 4930
2150 4980 3220 4930
2150 5010 3230 4930
2150 4990 3240 4930
2150 5030 3230 4930
2150 5000 3230 4940
2140 5030 3230 4940
2130 4990 3220 4930
2130 4980 3240 4930
2150 4960 3230 4930
