4320 2620 4980 3190
4340 2620 4980 3180
4340 2660 4980 3180
4340 2620 4990 3180
4330 2620 4990 3180
4330 2680 4990 3180
4340 2630 4990 3180
4330 2690 4990 3180
4320 2640 4990 3170
4310 2700 4980 3170
4300 2650 4970 3170
4320 2670 4980 3170
4320 2650 4970 3180
4310 2620 4980 3190
4310 2640 4980 3190
4320 2700 4990 3190
4320 2640 4990 3190
4320 2710 4980 3190
4320 2710 4970 3190
4320 2690 4970 3200
4320 2630 4980 3200
4320 2660 4980 3200
4320 2620 4980 3200
4320 2650 4980 3200
4300 2640 4980 3200
4300 2660 4980 3180
4310 2610 4980 3180
4320 2630 4980 3180
4330 2680 4980 3190
4330 2680 4980 3190
4330 2620 4980 3190
4330 2690 4990 3190
4330 2700 4980 3190
4330 2650 4980 3190
4330 2630 4980 3190
4330 2630 4990 3190
4340 2660 4990 3190
4340 2670 4990 3190
4340 2620 4990 3180
4340 2670 4990 3200
4340 2680 4990 3200
4330 2670 4990 3190
4330 2630 4990 3190
4330 2610 4990 3190
4320 2610 4990 3200
4330 2650 4990 3190
4330 2680 4990 3200
4340 2660 4990 3190
4330 2660 4990 3190
4330 2660 4970 3190
4330 2620 4980 3180
4330 2640 4980 3180
4340 2640 4980 3180
4340 2630 4980 3180
4340 2630 4970 3180
4340 2640 4980 3180
4340 2670 4980 3180
4340 2620 4980 3180
4340 2680 4970 3180
4340 2650 4980 3180
4330 2690 4980 3180
4310 2630 4990 3180
4310 2650 4990 3180
4310 2680 4990 3180
4310 2630 4990 3180
4310 2650 4990 3180
4310 2630 4990 3190
4310 2640 4990 3190
4320 2700 4990 3200
4320 2640 4990 3200
4330 2640 4980 3190
4330 2670 4980 3190
4340 2620 4980 3190
4340 2610 4980 3180
4340 2630 4970 3180
4340 2620 4970 3180
4340 2640 4970 3180
4340 2640 4960 3180
4340 2630 4970 3180
4330 2650 4970 3180
4330 2620 4970 3180
4330 2610 4980 3180
4330 2610 4970 3180
4350 2690 4990 3170
4350 2620 4990 3180
4340 2640 4990 3180
4340 2690 4980 3180
4340 2640 4980 3180
4340 2660 4970 3180
4340 2640 4980 3180
4350 2680 4970 3180
4340 2650 4970 3180
4350 2650 4980 3190
4340 2650 4970 3190
4340 2650 4970 3190
4340 2640 4970 3190
4350 2170 5460 3190
4340 2180 5460 3190
4340 2180 5430 3190
4350 2180 5450 3190
4340 2170 5450 3190
4330 2180 5440 3200
4340 2170 5430 3190
4340 2160 5450 3190
4330 2150 5430 3190
4330 2150 5450 3190
4330 2140 5470 3190
4330 2150 5500 3190
4330 2160 5450 3190
4330 2160 5490 3190
4330 2170 5430 3180
4330 2160 5490 3180
4330 2180 5480 3190
4340 2180 5500 3190
4340 2160 5490 3180
4340 2150 5490 3180
4340 2150 5450 3180
4340 2160 5430 3180
4340 2160 5460 3180
4340 2150 5500 3180
4340 2140 5500 3190
4340 2150 5440 3190
4340 2160 5470 3180
4340 2170 5450 3190
4340 2160 5450 3200
4340 2160 5490 3200
4330 2170 5450 3190
4330 2160 5440 3190
4330 2160 5470 3190
4330 2160 5490 3190
4330 2160 5450 3190
4320 2170 5450 3180
4320 2160 5450 3190
4320 2160 5500 3180
4330 2160 5460 3180
4330 2160 5500 3190
4330 2170 5480 3190
4330 2170 5500 3190
4330 2170 5440 3190
4340 2160 5500 3200
4340 2160 5450 3190
4340 2160 5460 3190
4340 2170 5440 3190
4330 2170 5430 3180
4330 2160 5450 3190
4340 2160 5450 3190
4340 2150 5450 3180
4340 2160 5450 3180
4330 2160 5500 3180
4330 2150 5510 3190
4340 2150 5490 3190
4350 2150 5470 3190
4350 2150 5510 3190
4350 2150 5450 3190
4350 2160 5470 3190
4350 2160 5450 3190
4350 2170 5440 3200
4340 2170 5480 3200
4350 2170 5440 3190
4350 2170 5430 3200
4350 2180 5450 3190
4340 2180 5480 3190
4340 2180 5470 3190
4340 2180 5450 3190
4330 2170 5430 3190
4340 2160 5490 3200
4340 2160 5490 3190
4340 2160 5490 3180
4340 2170 5450 3180
4340 2170 5430 3180
4340 2170 5450 3180
4330 2170 5430 3180
4340 2180 5490 3180
4350 2180 5490 3180
4340 2180 5470 3180
4340 2170 5500 3180
4350 2170 5440 3180
4350 2160 5460 3170
4340 2160 5450 3200
4340 2170 5430 3200
4340 2170 5490 3200
4340 2170 5430 3180
4340 2170 5460 3180
4340 2180 5480 3180
4340 2180 5440 3180
4330 2180 5420 3170
4330 2170 5440 3170
4330 2160 5460 3170
4330 2160 5480 3170
4330 2160 5460 3190
4330 2160 5440 3180
4320 2150 5440 3180
4340 2160 5450 3170
4340 2150 5460 3180
4340 2170 5490 3180
4330 2170 5430 3180
4330 2160 5490 3190
4330 2160 5500 3190
4330 2160 5480 3190
4330 2160 5460 3180
4350 2160 5480 3180
