4130 1970 5290 3640
4130 1960 5300 3630
4120 1990 5310 3610
4120 2010 5310 3600
4120 2070 5310 3620
4120 2060 5300 3610
4120 2030 5300 3620
4120 2010 5310 3610
4120 1990 5310 3610
4120 1980 5310 3610
4120 1980 5310 3620
4120 1970 5310 3630
4120 1980 5310 3640
4120 1980 5300 3640
4130 1990 5300 3640
4130 1990 5300 3640
4130 2020 5300 3630
4120 2050 5300 3620
4120 2070 5300 3620
4110 2070 5300 3620
4110 2070 5300 3620
4110 2070 5300 3620
4110 2040 5300 3620
4120 2040 5300 3630
4120 2040 5300 3630
4120 2040 5300 3620
4120 2060 5310 3620
4120 2070 5310 3610
4120 2070 5300 3610
4120 2090 5300 3600
4120 2110 5300 3600
4120 2120 5300 3600
4120 2120 5300 3610
4120 2110 5300 3610
4110 2090 5300 3610
4110 2090 5300 3610
4110 2070 5310 3610
4110 2080 5310 3620
4120 2130 5310 3620
4120 2150 5300 3620
4120 2150 5300 3620
4120 2140 5300 3620
4120 2120 5300 3620
4120 2110 5300 3620
4120 2110 5300 3630
4110 2080 5300 3630
4120 2150 5300 3610
4130 2130 5300 3600
4120 2090 5290 3610
4120 2080 5290 3610
4120 2070 5300 3600
4120 2080 5310 3620
4110 2080 5310 3620
4120 2090 5310 3610
4130 2090 5300 3600
4130 2110 5300 3600
4130 2110 5290 3610
4130 2110 5290 3610
4130 2140 5300 3610
4130 2170 5300 3600
4130 2170 5290 3630
4130 2140 5290 3630
4130 2120 5290 3620
4130 2120 5300 3630
4120 2130 5300 3640
4120 2130 5290 3620
4130 2120 5300 3620
4130 2150 5300 3630
4130 2140 5300 3620
4140 2130 5300 3620
4140 2110 5300 3630
4120 2070 5300 3630
4130 2040 5290 3610
4130 2040 5290 3630
4140 2040 5300 3630
4120 2060 5290 3640
4130 2080 5290 3630
4130 2080 5290 3630
4130 2080 5290 3630
4130 2070 5290 3630
4130 2060 5290 3640
4120 2030 5280 3630
4110 1750 5290 4080
4100 1750 5290 4090
4110 1750 5290 4060
4110 1740 5300 4060
4110 1740 5300 4080
4110 1750 5300 4110
4110 1760 5290 4110
4110 1740 5280 4050
4110 1720 5290 4000
4120 1730 5300 3990
4110 1730 5300 3980
4110 1750 5290 3960
4110 1750 5290 3940
4110 1760 5290 3930
4120 1760 5290 3920
4110 1770 5290 3910
4110 1770 5290 3900
4120 1760 5280 3910
4120 1750 5280 3910
4110 1770 5290 3920
4130 1760 5280 4010
4130 1760 5280 4040
4130 1770 5280 3980
4130 1760 5280 3960
4120 1770 5290 3950
4120 1760 5290 3980
4120 1770 5290 4000
4110 1770 5300 4020
4110 1770 5310 4070
4110 1770 5300 4060
4120 1760 5290 4020
4120 1760 5290 4020
4110 1780 5300 4020
4110 1760 5290 4030
4110 1750 5280 4030
4120 1770 5300 3980
4120 1770 5300 3930
4130 1760 5300 3890
4130 1770 5300 3860
4120 1760 5300 3840
4120 1760 5290 3840
4130 1760 5290 3850
4130 1760 5290 3870
4130 1760 5300 3880
4130 1750 5290 3900
4120 1750 5290 3920
4130 1750 5300 3920
4130 1730 5300 3950
4130 1730 5290 3960
4120 1730 5290 3990
4120 1750 5290 4000
4120 1740 5280 3990
4130 1740 5290 3980
4130 1740 5290 3980
4130 1760 5290 3960
4120 1760 5300 3980
4120 1770 5300 3980
4120 1760 5300 3980
4120 1770 5290 3990
4120 1770 5290 4000
4120 1760 5290 4010
4110 1760 5290 4010
4110 1750 5300 4010
4120 1770 5310 4020
4120 1780 5300 4040
4110 1780 5290 4030
4110 1780 5290 4010
4110 1760 5290 4010
4110 1770 5290 4000
4110 1760 5300 4000
4110 1750 5300 3990
4110 1750 5300 3980
4110 1760 5300 3960
4110 1750 5280 3980
4120 1760 5290 4000
4130 1770 5290 4000
4130 1780 5290 4010
4120 1770 5300 4010
4110 1780 5300 4000
4120 1780 5300 4000
4120 1800 5290 3990
4120 1800 5290 4000
4120 1770 5300 3990
4120 1770 5300 4000
4120 1770 5290 4000
4120 1780 5290 4000
4130 1800 5290 4000
4120 1780 5290 4010
4120 1770 5300 4000
4120 1760 5300 3990
4120 1760 5300 4000
4120 1750 5300 4000
4120 1740 5300 4000
4120 1740 5300 4000
4120 1760 5300 3990
4120 1760 5300 3980
4110 1740 5300 3960
4120 1740 5300 3960
4120 1750 5300 3980
4120 1760 5290 4000
4120 1750 5290 4000
4120 1750 5280 4000
4120 1740 5280 3990
4120 1740 5280 3980
4120 1740 5280 3990
4130 1740 5280 4010
4120 1770 5280 4000
4120 1780 5280 4000
4120 1770 5280 4010
4120 1760 5290 4010
4120 1770 5300 3990
4130 1770 5300 4000
4130 1780 5300 4010
4130 1770 5300 4020
4130 1770 5300 4040
4130 1760 5290 4040
4120 1740 5290 4060
4120 1750 5290 4060
4120 1760 5290 4060
4120 1740 5290 4040
4120 1750 5290 4030
4120 1750 5290 4020
4120 1750 5290 4020
4120 1740 5290 4020
4120 1750 5290 4010
4120 1750 5290 4020
4120 1760 5290 4040
4130 1750 5300 4020
4120 1750 5300 4020
4120 1740 5300 4000
4120 1760 5290 3990
4120 1750 5280 4010
4120 1770 5280 4020
4120 1770 5290 4010
4110 1750 5290 3990
4120 1760 5290 3980
4110 1750 5280 3980
4110 1740 5280 3980
4110 1750 5280 3980
4110 1750 5290 3960
4120 1750 5300 3960
4120 1750 5300 3980
4120 1740 5300 3960
4120 1760 5300 3950
4120 1750 5290 3950
4120 1740 5290 3940
4120 1750 5290 3940
4110 1760 5280 3950
4110 1780 5290 3950
4110 1770 5300 3960
4110 1770 5290 3960
4110 1770 5290 3960
4110 1770 5280 3960
4110 1770 5280 3990
4110 1760 5270 3990
4110 1770 5280 3990
4110 1750 5280 3950
4110 1760 5280 3920
4120 1750 5290 3910
4120 1750 5290 3910
4120 1750 5290 3920
4120 1750 5290 3950
4120 1750 5290 4010
4120 1740 5290 4020
4120 1750 5290 4020
4120 1750 5290 4020
4110 1760 5300 4050
4110 1760 5300 4050
