4020 1830 5710 4120
4010 1830 5710 4120
4010 1870 5710 4120
4010 1860 5700 4120
4010 1850 5700 4110
4010 1830 5710 4110
4010 1830 5720 4110
4010 1810 5730 4100
4020 1830 5720 4110
4000 1810 5720 4110
4010 1860 5720 4110
4010 1840 5720 4100
4010 1810 5720 4100
4010 1810 5720 4100
4020 1850 5720 4100
4020 1850 5720 4110
4020 1860 5720 4110
4010 1860 5720 4110
4010 1870 5710 4110
4010 1840 5710 4120
4000 1810 5710 4110
4020 1850 5710 4100
4020 1870 5710 4120
4020 1830 5710 4110
4020 1860 5720 4110
4010 1860 5720 4100
4010 1800 5720 4100
4010 1850 5710 4100
4020 1820 5710 4100
4030 1840 5710 4110
4020 1790 5710 4110
4020 1790 5710 4110
4020 1820 5710 4110
4020 1790 5710 4110
4020 1810 5710 4110
4020 1840 5710 4110
4010 1810 5720 4110
4010 1790 5720 4110
4010 1840 5720 4110
4010 1800 5710 4110
4010 1800 5710 4120
4020 1840 5710 4110
4020 1810 5720 4110
4010 1810 5710 4110
4010 1860 5710 4110
4020 1810 5710 4110
4020 1800 5700 4110
4020 1820 5710 4110
4020 1840 5710 4100
4010 1840 5710 4090
4010 1820 5710 4090
4000 1850 5710 4090
4000 1780 5710 4090
4000 1810 5710 4080
4000 1820 5710 4090
4000 1820 5710 4090
4000 1810 5720 4090
4000 1870 5720 4100
4020 1830 5720 4100
4030 1850 5710 4100
4020 1830 5700 4100
4010 1850 5710 4110
4010 1890 5710 4110
4010 1870 5710 4110
4010 1800 5710 4110
4010 1840 5710 4110
4010 1860 5710 4120
4020 1860 5710 4120
4020 1850 5710 4110
4020 1820 5710 4100
4020 1850 5710 4100
4020 1830 5710 4110
4020 1840 5710 4110
4020 1850 5710 4110
4020 1860 5700 4110
4020 1870 5700 4120
4020 1830 5700 4120
4020 1860 5700 4120
4020 1900 5700 4120
4020 1910 5710 4120
4020 1870 5700 4120
4030 1840 5700 4110
4030 1860 5700 4110
4020 1840 5700 4110
4010 1340 5710 4590
4010 1340 5710 4630
4010 1350 5710 4570
4010 1340 5710 4590
4010 1360 5710 4580
4020 1380 5700 4620
4020 1360 5700 4570
4020 1350 5700 4630
4020 1380 5700 4580
4020 1390 5700 4620
4020 1350 5700 4590
4020 1340 5700 4590
4020 1330 5700 4620
4020 1320 5700 4580
4030 1320 5700 4580
4030 1320 5700 4580
4030 1320 5690 4560
4020 1320 5690 4620
4020 1320 5690 4600
4020 1320 5690 4570
4020 1320 5710 4620
4010 1330 5710 4600
4010 1330 5710 4580
4020 1330 5710 4620
4020 1330 5710 4580
4020 1320 5710 4580
4020 1320 5700 4610
4020 1320 5690 4610
4020 1340 5680 4630
4020 1330 5660 4590
4020 1340 5650 4570
4020 1350 5660 4580
4020 1340 5670 4590
4010 1340 5670 4620
4010 1340 5670 4600
4010 1340 5670 4620
4010 1340 5660 4620
4010 1330 5660 4550
4010 1330 5670 4580
4010 1320 5680 4550
4010 1320 5680 4610
4010 1320 5680 4590
4010 1330 5680 4610
4010 1330 5690 4610
4010 1330 5700 4580
4000 1340 5710 4590
4000 1340 5710 4610
4000 1330 5710 4660
4010 1320 5710 4660
4010 1320 5710 4630
4000 1350 5710 4590
4010 1340 5710 4600
4010 1330 5710 4570
4020 1340 5710 4630
4020 1320 5700 4610
4010 1350 5690 4580
4010 1360 5690 4640
4010 1350 5690 4580
4010 1360 5690 4620
4010 1360 5690 4590
4020 1350 5690 4620
4010 1340 5710 4600
4010 1340 5700 4540
4010 1350 5700 4590
4010 1340 5700 4560
4020 1330 5700 4640
4020 1360 5700 4640
4010 1330 5700 4650
4010 1350 5700 4650
4020 1340 5700 4620
4010 1330 5700 4630
4010 1350 5700 4670
4010 1360 5700 4670
4020 1370 5700 4660
4020 1350 5700 4670
4020 1370 5700 4650
4010 1330 5710 4590
4010 1350 5710 4650
4010 1340 5710 4660
4010 1340 5710 4610
4010 1340 5710 4640
4010 1340 5710 4640
4020 1350 5720 4590
4020 1360 5710 4610
4030 1370 5710 4630
4030 1370 5710 4650
