3880 1610 6040 4600
3890 1430 6040 4600
3890 1400 6040 4600
3880 1500 6040 4600
3890 1450 6040 4600
3880 1520 6040 4600
3870 1510 6040 4600
3890 1500 6040 4580
3880 1470 6040 4580
3890 1490 6040 4580
3880 1490 6040 4580
3880 1520 6040 4580
3900 1540 6040 4600
3930 1520 6040 4600
3940 1530 6040 4580
3930 1520 6040 4580
3910 1500 6040 4580
3900 1470 6050 4580
3900 1450 6050 4600
3890 1440 6050 4580
3870 1390 6050 4580
3870 1380 6050 4580
3880 1370 6050 4580
3900 1350 6050 4580
3900 1340 6060 4600
3890 1380 6060 4600
3890 1430 6050 4580
3880 1570 6040 4570
3880 1610 6040 4580
3890 1630 6040 4580
3880 1650 6050 4580
3910 1650 6050 4580
3920 1610 6050 4600
3920 1610 6040 4600
3900 1550 6040 4600
3890 1520 6040 4600
3900 1520 6050 4600
3900 1520 6050 4600
3900 1520 6050 4600
3890 1500 6050 4600
3900 1500 6050 4600
3890 1520 6040 4600
3890 1520 6040 4580
3880 1520 6030 4580
3910 1450 6050 4580
3890 1430 6040 4580
3890 1430 6050 4580
3890 1420 6050 4580
3900 1400 6050 4600
3900 1390 6050 4600
3910 1390 6040 4580
3890 1370 6040 4580
3880 1390 6050 4570
3880 1410 6050 4570
3880 1410 6050 4570
3890 1410 6050 4570
3890 1390 6050 4570
3890 1390 6050 4570
3880 1420 6040 4570
3880 1440 6040 4570
3890 1510 6040 4570
3900 1450 6040 4580
3910 1460 6050 4580
3910 1450 6060 4580
3910 1470 6050 4580
3900 1520 6050 4600
3890 1520 6050 4600
3880 1500 6050 4600
3870 1900 6040 4600
3880 1870 6040 4600
3880 1850 6040 4600
3900 1830 6040 4610
3900 1830 6040 4610
3890 1740 6050 4600
3900 1700 6050 4600
3910 1730 6040 4600
3910 1750 6030 4600
3910 1720 6040 4580
3920 1690 6040 4580
3910 1700 6040 4580
3910 1700 6040 4580
3910 1700 6050 4600
3900 1690 6050 4580
3900 1670 6040 4580
3900 1650 6040 4580
3890 1600 6040 4580
3890 1610 6040 4600
3900 1680 6040 4600
3900 1700 6040 4580
3890 1730 6040 4600
3890 1760 6040 4600
3890 1780 6040 4580
3890 1780 6040 4600
3890 1120 6440 4600
3890 1120 6350 4610
3880 1130 6290 4610
3890 1130 6260 4610
3880 1130 6250 4610
3870 1130 6280 4610
3870 1110 6410 4600
3890 1110 6490 4600
3870 1100 6550 4600
3880 1120 6580 4600
3870 1110 6610 4600
3870 1110 6610 4600
3860 1120 6780 4600
3880 1120 6960 4600
3870 1120 7020 4610
3880 1130 6710 4610
3870 1120 6610 4610
3870 1120 6600 4610
3870 1120 6600 4600
3890 1120 6790 4610
3890 1110 7020 4610
3890 1120 6990 4600
3890 1120 6660 4600
3890 1110 6620 4600
3890 1120 6580 4600
3890 1110 6520 4600
3880 1120 6480 4600
3900 1150 6570 4600
3900 1150 6560 4580
3900 1150 6580 4580
3890 1150 6510 4600
3890 1140 6420 4580
3900 1130 6500 4580
3890 1130 6400 4570
3890 1130 6330 4580
3880 1130 6290 4600
3880 1130 6260 4600
3890 1130 6260 4600
3900 1130 6260 4600
3890 1130 6260 4580
3880 1130 6250 4580
3880 1120 6520 4580
3890 1110 6790 4580
3880 1110 6840 4580
3870 1110 6660 4580
3860 1110 6570 4600
3860 1110 6480 4600
3880 1110 6480 4580
3870 1130 6370 4580
3870 1130 6310 4580
3890 1110 6250 4580
3890 1120 6220 4580
3880 1110 6200 4570
3880 1110 6210 4570
3880 1120 6230 4570
3870 1100 6180 4560
3870 1110 6170 4570
3880 1110 6140 4570
3880 1110 6140 4580
3890 1120 6140 4600
3900 1130 6170 4600
3890 1120 6180 4580
3890 1100 6120 4610
3890 1110 6110 4600
3900 1110 6100 4600
3900 1110 6100 4580
3890 1120 6140 4580
3890 1110 6160 4600
3900 1110 6160 4580
3890 1100 6130 4580
3880 1110 6130 4580
3880 1110 6130 4580
3890 1110 6130 4580
3880 1120 6120 4580
3880 1100 6140 4580
3880 1130 6140 4600
3890 1130 6170 4600
3870 1140 6210 4600
3870 1140 6220 4600
3880 1130 6230 4600
3880 1130 6230 4600
3890 1110 6170 4580
3900 1110 6140 4580
3900 1110 6120 4580
3900 1110 6130 4580
3890 1120 6130 4580
3890 1110 6130 4580
3900 1120 6140 4580
3890 1120 6140 4580
3880 1120 6120 4580
3870 1110 6120 4580
3870 1110 6130 4580
