4550 750 6390 4540
4550 760 6390 4550
4550 760 6390 4550
4560 760 6390 4550
4560 760 6400 4550
4550 740 6400 4550
4540 710 6400 4550
4540 720 6390 4550
4540 710 6390 4550
4530 710 6390 4550
4540 720 6390 4550
4550 720 6390 4550
4560 720 6390 4550
4560 740 6390 4550
4560 740 6390 4550
4560 730 6400 4550
4560 720 6400 4550
4560 710 6400 4550
4560 720 6400 4550
4550 720 6390 4550
4550 710 6390 4550
4550 730 6390 4540
4550 730 6390 4540
4550 750 6390 4550
4550 760 6400 4550
4550 760 6400 4550
4550 750 6400 4550
4550 740 6400 4550
4550 710 6400 4540
4550 730 6400 4550
4550 730 6390 4550
4550 740 6390 4550
4550 730 6390 4540
4550 730 6390 4530
4550 730 6390 4530
4560 720 6390 4530
4560 730 6390 4530
4570 730 6400 4530
4580 730 6400 4540
4580 730 6400 4540
4580 740 6400 4540
4580 760 6400 4530
4560 740 6400 4530
4550 710 6400 4530
4560 730 6390 4540
4560 720 6390 4540
4550 720 6390 4530
4530 730 6400 4530
4520 720 6400 4530
4520 730 6390 4520
4560 720 6390 4530
4580 720 6400 4530
4580 740 6400 4530
4580 740 6400 4530
4560 750 6400 4540
4530 750 6400 4540
4490 740 6400 4540
4460 750 6400 4540
4570 740 6400 4540
4620 740 6390 4550
4640 760 6390 4550
4640 750 6390 4550
4630 740 6400 4540
4620 740 6400 4530
4620 740 6390 4530
4620 740 6390 4540
4620 740 6400 4530
4620 740 6390 4530
4630 740 6400 4530
4630 730 6390 4530
4630 720 6390 4530
4620 740 6400 4540
4620 730 6400 4540
4620 720 6400 4520
4620 730 6410 4520
4620 710 6410 4510
4620 720 6400 4500
4610 720 6400 4490
4610 720 6390 4500
4620 700 6400 4510
4610 710 6400 4510
4600 710 6390 4510
4620 710 6380 4500
4620 710 6380 4510
4700 710 6380 4520
4660 710 6380 4520
4740 710 6380 4500
4790 720 6380 4490
4740 710 6380 4510
4700 720 6380 4510
4690 730 6380 4510
4690 730 6380 4520
4760 740 6380 4500
4770 740 6380 4500
4760 730 6380 4500
4750 740 6380 4500
4730 720 6380 4500
4730 720 6380 4500
4730 730 6390 4500
4730 740 6400 4510
4730 740 6400 4510
4740 750 6400 4510
4740 750 6390 4520
4730 760 6390 4500
4720 750 6390 4500
4710 740 6390 4490
4710 740 6390 4490
4700 750 6390 4500
4700 740 6390 4510
4690 740 6380 4500
4680 730 6380 4510
4680 730 6380 4510
4680 720 6380 4520
4680 720 6380 4510
4700 730 6380 4500
4700 730 6390 4510
4680 740 6380 4510
4670 720 6390 4510
4660 720 6390 4510
4660 730 6390 4510
4670 720 6380 4490
4680 720 6380 4500
4680 720 6380 4500
4700 730 6380 4500
4720 730 6380 4510
4710 740 6390 4510
4690 740 6390 4510
4670 740 6390 4510
4680 740 6390 4520
4650 720 6390 4510
4750 720 6400 4510
4780 720 6400 4500
4800 720 6390 4500
4770 720 6400 4500
4760 740 6400 4510
4740 720 6400 4520
4730 730 6400 4520
4730 730 6400 4510
4730 730 6400 4510
4730 740 6390 4510
4710 750 6390 4490
4690 750 6390 4500
4680 750 6390 4490
4690 730 6400 4490
4690 730 6400 4490
4700 730 6400 4500
4700 740 6410 4510
4700 750 6410 4500
4700 750 6420 4500
4720 740 6420 4510
4750 740 6410 4510
4800 740 6400 4490
4810 740 6400 4500
4890 750 6400 4500
5000 750 6390 4490
5000 740 6390 4500
4960 750 6390 4500
4940 740 6390 4500
4910 730 6390 4500
4880 740 6390 4500
4860 740 6390 4500
4840 740 6390 4490
4780 740 6390 4500
4750 720 6390 4490
4730 730 6390 4490
4710 730 6390 4500
4710 740 6390 4500
4710 730 6390 4500
4740 740 6390 4510
4760 740 6390 4500
4790 750 6390 4500
4800 740 6390 4490
4790 710 6400 4500
4730 710 6400 4500
4740 720 6400 4510
4750 710 6400 4510
4750 700 6390 4490
4750 710 6390 4490
4750 730 6390 4500
4750 720 6390 4510
4750 730 6390 4500
4760 730 6390 4510
4770 730 6390 4500
4760 730 6390 4500
4720 730 6400 4490
4700 730 6390 4500
4670 730 6400 4500
4440 750 6400 5030
4420 740 6400 5250
4420 760 6390 5060
4420 760 6390 4880
4420 750 6400 4860
4420 740 6400 4860
4430 750 6400 4860
4410 760 6400 4840
4410 730 6400 4840
4410 740 6390 4830
4410 720 6390 4830
4420 730 6390 4830
4420 720 6390 4830
4420 730 6390 4820
4420 720 6390 4810
4430 750 6390 4810
4430 750 6390 4810
4430 760 6390 4810
4430 750 6390 4810
4430 760 6390 4810
4430 750 6390 4820
4430 730 6390 4840
4440 730 6390 4840
4430 720 6400 4840
4420 730 6400 4850
4410 720 6400 4850
4410 720 6390 4840
4410 740 6390 4840
4420 740 6390 4840
4420 740 6390 4850
4420 730 6390 4850
4420 720 6390 4860
4420 700 6380 4870
4420 710 6390 4870
4420 730 6400 4880
4430 740 6400 4910
4430 750 6400 4930
4440 750 6400 4930
4440 730 6400 4920
4420 720 6400 4870
4430 720 6400 4870
4430 720 6400 5130
4430 730 6400 5060
4430 740 6400 4980
4430 740 6400 4940
4410 730 6400 5040
4420 720 6400 4940
4430 720 6390 5010
4430 730 6390 5020
4420 740 6390 4970
4420 730 6390 4950
4420 730 6390 4940
4410 730 6390 5080
4410 730 6390 5160
4410 720 6390 5190
4410 710 6390 5210
4420 720 6390 5250
4420 720 6390 5270
4420 730 6390 5270
4420 730 6390 5280
4410 740 6390 5160
4420 750 6390 5130
4430 740 6390 5110
4440 720 6400 5110
4440 720 6400 5170
4430 740 6400 5190
4430 730 6400 5160
4440 730 6410 5170
4440 730 6410 5180
4440 740 6400 5200
4430 730 6390 5110
4420 730 6380 5120
4410 740 6380 5040
4410 740 6390 5020
4410 750 6390 5040
4410 750 6390 5070
4420 730 6390 5130
4410 740 6390 5000
4410 720 6390 4890
4410 720 6390 5010
4410 720 6390 4920
4410 720 6390 4940
4410 720 6390 4970
4410 710 6390 5000
4420 710 6390 5030
4420 710 6390 5060
