4510 1400 6000 3980
4500 1540 5990 3980
4510 1430 5990 3980
4500 1400 5990 3980
4490 1390 5990 3980
4490 1410 6000 3980
4480 1430 5990 3980
4500 1390 5990 3990
4500 1420 5990 3980
4500 1430 5990 3980
4500 1440 5990 3960
4500 1440 5980 3960
4510 1420 5980 3980
4500 1410 5980 3990
4490 1420 5980 3980
4500 1420 5990 3980
4500 1420 6000 3980
4500 1430 6000 3980
4500 1440 6000 3980
4490 1440 6000 3980
4490 1460 5980 3980
4490 1460 5980 3990
4480 1450 5980 4000
4480 1460 5980 4000
4480 1460 5980 4000
4490 1470 5990 3990
4490 1460 5990 3990
4500 1450 6000 3990
4490 1440 6000 3990
4490 1440 6000 3990
4490 1450 5980 3990
4470 1450 5980 3980
4480 1460 5990 3980
4480 1470 6000 3980
4470 1470 5990 3980
4470 1470 5990 3990
4470 1450 6000 3990
4470 1450 6000 3990
4480 1450 6000 3980
4500 1450 6000 3960
4500 1450 6000 3960
4500 1470 6000 3960
4500 1500 6000 3980
4500 1490 6000 3980
4500 1470 6000 3980
4500 1450 6000 3960
4500 1490 6000 3980
4500 1500 5990 3980
4510 1410 6000 3980
4500 1410 5990 3980
4490 1440 5990 3990
4500 1490 5990 3980
4490 1470 5990 3980
4490 1460 5990 3990
4490 1510 5990 3980
4480 1520 5990 3980
4480 1520 5990 3980
4480 1520 5990 3990
4480 1500 5990 3990
4500 1490 5980 3990
4510 1490 5990 4000
4500 1470 6000 3980
4500 1470 5980 3980
4500 1470 5970 3980
4490 1470 5980 3980
4480 1490 5990 3980
4480 1470 5990 3990
4480 1460 5990 4000
4500 1490 5990 4000
4490 1560 5990 4000
4500 1550 5990 4000
4500 1560 6000 3990
4500 1610 5990 3990
4500 1580 5990 4000
4510 1530 5990 3990
4510 1500 5980 3980
4510 1470 5990 3980
4520 1460 5990 3980
4510 1440 6000 3960
4500 1460 6000 3960
4490 1670 5990 3980
4490 1680 5980 3980
4480 1920 5990 3980
4480 1910 5990 3990
4470 1870 5990 3980
4470 1810 5990 3980
4490 1730 5990 3980
4490 1180 5970 4150
4500 1150 5970 4130
4500 1150 5970 4110
4500 1150 5980 4090
4490 1140 5980 4090
4500 1160 5980 4080
4500 1180 5980 4070
4500 1190 5980 4070
4490 1180 5980 4070
4490 1190 5980 4070
4510 1190 5980 4080
4500 1180 5980 4080
4480 1180 5980 4090
4480 1190 5970 4090
4490 1200 5980 4110
4480 1160 5980 4440
4480 1160 5970 4500
4480 1160 5990 4620
4480 1180 5980 4630
4490 1200 5980 4620
4490 1190 5970 4600
4480 1200 5970 4530
4480 1210 5980 4410
4490 1190 5980 4190
4490 1190 5980 4150
4500 1160 5980 4120
4500 1160 5980 4110
4510 1150 5980 4110
4510 1180 5980 4380
4510 1180 5980 4420
4500 1190 5980 4490
4510 1210 5990 4560
4520 1180 5990 4460
4520 1190 5990 4460
4510 1200 5990 4320
4490 1190 5980 4220
4490 1190 5980 4140
4490 1190 5990 4090
4490 1190 5990 4050
4480 1180 5990 4040
4490 1190 5990 4190
4480 1190 5980 4200
4480 1190 5980 4190
4490 1190 5970 4330
4480 1190 5980 4450
4480 1200 5990 4430
4480 1160 5980 4490
4500 1150 5980 4480
4490 1180 5980 4490
4500 1160 5990 4500
4500 1180 5980 4520
4490 1160 5980 4540
4490 1160 5980 4560
4500 1150 5980 4550
4500 1190 5980 4450
4490 1180 5980 4410
4490 1180 5980 4380
4500 1160 5980 4360
4500 1180 5990 4340
4500 1180 5980 4340
4500 1160 5990 4340
4500 1150 5980 4360
4490 1140 5980 4360
4490 1140 5980 4340
4490 1150 5980 4310
4490 1160 5980 4300
4480 1180 5980 4290
4490 1190 5980 4300
4500 1160 5980 4300
4500 1150 5980 4300
4500 1160 5990 4310
4490 1190 5990 4310
4500 1180 5980 4300
4500 1190 5980 4300
4500 1180 5990 4290
4500 1160 5990 4240
4490 1160 5990 4240
4490 1180 5990 4260
4490 1160 5990 4290
4490 1160 5990 4230
4490 1150 5990 4220
4490 1150 5990 4260
4490 1160 5990 4340
4490 1160 5990 4240
4500 1140 5990 4290
4510 1140 6000 4290
4500 1150 6000 4330
4500 1160 5990 4350
4490 1190 5990 4160
4490 1180 5990 4260
4500 1180 5990 4390
4490 1160 5990 4260
4500 1150 5990 4200
