4640 2040 5690 3470
4650 2040 5690 3470
4650 2060 5690 3470
4650 2070 5690 3470
4640 2090 5690 3470
4640 2070 5690 3470
4630 2110 5690 3470
4610 2080 5690 3470
4640 2090 5680 3480
4650 2060 5680 3470
4650 2070 5680 3470
4660 2070 5690 3460
4650 2070 5690 3460
4630 2060 5690 3460
4640 2120 5680 3460
4640 2100 5680 3470
4640 2050 5680 3460
4640 2110 5680 3460
4630 2050 5680 3460
4640 2070 5680 3460
4650 2060 5680 3470
4630 2070 5680 3470
4630 2070 5680 3470
4640 2060 5680 3470
4630 2120 5680 3480
4630 2080 5680 3470
4640 2080 5680 3470
4640 2080 5680 3470
4640 2120 5680 3470
4630 2120 5680 3470
4630 2060 5690 3470
4630 2100 5690 3480
4630 2120 5690 3480
4630 2100 5690 3480
4630 2090 5690 3470
4630 2050 5690 3470
4630 2060 5680 3480
4630 2080 5680 3480
4620 2070 5680 3470
4630 2070 5680 3470
4630 2080 5680 3460
4620 2090 5680 3470
4620 2070 5680 3470
4620 2130 5680 3470
4640 2060 5680 3470
4630 2110 5680 3470
4640 2060 5680 3470
4640 2130 5680 3480
4630 2080 5680 3480
4630 2090 5680 3480
4630 2070 5680 3470
4640 2090 5680 3480
4640 2100 5680 3480
4640 2110 5680 3470
4650 2070 5680 3470
4650 2100 5680 3470
4660 2090 5680 3480
4660 2130 5690 3480
4660 2110 5690 3480
4670 2090 5690 3480
4640 2090 5690 3470
4630 2060 5680 3470
4640 2080 5680 3470
4630 2080 5680 3470
4630 2100 5680 3470
4620 2070 5680 3470
4630 2120 5680 3470
4630 2100 5680 3470
4630 2130 5680 3470
4630 2100 5680 3470
4630 2060 5680 3470
4630 2060 5680 3470
4650 2080 5680 3470
4640 2110 5680 3470
4640 2060 5680 3470
4640 2110 5680 3470
4650 2100 5680 3480
4620 2090 5680 3480
4630 2110 5680 3480
4630 2070 5680 3480
4630 2060 5680 3480
4640 2050 5680 3470
4640 2080 5680 3470
4660 2090 5680 3470
4660 2100 5680 3470
4660 2070 5680 3470
4650 2120 5680 3470
4650 2070 5670 3470
4650 2090 5670 3480
4650 2080 5670 3480
4650 2090 5670 3480
4660 2070 5670 3470
4640 2060 5680 3460
4620 2090 5680 3460
4620 2070 5680 3460
4620 2110 5680 3460
4630 2130 5680 3460
4630 2060 5680 3460
4640 2130 5680 3470
4640 2100 5680 3470
4640 1600 6140 3470
4630 1610 6140 3470
4620 1610 6140 3480
4620 1610 6180 3470
4640 1590 6200 3480
4640 1590 6160 3480
4640 1590 6160 3480
4640 1590 6140 3480
4640 1590 6160 3480
4650 1600 6130 3480
4660 1620 6130 3480
4670 1610 6150 3480
4650 1610 6140 3470
4640 1600 6140 3470
4640 1600 6140 3470
4640 1600 6200 3470
4640 1600 6150 3460
4630 1600 6170 3470
4630 1600 6170 3470
4630 1610 6150 3480
4640 1610 6180 3480
4640 1610 6160 3480
4640 1610 6140 3470
4640 1610 6160 3480
4640 1600 6160 3470
4630 1600 6140 3470
4630 1600 6160 3470
4630 1610 6140 3470
4630 1610 6180 3470
4630 1610 6200 3460
4640 1600 6160 3460
4640 1590 6140 3460
4650 1590 6180 3460
4650 1590 6180 3460
4640 1600 6150 3460
4660 1590 6180 3460
4660 1590 6140 3470
4660 1590 6190 3470
4660 1590 6150 3460
4660 1600 6190 3460
4630 1600 6160 3460
4630 1600 6140 3460
4640 1610 6180 3460
4640 1610 6200 3460
4640 1610 6150 3460
4630 1610 6130 3470
4630 1610 6130 3480
4640 1610 6190 3480
4650 1610 6160 3480
4650 1610 6150 3480
4650 1610 6190 3480
4630 1610 6130 3480
4630 1600 6150 3470
4640 1610 6130 3470
4640 1600 6140 3470
4640 1600 6150 3470
4630 1600 6210 3470
4650 1600 6210 3470
4650 1600 6190 3470
4640 1590 6150 3470
4640 1600 6200 3480
4640 1600 6200 3480
4640 1590 6150 3480
4640 1590 6170 3480
4610 1590 6200 3470
4630 1590 6140 3460
4630 1590 6160 3460
4650 1600 6180 3460
4650 1600 6180 3460
4650 1600 6200 3460
4630 1610 6160 3470
4640 1610 6140 3480
4660 1610 6130 3480
4670 1610 6130 3480
4650 1610 6180 3490
4650 1620 6200 3490
4640 1620 6160 3490
4650 1620 6140 3480
4650 1610 6200 3470
4640 1610 6140 3470
4640 1610 6150 3480
4640 1610 6150 3480
4640 1610 6150 3480
4640 1610 6190 3480
4640 1600 6130 3480
4640 1610 6150 3480
4620 1610 6130 3480
4630 1600 6200 3470
4630 1600 6200 3470
4630 1600 6180 3470
4630 1600 6160 3470
4630 1600 6140 3480
4630 1600 6180 3470
4630 1600 6160 3470
4630 1600 6200 3470
4630 1600 6180 3470
4620 1600 6170 3470
4620 1590 6180 3480
4620 1590 6180 3480
4620 1590 6140 3480
4630 1600 6170 3470
4640 1610 6140 3460
4640 1610 6200 3460
