5050 2090 5360 2950
5080 2090 5360 2960
5240 2090 5360 2960
5300 2110 5360 2960
5330 2110 5360 2950
5370 2110 5360 2950
5390 2090 5350 2960
5420 2090 5340 2950
5440 2090 5340 2950
5430 2090 5340 2950
5400 2090 5330 2940
5400 2090 5340 2940
5400 2080 5330 2940
5400 2090 5340 2940
5400 2090 5340 2940
5400 2090 5340 2950
5480 2090 5340 2950
5510 2090 5350 2950
5550 2090 5350 2950
5570 2080 5360 2950
5540 2080 5360 2950
5500 2080 5360 2950
5470 2080 5360 2950
5460 2070 5350 2950
5450 2080 5350 2940
5450 2080 5350 2940
5440 2080 5340 2940
5440 2080 5340 2940
5440 2080 5350 2940
5440 2090 5370 2950
5450 2090 5380 2950
5440 2080 5360 2960
5440 2080 5360 2960
5430 2070 5360 2950
5430 2070 5370 2950
5430 2070 5360 2950
5430 2070 5370 2960
5430 2090 5360 2950
5440 2090 5360 2950
5440 2080 5360 2950
5600 2110 5350 2950
5580 2080 5330 2970
5550 2070 5330 2970
5510 2070 5320 2960
5400 2070 5320 2960
5290 2090 5340 2960
5290 2110 5340 2960
5350 2090 5350 2970
5350 2090 5350 2960
5350 2090 5350 2960
5350 2090 5370 2960
5340 2090 5360 2960
5340 2090 5340 2970
5340 2110 5340 2950
5320 2090 5350 2950
5170 2110 5350 2950
5380 2090 5340 2960
5500 2090 5350 2960
5490 2080 5350 2960
5270 2080 5360 2960
5550 2070 5340 2950
5360 2070 5340 2970
5240 2080 5330 2960
5100 2080 5340 2960
5270 2090 5330 2960
5190 2080 5330 2950
5150 2080 5340 2960
5170 2090 5340 2940
5120 2090 5360 2950
5080 2090 5360 2950
5080 2080 5360 2950
5100 2090 5350 2950
5110 2090 5350 2950
5110 2090 5360 2950
5120 2090 5340 2950
5130 2090 5340 2950
5130 2070 5330 2950
5120 2080 5350 2950
5150 2090 5340 2960
5160 2080 5330 2950
5160 2090 5330 2960
5160 2080 5330 2960
5160 2080 5330 2960
5160 2080 5340 2960
5170 2070 5340 2950
5200 2070 5340 2950
5230 2070 5340 2950
5230 2090 5370 2950
5250 2110 5350 2950
5260 2090 5370 2950
5290 2110 5370 2950
5320 2110 5370 2960
5330 2110 5370 2960
5350 2090 5370 2960
5370 2090 5350 2950
5330 2090 5340 2950
5320 2090 5360 2950
5320 2090 5370 2950
5350 2090 5360 2950
5370 2090 5360 2950
5390 2090 5360 2950
5390 2090 5360 2950
5300 2090 5350 2960
5430 2080 5340 2960
5630 2070 5340 2950
5640 2090 5350 2960
5670 2080 5340 2950
5680 2080 5340 2950
4870 2360 5340 2960
4880 2330 5340 2960
4890 2320 5340 2960
4890 2330 5340 2960
4880 2330 5340 2960
4870 2330 5360 2970
4870 2290 5340 2970
4870 2430 5360 2960
4880 2470 5360 2950
4870 2750 5360 2950
4860 3450 5330 2950
4850 3500 5320 2950
4860 3290 5340 2950
4860 3130 5340 2950
4860 3050 5340 2950
4860 2990 5350 2950
4850 3390 5340 2950
4860 3530 5350 2960
4850 3620 5360 2960
4880 2980 5340 2950
4880 2890 5340 2950
4880 3230 5350 2950
4870 2790 5340 2950
4880 2660 5340 2950
4870 3200 5340 2950
4880 3450 5350 2950
4880 3470 5350 2950
4870 3310 5350 2950
4880 3190 5350 2950
4870 3190 5350 2940
4880 3170 5350 2940
4880 3520 5350 2960
4860 3760 5350 2960
4840 3990 5350 2960
4830 3880 5350 2960
4850 4010 5340 2950
4860 3680 5340 2950
4880 3440 5330 2950
4880 3260 5320 2950
4890 3140 5320 2950
4880 3140 5340 2960
4890 3090 5340 2960
4870 3250 5340 2950
4870 3070 5340 2950
4890 2990 5350 2950
4880 2960 5360 2950
4870 2910 5350 2960
4860 2870 5350 2960
4860 2930 5350 2960
4860 3130 5370 2960
4840 3120 5360 2960
4840 3080 5360 2960
4860 3030 5350 2960
4850 3060 5350 2960
4870 3080 5350 2960
4870 3160 5350 2960
4880 3030 5350 2960
4870 3090 5350 2960
4890 3450 5350 2960
4890 3700 5340 2960
4890 3880 5340 2960
4880 4100 5340 2960
4890 4160 5340 2950
4890 4010 5340 2940
4880 4110 5340 2950
4860 4170 5340 2950
4860 4120 5340 2950
4870 4170 5340 2950
4870 4210 5330 2950
4880 4080 5330 2940
4880 3700 5340 2940
4890 3420 5340 2940
4880 3090 5340 2950
4880 2980 5340 2950
4880 2920 5340 2950
4870 2880 5330 2950
4880 2860 5330 2950
4870 2820 5330 2950
4850 2670 5340 2950
4860 2650 5340 2950
4840 2670 5340 2950
4850 2760 5340 2950
4860 2830 5340 2950
4870 2880 5340 2950
4860 2990 5360 2950
4880 3010 5350 2950
4860 3740 5380 2950
4870 3550 5360 2960
4880 3440 5350 2960
4880 3310 5340 2950
4880 3240 5340 2950
4870 3140 5360 2950
4880 3110 5350 2950
4880 3060 5340 2950
4870 3060 5340 2950
4840 3080 5350 2950
4840 3080 5360 2950
4850 3070 5350 2950
4860 3080 5340 2960
4880 3080 5350 2960
4870 3080 5350 2960
4860 3090 5360 2950
4880 3100 5360 2950
4880 3120 5360 2950
4870 3140 5360 2950
4890 3150 5340 2950
