5210 2600 5130 2400
5280 2590 5120 2400
5280 2590 5110 2400
5290 2570 5110 2400
5310 2570 5120 2420
5410 2580 5110 2420
5420 2580 5120 2420
5360 2600 5130 2420
5370 2600 5120 2420
5390 2600 5130 2420
5400 2580 5130 2420
5420 2570 5120 2420
5450 2570 5120 2430
5490 2570 5120 2420
5510 2580 5130 2420
5540 2590 5130 2420
5550 2590 5130 2420
5610 2590 5130 2420
5650 2590 5130 2420
5700 2580 5130 2420
5580 2580 5130 2420
5510 2570 5130 2420
5460 2570 5130 2420
5490 2570 5130 2420
5490 2580 5120 2420
5500 2560 5120 2420
5470 2560 5120 2430
5410 2570 5120 2420
5360 2580 5120 2420
5330 2580 5110 2420
5320 2570 5110 2430
5320 2590 5120 2420
5320 2590 5130 2420
5310 2580 5130 2430
5310 2590 5110 2430
5330 2580 5100 2420
5330 2580 5100 2420
5350 2570 5100 2420
5330 2580 5100 2420
5330 2580 5110 2420
5300 2580 5110 2420
5370 2570 5120 2420
5500 2560 5120 2420
5490 2580 5120 2420
5460 2590 5110 2420
5430 2590 5110 2420
5390 2590 5110 2420
5380 2580 5120 2420
5350 2590 5130 2420
5330 2570 5130 2400
5330 2590 5120 2400
5360 2580 5120 2420
5360 2570 5110 2420
5380 2570 5110 2420
5390 2560 5120 2420
5390 2560 5120 2420
5390 2560 5110 2420
5390 2560 5120 2420
5390 2580 5120 2430
5370 2570 5120 2430
5350 2580 5120 2420
5340 2600 5120 2400
5340 2590 5120 2400
5360 2580 5120 2400
5360 2590 5130 2400
5370 2590 5130 2400
5380 2590 5130 2420
5380 2600 5130 2430
5380 2600 5130 2420
5380 2600 5120 2400
5400 2580 5120 2400
5470 2590 5120 2420
5440 2600 5120 2420
5410 2580 5120 2420
5390 2570 5120 2420
5380 2590 5110 2420
5390 2590 5110 2420
5400 2600 5110 2400
5380 2600 5110 2420
5350 2590 5120 2420
5360 2590 5120 2430
5360 2590 5130 2430
5370 2580 5120 2430
5380 2580 5120 2430
5410 2560 5120 2420
5420 2560 5120 2420
5460 2590 5120 2420
5460 2580 5120 2420
5460 2580 5130 2420
5460 2580 5130 2430
5450 2590 5140 2420
5440 2600 5140 2400
5440 2590 5140 2420
5440 2580 5140 2400
5460 2580 5140 2400
5470 2580 5140 2400
5480 2570 5140 2390
5460 2560 5140 2390
5430 2570 5130 2400
5420 2570 5120 2400
5410 2560 5120 2400
5400 2580 5120 2400
5400 2580 5120 2420
5370 2580 5120 2420
5350 2590 5130 2420
5310 2570 5120 2420
5310 2590 5130 2420
5310 2580 5130 2400
5310 2560 5130 2400
5310 2550 5130 2400
5060 2600 5880 2430
5060 2600 5830 2420
5070 2590 5860 2430
5070 2590 5970 2430
5070 2590 6020 2430
5070 2580 5900 2420
5070 2580 5960 2400
5070 2590 5850 2400
5070 2590 5830 2400
5080 2580 5860 2400
5080 2580 5870 2420
5080 2580 5880 2420
5080 2580 5870 2420
5080 2600 5830 2420
5080 2620 5810 2430
5070 2600 5790 2420
5070 2590 5950 2420
5070 2600 5990 2420
5080 2600 6210 2420
5080 2600 6180 2420
5080 2600 6120 2420
5080 2600 6130 2430
5080 2590 6140 2420
5080 2600 6180 2420
5070 2600 6100 2420
5070 2590 6060 2430
5070 2590 6040 2420
5060 2580 6200 2430
5060 2570 6000 2420
5060 2580 5880 2420
5050 2580 5780 2400
5050 2570 5970 2400
5060 2570 6120 2420
5060 2600 6170 2420
5060 2600 6070 2420
5050 2590 6210 2400
5050 2580 6220 2400
5050 2570 7120 2400
5050 2570 7150 2400
5060 2570 8170 2400
5070 2580 7220 2420
5070 2580 6880 2420
5080 2580 6730 2420
5080 2600 6600 2420
5080 2600 6490 2400
5080 2600 6390 2400
5080 2610 6320 2400
5070 2600 6250 2400
5070 2590 6160 2400
5070 2580 6130 2420
5070 2580 6090 2420
5070 2590 6040 2400
5070 2580 6000 2400
5070 2580 5970 2400
5070 2570 5950 2400
5070 2570 5940 2420
5070 2580 5980 2420
5070 2600 5940 2430
5070 2600 5900 2420
5080 2590 6110 2400
5070 2600 6030 2400
5070 2590 6020 2400
5070 2590 6000 2400
5080 2570 6790 2400
5080 2590 6520 2390
5080 2600 5720 2420
5080 2600 5690 2400
5070 2590 5640 2400
5070 2580 7550 2420
5070 2590 7410 2420
5070 2580 8360 2420
5090 2580 8710 2400
5090 2580 8050 2400
5090 2570 8810 2400
5090 2570 8340 2400
5090 2560 7720 2420
5090 2590 8300 2420
5080 2580 9000 2420
5070 2580 8490 2420
5070 2580 8520 2420
5070 2590 8570 2400
5070 2580 8450 2400
5090 2590 7610 2400
5090 2590 8500 2420
5090 2580 8210 2420
5090 2590 7630 2430
5080 2600 7220 2420
5080 2600 6930 2420
5070 2590 6590 2420
5080 2580 6500 2400
5070 2580 6600 2400
5070 2580 7240 2400
5060 2570 7360 2400
5070 2600 6720 2420
5070 2600 6410 2420
5080 2590 6920 2420
5080 2580 7020 2420
5070 2590 8040 2420
5090 2580 7690 2420
5090 2580 6980 2430
5090 2580 6720 2420
5090 2590 6610 2420
5090 2590 6520 2420
