5320 3260 4840 1920
5330 3260 4850 1900
5330 3300 4850 1910
5330 3320 4850 1920
5350 3380 4840 1910
5320 3430 4850 1900
5310 3420 4840 1900
5310 3440 4830 1900
5310 3450 4820 1910
5330 3420 4820 1900
5320 3390 4830 1910
5330 3360 4840 1900
5330 3330 4840 1910
5320 3330 4840 1900
5310 3430 4840 1910
5310 3490 4840 1910
5320 3520 4840 1910
5340 3470 4840 1900
5340 3420 4860 1900
5340 3390 4870 1910
5340 3320 4870 1910
5330 3320 4860 1910
5320 3310 4850 1920
5320 3300 4840 1920
5320 3290 4840 1920
5310 3290 4840 1920
5310 3280 4840 1920
5320 3300 4840 1900
5320 3290 4840 1890
5340 3280 4840 1900
5330 3280 4850 1910
5330 3270 4840 1900
5340 3260 4840 1900
5350 3270 4850 1920
5340 3280 4850 1920
5340 3280 4850 1910
5340 3270 4850 1900
5330 3280 4840 1900
5340 3280 4830 1900
5340 3260 4850 1900
5330 3250 4840 1910
5330 3250 4840 1920
5330 3240 4840 1920
5320 3250 4850 1900
5320 3260 4840 1900
5330 3260 4840 1890
5340 3260 4840 1890
5350 3240 4840 1910
5340 3240 4840 1900
5330 3240 4830 1900
5340 3250 4830 1900
5350 3250 4830 1910
5350 3250 4830 1910
5350 3260 4840 1920
5360 3260 4850 1910
5360 3250 4830 1910
5340 3250 4840 1900
5340 3250 4830 1900
5350 3250 4830 1900
5340 3250 4830 1900
5330 3250 4820 1900
5330 3250 4830 1900
5330 3250 4830 1910
5340 3270 4840 1900
5330 3280 4840 1890
5340 3290 4840 1890
5340 3270 4830 1910
5330 3260 4820 1900
5350 3260 4820 1910
5340 3260 4830 1920
5330 3270 4830 1920
5340 3270 4830 1920
5330 3280 4830 1910
5330 3280 4850 1910
5340 3280 4850 1910
5350 3280 4840 1900
5340 3290 4840 1900
5360 3300 4850 1920
5340 3290 4870 1910
5350 3270 4850 1900
5330 3260 4840 1900
5340 3260 4840 1910
5320 3260 4850 1900
5330 3260 4850 1900
5320 3260 4850 1900
5320 3260 4840 1910
5310 3260 4840 1900
5330 3250 4840 1920
5330 3240 4840 1920
5320 3240 4840 1920
5320 3260 4830 1920
5330 3270 4830 1910
5350 3280 4850 1900
5350 3290 4840 1900
5340 3300 4840 1900
5350 3300 4840 1900
5350 3310 4850 1890
5370 3330 4840 1890
5360 3340 4840 1890
5350 3370 4840 1900
5360 3370 4840 1890
5330 3360 4830 1900
5340 3340 4830 1900
5350 3330 4830 1900
5350 3320 4840 1900
5340 3320 4840 1900
5350 3300 4830 1900
5340 3300 4840 1900
5340 3300 4860 1910
5350 3310 4860 1900
5310 3070 4830 2330
5300 3080 4830 2300
5300 3070 4830 2330
5300 3070 4830 2330
5320 3070 4830 2300
5330 3090 4850 2240
5340 3090 4860 2240
5330 3090 4840 2200
5350 3090 4830 2070
5350 3090 4840 2040
5340 3090 4840 2040
5340 3080 4850 2010
5350 3080 4850 2140
5330 3070 4860 2170
5340 3080 4860 2180
5330 3070 4870 2280
5350 3070 4860 2350
5340 3070 4870 2290
5340 3070 4850 2240
5330 3080 4840 2200
5330 3080 4840 2180
5340 3080 4840 2190
5340 3090 4840 2180
5340 3080 4850 2180
5340 3080 4850 2180
5330 3070 4860 2180
5320 3090 4860 2190
5320 3090 4850 2250
5320 3090 4840 2280
5320 3070 4830 2260
5310 3070 4820 2260
5320 3060 4830 2320
5310 3060 4850 2320
5320 3060 4840 2270
5320 3060 4840 2230
5330 3070 4840 2180
5340 3070 4830 2140
5340 3070 4830 2040
5360 3070 4840 2040
5350 3070 4840 2050
5340 3070 4830 2080
5350 3080 4840 2090
5340 3080 4820 2120
5330 3080 4840 2180
5350 3080 4840 2200
5340 3080 4840 2210
5350 3080 4850 2250
5350 3060 4840 2360
5340 3060 4840 2360
5340 3060 4840 2470
5330 3070 4850 2510
5320 3070 4840 2480
5330 3070 4830 2380
5320 3080 4830 2320
5330 3080 4840 2290
5330 3070 4830 2240
5310 3070 4830 2190
5310 3060 4840 2090
5310 3060 4830 2050
5320 3070 4830 2060
5350 3080 4840 2190
5320 3090 4840 2230
5320 3090 4840 2210
5320 3090 4840 2180
5330 3090 4840 2150
5330 3080 4850 2120
5350 3080 4850 2200
5350 3080 4850 2170
5340 3080 4850 2130
5330 3080 4860 2090
5350 3070 4860 2070
5340 3070 4860 2040
5350 3080 4870 2030
5350 3080 4850 2180
5340 3080 4840 2370
5330 3080 4840 2310
5320 3090 4860 2230
5330 3090 4860 2180
5330 3080 4860 2170
5330 3070 4850 2160
5310 3070 4850 2160
5330 3080 4850 2210
5320 3060 4840 2130
5350 3070 4840 2030
5350 3070 4840 2000
5350 3070 4840 1980
5350 3070 4850 1970
5330 3070 4840 1970
5320 3070 4850 1970
5340 3060 4850 1970
5330 3070 4840 2000
5320 3070 4840 2030
5320 3070 4840 2060
5320 3070 4830 2080
