2250 4310 3720 5250
2250 4310 3740 5240
2280 4310 3750 5230
2230 4310 3760 5230
2260 4310 3760 5210
2280 4310 3770 5210
2270 4300 3770 5230
2250 4310 3770 5230
2230 4310 3760 5230
2250 4310 3750 5230
2270 4310 3760 5210
2270 4310 3750 5210
2210 4310 3760 5210
2220 4300 3760 5210
2220 4300 3760 5210
2240 4300 3760 5210
2260 4290 3770 5210
2240 4290 3770 5210
2240 4300 3770 5210
2220 4300 3770 5230
2260 4290 3770 5230
2250 4290 3760 5230
2240 4300 3760 5230
2270 4310 3760 5230
2240 4310 3760 5230
2210 4310 3760 5230
2210 4310 3750 5210
2270 4310 3760 5200
2240 4300 3760 5200
2230 4300 3760 5210
2220 4310 3760 5210
2200 4310 3760 5210
2270 4310 3760 5210
2270 4320 3760 5210
2280 4320 3760 5210
2240 4320 3760 5210
2210 4320 3760 5210
2260 4320 3770 5210
2240 4320 3770 5210
2210 4310 3770 5200
2260 4320 3770 5210
2240 4310 3770 5210
2210 4310 3760 5210
2200 4310 3760 5210
2240 4300 3760 5210
2220 4310 3750 5230
2240 4310 3750 5230
2220 4310 3760 5230
2230 4310 3770 5230
2210 4300 3770 5230
2210 4310 3780 5230
2290 4310 3780 5210
2250 4310 3780 5200
2220 4320 3770 5210
2230 4320 3770 5210
2220 4310 3770 5210
2240 4300 3770 5210
2260 4300 3770 5230
2280 4300 3760 5230
2280 4300 3760 5210
2270 4310 3760 5230
2260 4310 3760 5230
2320 4310 3760 5230
2280 4310 3750 5230
2240 4310 3750 5210
2290 4310 3750 5210
2260 4310 3750 5210
2260 4300 3750 5230
2230 4300 3760 5230
2230 4310 3760 5230
2280 4310 3770 5230
2290 4320 3770 5230
2280 4320 3770 5230
2260 4320 3750 5230
2250 4320 3750 5230
2220 4310 3750 5210
2240 4310 3750 5210
2230 4310 3760 5210
2240 4320 3760 5210
2270 4310 3760 5210
2290 4310 3760 5210
2260 4310 3760 5210
2240 4310 3760 5210
2300 4310 3760 5230
2220 4310 3760 5230
2280 4310 3760 5240
2230 4300 3760 5210
2230 4310 3760 5210
2260 4310 3770 5210
2240 4310 3760 5210
2300 4310 3760 5210
2300 4310 3750 5210
2250 4310 3760 5210
2220 4310 3760 5210
2260 4310 3760 5200
2260 4300 3760 5210
2230 4300 3760 5210
2240 4300 3760 5230
2200 4300 3760 5210
2220 4310 3760 5210
2210 4310 3760 5230
2210 4310 3760 5230
2280 4310 3760 5230
2300 4300 3760 5210
2230 4300 3760 5210
2220 4300 3760 5210
2290 4300 3760 5210
2280 4300 3760 5210
2240 4310 3760 5210
2280 4320 3760 5210
2280 4320 3750 5210
2260 4320 3760 5210
2220 4320 3760 5210
2240 4320 3760 5210
2290 4320 3760 5230
2220 4320 3760 5230
2240 4320 3760 5240
2240 4320 3760 5240
2270 4320 3770 5230
2240 4320 3760 5230
2220 4320 3760 5230
1740 4830 3760 5230
1740 4770 3770 5230
1760 4790 3770 5240
1760 4790 3760 5250
1750 4790 3770 5240
1750 4840 3770 5230
1760 4840 3770 5230
1760 4800 3770 5230
1750 4780 3770 5230
1740 4800 3770 5230
1740 4820 3760 5230
1740 4780 3750 5230
1750 4780 3760 5230
1760 4770 3770 5230
1770 4810 3760 5230
1780 4810 3760 5230
1770 4760 3750 5210
1770 4790 3750 5210
1760 4760 3760 5210
1760 4810 3760 5210
1750 4830 3770 5210
1740 4810 3770 5210
1740 4830 3770 5210
1740 4810 3770 5210
1740 4830 3770 5210
1750 4790 3770 5210
1750 4770 3770 5200
1760 4760 3770 5210
1770 4830 3770 5210
1770 4810 3770 5210
1760 4770 3770 5210
1750 4810 3770 5230
1760 4770 3770 5230
1770 4800 3770 5230
1780 4800 3760 5230
1780 4780 3760 5210
1760 4840 3760 5210
1760 4820 3760 5210
1760 4800 3760 5210
1750 4840 3760 5210
1750 4800 3770 5210
1770 4790 3770 5200
1760 4840 3770 5200
1770 4780 3780 5200
1780 4830 3770 5210
1780 4810 3770 5210
1780 4790 3770 5210
1800 4770 3760 5240
1800 4790 3760 5230
1780 4830 3780 5230
1770 4770 3770 5230
1760 4820 3770 5240
1770 4770 3770 5230
1770 4770 3780 5230
1770 4770 3780 5230
1770 4840 3780 5230
1770 4800 3780 5230
1750 4800 3770 5230
1750 4830 3760 5230
1760 4770 3750 5230
1760 4790 3750 5210
1750 4830 3760 5210
1750 4830 3760 5210
1750 4790 3770 5200
1750 4770 3770 5230
1750 4780 3770 5230
1760 4750 3770 5210
1760 4750 3770 5210
1760 4760 3770 5210
1770 4760 3770 5230
1760 4820 3770 5230
1770 4810 3760 5230
1760 4820 3760 5230
1770 4760 3770 5230
1760 4760 3770 5230
1780 4820 3770 5240
1770 4780 3760 5240
1760 4760 3770 5230
1760 4790 3770 5210
1770 4770 3750 5210
1760 4790 3750 5210
1750 4790 3760 5210
1750 4800 3760 5200
1740 4770 3760 5200
1760 4770 3770 5210
1760 4840 3760 5210
1750 4780 3770 5210
1750 4820 3770 5230
1750 4780 3760 5230
1750 4800 3770 5210
1750 4780 3760 5210
1750 4820 3760 5200
1750 4770 3760 5210
1760 4830 3760 5210
1760 4790 3770 5210
1760 4810 3770 5210
1750 4810 3770 5210
1740 4770 3760 5210
1760 4770 3760 5230
1760 4780 3750 5230
1770 4790 3750 5230
1770 4760 3760 5230
1760 4770 3760 5210
1770 4790 3760 5210
1760 4770 3770 5230
1750 4780 3770 5230
1770 4780 3770 5230
1780 4770 3770 5230
1780 4770 3770 5230
1770 4780 3760 5230
1770 4830 3760 5230
1750 4770 3760 5230
1750 4780 3770 5230
1760 4780 3770 5240
1750 4800 3760 5240
1750 4780 3760 5230
1760 4840 3760 5210
1760 4800 3750 5210
1750 4780 3750 5210
