5650 3590 4780 1390
5650 3580 4760 1390
5640 3580 4770 1370
5640 3580 4770 1380
5640 3590 4820 1360
5630 3580 4830 1360
5640 3580 4830 1370
5650 3580 4890 1350
5650 3580 4930 1360
5640 3580 4930 1380
5640 3580 4920 1370
5640 3580 4930 1370
5650 3580 4920 1360
5650 3580 4960 1350
5640 3580 4960 1340
5650 3580 4990 1340
5640 3580 4980 1350
5640 3580 4950 1370
5640 3580 4930 1370
5640 3600 5000 1350
5650 3590 5030 1340
5650 3590 5040 1340
5640 3580 5010 1340
5640 3590 4970 1350
5630 3590 4940 1360
5640 3600 4880 1350
5630 3590 4860 1370
5630 3590 4850 1380
5630 3600 4840 1380
5630 3600 4850 1360
5630 3600 4820 1350
5630 3590 4810 1350
5640 3580 4840 1350
5630 3580 4840 1360
5620 3580 4910 1370
5620 3590 5210 1350
5630 3590 5140 1350
5640 3580 5190 1360
5640 3590 5240 1350
5640 3600 5210 1370
5640 3590 5200 1360
5650 3590 5180 1360
5650 3580 5250 1360
5640 3580 5250 1360
5630 3580 5180 1360
5620 3590 5280 1380
5630 3590 5300 1370
5620 3590 5330 1370
5620 3590 5370 1360
5630 3590 5400 1350
5630 3600 5450 1370
5630 3600 5410 1380
5620 3610 5400 1390
5630 3590 5380 1390
5630 3590 5380 1390
5640 3600 5360 1380
5650 3600 5350 1380
5640 3600 5340 1390
5630 3600 5340 1380
5630 3590 5330 1380
5620 3590 5330 1380
5610 3580 5270 1370
5630 3590 5340 1370
5640 3580 5400 1350
5620 3580 5320 1370
5630 3590 5300 1380
5630 3600 5280 1380
5620 3590 5270 1380
5620 3600 5270 1390
5630 3600 5270 1370
5650 3600 5260 1370
5650 3590 5260 1370
5650 3590 5300 1370
5650 3590 5340 1380
5650 3590 5370 1370
5650 3590 5380 1390
5630 3600 5370 1390
5620 3600 5320 1370
5630 3590 5320 1370
5640 3590 5320 1360
5630 3580 5320 1350
5640 3580 5320 1360
5630 3570 5300 1380
5640 3570 5300 1380
5640 3580 5310 1370
5650 3570 5320 1370
5650 3570 5330 1380
5640 3570 5330 1380
5640 3570 5300 1380
5640 3580 5280 1360
5630 3590 5270 1370
5620 3590 5280 1380
5630 3580 5320 1380
5640 3590 5330 1380
5630 3590 5330 1380
5640 3580 5450 1370
5640 3590 5430 1380
5640 3590 5400 1390
5640 3600 5360 1380
5650 3590 5300 1370
5650 3590 5240 1360
5640 3590 5190 1360
5640 3590 5130 1360
5640 3590 5080 1360
5620 3580 4990 1370
5630 3580 4980 1370
5630 3570 4960 1370
5640 3580 4980 1370
5640 3580 4930 1360
5640 3590 5020 1360
5630 3580 5110 1370
5630 3590 5210 1360
5630 3590 5250 1370
5640 3590 5280 1360
5630 3590 5300 1370
5640 3600 5200 1380
5640 3600 5270 1380
5630 3600 5300 1380
5640 3590 5250 1380
5650 3600 5120 1360
5630 3590 5260 1350
5640 3580 5240 1350
5630 3590 5180 1360
5630 3580 5180 1370
5620 3600 5440 1380
5620 3590 5460 1370
5630 3590 5480 1370
5650 3580 5500 1380
5650 3590 5540 1370
5650 3590 5460 1380
5650 3570 5550 1370
5650 3570 5560 1370
5650 3570 5560 1360
5650 3580 5550 1380
5630 3590 5430 1360
5630 3590 5340 1380
5640 3600 5150 1380
5630 3600 5040 1370
5640 3590 5280 1360
5640 3580 4700 1680
5630 3570 4710 1760
5640 3570 4700 1920
5630 3580 4700 1980
5620 3590 4700 1860
5620 3580 4700 1870
5620 3580 4690 1820
5620 3600 4700 1760
5630 3590 4700 1750
5640 3590 4700 1810
5630 3590 4700 1760
5620 3590 4700 1700
5620 3590 4690 1660
5620 3580 4690 1650
5630 3580 4690 1650
5620 3580 4690 1670
5620 3580 4690 1660
5630 3580 4690 1640
5640 3580 4690 1620
5650 3580 4690 1600
5650 3590 4690 1590
5650 3600 4690 1570
5650 3590 4680 1620
5660 3590 4680 1650
5640 3580 4680 1610
5640 3580 4680 1570
5640 3580 4690 1560
5640 3590 4690 1610
5640 3590 4690 1620
5640 3580 4690 1620
5640 3580 4690 1600
5640 3580 4700 1670
5620 3580 4700 1740
5620 3580 4700 1770
5620 3590 4690 1800
5630 3580 4690 1760
5620 3580 4700 1730
5620 3590 4700 1730
5620 3580 4700 1820
5620 3580 4700 1880
5610 3580 4710 1810
5620 3580 4710 1880
5620 3580 4700 1860
5640 3580 4700 1810
5630 3580 4700 1760
5630 3580 4700 1740
5630 3590 4700 1730
5630 3580 4700 1720
5630 3580 4700 1720
5650 3580 4700 1720
5660 3580 4700 1730
5630 3580 4700 1740
5650 3580 4710 1730
5660 3580 4710 1720
5640 3570 4710 1720
5640 3570 4710 1710
5620 3590 4710 1650
5640 3580 4700 1680
5650 3570 4700 1710
5660 3570 4700 1740
5650 3570 4700 1750
5660 3570 4700 1750
5650 3570 4700 1760
5630 3570 4700 1760
5630 3570 4690 1760
5650 3580 4690 1750
5650 3580 4680 1750
5630 3580 4680 1730
5630 3590 4680 1730
5640 3590 4680 1720
5630 3600 4680 1720
5630 3600 4690 1720
5620 3590 4700 1720
5630 3610 4700 1760
5640 3610 4700 1750
5640 3600 4680 1760
5640 3590 4680 1760
5640 3590 4680 1760
5630 3580 4680 1740
5630 3590 4690 1740
5630 3590 4700 1710
5630 3590 4700 1700
5640 3590 4700 1690
5640 3590 4700 1700
5620 3570 4700 1690
5630 3570 4690 1690
5650 3580 4700 1690
5650 3580 4700 1690
5640 3580 4700 1690
5640 3590 4700 1670
5640 3590 4710 1670
