6700 4080 4550 910
6750 4080 4550 910
6750 4080 4540 910
6800 4080 4530 910
6830 4080 4540 910
6760 4080 4540 910
6700 4070 4540 900
6670 4070 4550 900
6680 4070 4550 900
6700 4070 4550 900
6710 4070 4550 900
6720 4080 4550 900
6710 4080 4550 900
6700 4080 4550 900
6700 4080 4550 910
6670 4080 4550 910
6670 4070 4540 910
6660 4070 4550 920
6650 4070 4550 910
6670 4070 4550 900
6700 4070 4550 900
6760 4070 4550 900
6690 4080 4550 910
6620 4080 4550 910
6720 4070 4550 910
6710 4070 4540 900
6810 4060 4550 910
6780 4070 4550 910
6720 4070 4540 910
6620 4070 4550 910
6590 4070 4550 910
6560 4070 4550 910
6530 4080 4550 910
6510 4080 4550 910
6490 4080 4550 910
6490 4080 4550 900
6500 4080 4550 900
6520 4080 4550 890
6530 4080 4550 890
6540 4080 4550 880
6540 4070 4550 900
6550 4070 4550 900
6550 4090 4550 910
6560 4080 4550 900
6570 4080 4550 910
6570 4080 4550 910
6570 4080 4550 910
6590 4090 4550 900
6680 4080 4540 910
6640 4080 4540 910
6570 4080 4540 900
6440 4080 4550 900
6380 4080 4550 910
6340 4080 4550 910
6330 4070 4550 900
6370 4080 4540 890
6380 4090 4540 900
6380 4090 4530 900
6400 4080 4530 900
6380 4080 4530 900
6600 4080 4550 900
6590 4080 4550 910
6570 4070 4550 910
6550 4070 4550 910
6540 4070 4550 920
6520 4060 4550 910
6570 4070 4550 910
6600 4070 4550 910
6650 4070 4550 920
6800 4070 4550 920
6800 4070 4550 910
6800 4070 4550 910
6810 4070 4550 910
6840 4060 4550 910
6740 4070 4550 910
6670 4060 4550 920
6710 4070 4550 930
6780 4070 4550 920
6790 4080 4550 910
6790 4080 4550 910
6780 4080 4550 910
6780 4080 4550 900
6790 4080 4550 900
6810 4080 4560 900
6740 4080 4560 900
6640 4080 4550 910
6610 4080 4550 910
6610 4080 4550 910
6640 4090 4550 910
6680 4080 4540 910
6690 4080 4550 910
6680 4080 4550 910
6640 4070 4550 910
6620 4080 4550 910
6620 4080 4550 910
6640 4080 4550 900
6660 4080 4550 920
6660 4080 4550 910
6640 4070 4550 910
6630 4070 4550 910
6630 4070 4550 910
6620 4080 4550 910
6590 4080 4550 900
6550 4080 4550 910
6520 4080 4550 920
6700 4080 4550 910
6730 4080 4550 910
6710 4080 4550 910
6680 4080 4550 920
6660 4080 4550 920
6660 4080 4550 920
6700 4080 4550 920
5970 4200 4550 910
5970 4290 4550 910
5950 4450 4550 920
5940 4510 4550 920
5950 4580 4560 920
5920 4820 4550 900
5920 4820 4550 900
5950 4540 4550 900
5940 4480 4550 900
5940 4400 4550 910
5940 4360 4550 910
5940 4330 4550 910
5930 4380 4560 900
5940 4420 4550 910
5940 4530 4550 900
5930 4520 4550 900
5930 4490 4560 900
5950 4440 4560 900
5940 4430 4560 900
5940 4450 4560 900
5940 4470 4540 900
5940 4580 4550 900
5920 4660 4550 900
5940 4550 4550 900
5930 4480 4550 900
5920 4430 4550 890
5920 4420 4560 910
5930 4410 4560 910
5920 4410 4550 910
5940 4410 4550 910
5950 4400 4550 910
5940 4400 4560 910
5930 4400 4550 910
5920 4400 4550 910
5920 4400 4550 900
5920 4390 4550 900
5920 4380 4550 900
5910 4390 4550 880
5920 4390 4550 900
5940 4370 4550 910
5960 4330 4550 910
5930 4300 4560 910
5920 4310 4550 900
5910 4330 4550 900
5910 4350 4550 910
5920 4370 4550 910
5920 4370 4550 910
5910 4320 4550 910
5910 4320 4550 910
5900 4310 4550 910
5920 4310 4550 900
5920 4330 4550 910
5930 4340 4550 920
5920 4330 4550 920
5900 4320 4550 910
5910 4320 4550 910
5910 4330 4550 910
5930 4370 4550 900
5930 4390 4550 910
5940 4360 4550 910
5940 4340 4550 900
5930 4300 4550 910
5920 4300 4550 890
5940 4320 4550 890
5920 4320 4550 910
5930 4370 4550 890
5890 4440 4540 900
5880 4450 4540 890
5880 4450 4550 900
5880 4440 4550 910
5890 4450 4540 890
5890 4470 4540 890
5900 4460 4540 890
5890 4450 4540 890
5900 4440 4550 890
5910 4440 4550 900
5900 4450 4550 910
5900 4460 4560 900
5930 4460 4550 910
5930 4440 4550 890
5910 4430 4550 900
5890 4430 4550 900
5880 4450 4550 890
5880 4450 4540 900
5910 4400 4540 900
5900 4350 4540 920
5900 4350 4540 910
5900 4340 4550 910
5880 4310 4550 910
5880 4270 4550 900
5900 4260 4550 900
