6940 4560 4480 570
6860 4560 4470 570
7020 4560 4480 580
7020 4550 4470 580
7010 4560 4480 570
7000 4550 4480 570
7000 4560 4490 570
7000 4560 4480 570
7000 4550 4480 580
6990 4550 4480 580
6970 4560 4480 570
6980 4560 4480 570
6960 4560 4480 580
6960 4560 4480 570
6950 4570 4480 570
6950 4570 4480 580
6940 4570 4490 580
6950 4570 4490 580
6940 4570 4490 580
6940 4570 4480 580
6930 4570 4490 580
6900 4570 4480 580
6890 4570 4470 580
6890 4570 4480 580
6920 4570 4480 580
6930 4570 4480 570
6940 4570 4480 570
6940 4570 4480 580
6940 4580 4480 580
6930 4580 4470 570
6920 4580 4470 570
6920 4580 4470 580
6920 4570 4470 580
6920 4580 4470 580
6910 4580 4480 570
6920 4580 4480 570
6930 4580 4480 570
6930 4580 4470 560
6940 4570 4460 570
6940 4560 4470 570
6940 4560 4470 580
6940 4560 4480 580
6930 4560 4490 580
6930 4570 4480 580
6920 4570 4480 570
6920 4580 4490 580
6910 4580 4480 590
6910 4580 4480 580
6900 4560 4480 580
6900 4560 4480 580
6900 4560 4480 570
6890 4560 4490 570
6890 4560 4490 570
6890 4570 4490 570
6890 4560 4490 570
6890 4570 4480 570
6900 4570 4480 570
6900 4570 4480 560
6890 4570 4480 570
6880 4570 4480 580
6880 4570 4480 580
6870 4570 4490 570
6880 4580 4480 570
6900 4570 4480 580
6890 4570 4470 560
6890 4570 4470 560
6890 4570 4470 560
6880 4570 4470 560
6880 4560 4490 560
6880 4560 4480 570
6880 4560 4480 570
6880 4560 4480 580
6870 4570 4490 580
6860 4570 4480 580
6860 4570 4480 580
6860 4560 4470 580
6860 4560 4480 580
6860 4550 4490 570
6860 4550 4480 560
6860 4550 4470 540
6870 4550 4480 540
6870 4560 4480 560
6910 4570 4470 560
6920 4570 4480 570
6900 4570 4480 570
6890 4560 4480 580
6880 4560 4480 580
6260 4570 5080 580
6280 4570 5100 570
6280 4570 5110 580
6280 4570 5040 570
6270 4570 5100 570
6270 4570 5180 570
6260 4570 5010 570
6260 4570 4960 580
6250 4570 5050 580
6250 4570 4880 580
6250 4570 4920 580
6250 4570 4810 580
6270 4580 4750 570
6270 4580 4890 570
6280 4580 4990 570
6260 4580 5040 570
6270 4570 5050 570
6270 4570 5050 560
6260 4570 5080 560
6270 4560 4980 580
6250 4570 4790 570
6250 4570 4850 580
6260 4570 4770 580
6250 4570 4780 570
6260 4560 4830 570
6270 4560 4890 570
6270 4550 4960 570
6270 4550 4980 570
6270 4550 5000 580
6250 4550 5080 570
6260 4550 4950 570
6260 4550 4890 580
6260 4550 4870 570
6260 4550 4820 560
6250 4550 4770 540
6260 4570 4740 540
6260 4570 4710 560
6270 4570 4940 570
6270 4560 5020 570
6260 4560 5050 570
6260 4550 5080 570
6270 4560 5090 560
6270 4560 4930 560
6260 4570 5020 570
6250 4570 5030 560
6260 4560 5050 560
6270 4560 5070 560
6270 4560 5100 570
6270 4560 5090 570
6280 4560 5090 580
6270 4560 5090 570
6280 4560 5100 570
6280 4560 5100 560
6280 4560 5100 570
6280 4560 5120 580
6290 4560 5150 560
6280 4560 5180 570
6270 4560 5210 570
6280 4560 5230 580
6270 4550 5210 580
6270 4550 5180 580
6270 4550 5130 580
6280 4550 5100 580
6250 4560 5120 570
6250 4560 5160 580
6250 4560 5230 570
6250 4560 5200 560
6270 4560 5130 560
6270 4550 5210 570
6270 4560 5180 580
6260 4560 5130 580
6250 4560 5000 580
6240 4560 5000 570
6230 4560 4970 560
6230 4560 5000 560
6240 4560 5030 570
6250 4560 5010 580
6240 4560 5100 580
6240 4570 5160 570
6230 4570 5200 570
6240 4570 5240 580
6230 4570 5270 580
6240 4570 5060 580
6240 4570 4930 580
6260 4570 4850 580
6270 4570 4800 580
6270 4570 4870 580
6270 4570 4890 570
6270 4560 4910 580
6280 4560 4860 580
6280 4570 4820 580
6270 4570 4780 580
6270 4570 4750 580
6280 4570 4740 590
6270 4560 4720 570
6270 4550 4700 570
6260 4560 4700 570
6260 4550 4700 570
6270 4560 4740 560
6260 4560 4740 570
6250 4560 4730 580
6260 4560 4720 570
6260 4560 4710 570
6260 4560 4700 570
6260 4560 4680 580
6280 4560 4660 570
6280 4560 4660 570
6280 4550 4660 570
6270 4550 4670 580
6280 4550 4680 570
