630 4530 4880 6380
660 4530 4980 6380
640 4530 4940 6370
650 4530 4860 6380
660 4530 4850 6390
640 4540 4790 6380
650 4540 4780 6390
680 4540 4770 6390
680 4540 4760 6400
660 4530 4800 6400
680 4520 4770 6400
650 4510 4760 6400
680 4510 4950 6390
670 4500 4940 6390
680 4510 4980 6390
660 4510 4920 6390
630 4510 4910 6390
640 4500 5160 6390
640 4510 5030 6380
650 4500 4950 6380
660 4510 4930 6390
640 4520 4810 6390
630 4520 4800 6370
610 4530 4780 6370
640 4530 4790 6380
640 4530 4800 6380
660 4520 4890 6390
650 4530 5290 6390
640 4530 5170 6390
620 4520 5090 6390
630 4520 5370 6400
640 4520 5430 6400
650 4520 5430 6400
640 4530 5210 6390
640 4530 5190 6390
630 4520 5180 6390
640 4510 5190 6390
660 4510 5190 6390
650 4510 5230 6390
640 4510 5200 6380
640 4520 5150 6390
630 4520 5090 6380
630 4520 5030 6370
630 4510 4950 6370
620 4510 4930 6370
650 4520 4950 6370
650 4500 4960 6380
640 4510 4940 6380
650 4510 4930 6370
630 4510 4920 6370
630 4520 5140 6360
640 4520 5230 6380
640 4520 5290 6370
630 4520 5320 6370
620 4530 5430 6370
610 4530 5480 6370
620 4520 5480 6380
650 4520 5240 6390
630 4530 5160 6390
640 4510 5150 6390
640 4520 5300 6390
630 4510 5360 6380
630 4520 5390 6390
620 4520 5400 6400
620 4520 5390 6400
610 4520 5340 6400
630 4520 5340 6400
640 4520 5310 6390
630 4520 5270 6390
650 4510 5120 6380
630 4530 4960 6380
630 4530 4930 6380
640 4540 4980 6390
620 4530 5030 6380
620 4520 5050 6370
620 4530 5070 6380
620 4530 5080 6400
610 4530 5100 6400
620 4530 5180 6400
630 4520 5240 6410
620 4520 4990 6400
620 4520 5110 6400
620 4520 5330 6380
650 4520 5390 6380
630 4520 5420 6390
620 4530 5500 6400
630 4520 5060 6400
650 4520 4970 6400
670 4520 5030 6400
670 4530 5150 6390
650 4520 5240 6400
650 4520 5320 6380
640 4510 5360 6400
620 4500 5320 6400
950 4500 4440 6390
980 4510 4450 6390
990 4510 4460 6390
950 4510 4450 6400
960 4510 4440 6400
1020 4530 4450 6400
1000 4530 4460 6390
990 4530 4460 6390
870 4510 4460 6380
970 4520 4460 6390
1000 4530 4460 6390
1000 4530 4460 6390
1010 4520 4460 6400
890 4520 4460 6390
880 4510 4460 6380
890 4520 4460 6380
890 4530 4470 6380
880 4530 4470 6380
850 4530 4470 6370
850 4530 4470 6360
870 4530 4470 6360
890 4530 4460 6360
880 4530 4470 6360
870 4520 4460 6370
850 4520 4460 6370
830 4510 4450 6370
820 4510 4460 6380
820 4510 4460 6380
830 4500 4450 6390
840 4500 4450 6390
840 4510 4450 6390
820 4510 4460 6390
830 4510 4460 6390
830 4520 4460 6380
820 4520 4460 6380
810 4520 4450 6400
800 4530 4440 6390
810 4530 4450 6400
800 4520 4460 6390
800 4510 4460 6400
800 4520 4460 6390
790 4520 4460 6390
800 4530 4470 6390
770 4510 4470 6390
760 4520 4460 6390
760 4520 4460 6390
760 4530 4450 6390
760 4520 4450 6400
760 4520 4450 6400
760 4530 4460 6410
760 4530 4470 6380
740 4530 4470 6380
740 4540 4470 6380
740 4530 4470 6380
710 4530 4480 6390
700 4530 4470 6400
700 4540 4470 6400
700 4540 4470 6390
740 4530 4460 6410
780 4530 4460 6410
790 4530 4460 6400
800 4520 4460 6390
800 4530 4470 6380
790 4530 4470 6370
790 4530 4470 6390
790 4540 4470 6400
790 4530 4470 6400
760 4520 4470 6400
750 4520 4460 6400
740 4520 4460 6400
730 4520 4470 6400
730 4510 4470 6390
740 4510 4470 6400
760 4510 4470 6390
770 4510 4470 6380
800 4510 4470 6370
820 4510 4450 6370
820 4500 4460 6370
800 4510 4460 6390
790 4510 4450 6390
790 4510 4440 6390
790 4510 4440 6400
790 4510 4450 6400
780 4520 4440 6400
770 4530 4440 6400
770 4530 4450 6410
750 4530 4450 6410
750 4510 4460 6390
770 4510 4470 6390
780 4500 4480 6390
800 4520 4470 6400
800 4530 4460 6400
800 4530 4450 6400
