1040 5090 4010 6050
1040 5050 4010 6050
1040 5060 4010 6060
1050 5020 4010 6050
1050 5040 4010 6040
1050 5080 4010 6040
1060 5080 4010 6030
1040 5090 4010 6030
1040 5050 4010 6040
1040 5090 4010 6050
1040 5050 4000 6050
1030 5090 4000 6050
1030 5020 3990 6040
1040 5020 4010 6030
1040 5080 4000 6030
1040 5050 4010 6030
1050 5090 4010 6050
1050 5020 4000 6050
1050 5040 4010 6030
1050 5100 4020 6030
1060 5100 4010 6030
1060 5060 4010 6030
1050 5040 4010 6040
1050 5050 4000 6050
1040 5030 4010 6040
1030 5030 4000 6030
1030 5050 4000 6040
1030 5050 4000 6030
1040 5020 4010 6030
1040 5050 4000 6030
1040 5080 4010 6030
1050 5010 4010 6040
1050 5010 4010 6040
1050 5060 4010 6050
1050 5090 4020 6050
1050 5090 4010 6040
1060 5050 4020 6040
1060 5080 4010 6030
1050 5020 4010 6030
1040 5020 4010 6030
1040 5040 4000 6030
1040 5020 4000 6030
1040 5010 4010 6040
1040 5070 4010 6020
1040 5040 4000 6030
1040 5070 4010 6030
1060 5030 4010 6020
1020 5010 4010 6030
1030 5020 4000 6040
1050 5030 3990 6050
1020 5060 4000 6050
1030 5010 4000 6050
1030 5080 3990 6040
1060 5070 4000 6040
1020 5070 4000 6040
1040 5050 4000 6040
1030 5020 4010 6030
1050 5050 4000 6030
1060 5010 4010 6050
1060 5070 4010 6030
1050 5010 4020 6030
1050 5070 4010 6040
1050 5030 4010 6050
1050 5020 4000 6050
1040 5090 4000 6040
1050 5030 3990 6030
1060 5070 4000 6040
1060 5040 3990 6040
1050 5010 3990 6050
1060 5050 4000 6050
1050 5050 4000 6040
1050 5020 4000 6030
1050 5080 4010 6040
1040 5050 4010 6040
1040 5010 4000 6040
1040 5020 3990 6040
1040 4550 4450 6030
1040 4550 4510 6030
1040 4560 4530 6030
1050 4570 4490 6030
1050 4570 4540 6030
1040 4570 4520 6040
1040 4570 4500 6030
1040 4570 4490 6030
1020 4560 4530 6030
1060 4550 4480 6040
1010 4550 4490 6040
1010 4560 4490 6040
1020 4560 4490 6040
1060 4560 4480 6040
1040 4560 4450 6030
1040 4560 4480 6030
1040 4560 4490 6030
1040 4550 4440 6030
1040 4560 4460 6040
1040 4570 4530 6040
1050 4560 4470 6040
1050 4560 4520 6040
1040 4550 4490 6030
1040 4550 4470 6030
1030 4550 4470 6040
1030 4550 4530 6040
1050 4550 4530 6040
1050 4550 4490 6040
1050 4550 4510 6040
1060 4550 4510 6030
1040 4560 4540 6020
1030 4560 4500 6020
1030 4560 4540 6030
1040 4560 4480 6030
1050 4560 4530 6040
1060 4560 4470 6030
1060 4560 4510 6030
1050 4550 4470 6030
1040 4550 4520 6020
1030 4550 4480 6030
1050 4550 4500 6030
1050 4550 4480 6040
1050 4550 4480 6040
1050 4550 4460 6030
1030 4560 4490 6030
1030 4560 4470 6030
1050 4560 4490 6040
1060 4560 4470 6040
1060 4550 4480 6030
1060 4550 4510 6030
1060 4560 4450 6030
1060 4560 4450 6030
1060 4570 4480 6030
1060 4570 4480 6030
1060 4570 4480 6030
1060 4570 4460 6030
1050 4570 4520 6040
1040 4570 4480 6050
1040 4550 4490 6040
1040 4550 4460 6030
1040 4550 4480 6040
1030 4550 4480 6030
1040 4560 4510 6050
1040 4560 4450 6060
1040 4570 4520 6060
1030 4570 4450 6050
1040 4570 4500 6050
1040 4570 4470 6050
1040 4570 4470 6050
1040 4570 4490 6050
1040 4570 4510 6040
1030 4570 4450 6040
1030 4570 4520 6040
1040 4570 4490 6050
1030 4560 4520 6050
1040 4560 4490 6040
1040 4560 4440 6040
1050 4560 4440 6040
1060 4550 4470 6040
1040 4550 4510 6040
1050 4550 4530 6040
