1450 5120 3540 5760
1460 5450 3540 5760
1470 5730 3540 5760
1460 5800 3540 5760
1460 5420 3530 5760
1450 5340 3530 5760
1460 5340 3530 5760
1450 5240 3530 5760
1450 5300 3530 5750
1460 5340 3540 5750
1470 5210 3530 5750
1470 5170 3540 5750
1460 5150 3540 5760
1460 5140 3540 5760
1460 5140 3540 5760
1450 5100 3540 5750
1450 5070 3540 5750
1450 5040 3540 5750
1450 5120 3540 5740
1460 5080 3540 5740
1460 5060 3530 5740
1450 5070 3530 5740
1450 5240 3530 5740
1460 5250 3530 5740
1470 5300 3530 5750
1470 5430 3530 5760
1470 5650 3540 5750
1460 5440 3540 5750
1470 5310 3530 5740
1440 5070 3520 5750
1450 5010 3520 5750
1450 4990 3520 5750
1440 4970 3520 5750
1440 4950 3530 5760
1440 4950 3530 5760
1450 4930 3540 5760
1440 4950 3540 5750
1440 4950 3550 5750
1440 4990 3540 5750
1450 5030 3540 5740
1450 5270 3540 5750
1450 5070 3540 5750
1430 5070 3530 5750
1430 5070 3520 5750
1430 5060 3520 5750
1440 5020 3530 5750
1440 4990 3530 5750
1440 4960 3530 5760
1450 4950 3530 5760
1460 5210 3540 5750
1460 5380 3530 5750
1460 5500 3530 5750
1450 5330 3530 5750
1450 5230 3540 5750
1440 5230 3540 5760
1440 5230 3540 5760
1450 5250 3530 5760
1450 5210 3530 5760
1460 5160 3530 5760
1450 5120 3530 5750
1450 5070 3530 5750
1450 5060 3540 5750
1450 5050 3540 5760
1450 5060 3540 5760
1440 5060 3530 5750
1450 5050 3530 5750
1450 5030 3530 5750
1440 5030 3530 5750
1450 5010 3530 5750
1420 5010 3530 5740
1460 4710 3530 5910
1450 4710 3530 5930
1450 4710 3540 5990
1440 4710 3530 6180
1440 4710 3530 6130
1410 4720 3530 6160
1430 4720 3520 6090
1440 4720 3530 6050
1450 4730 3530 6010
1460 4730 3530 5960
1440 4740 3540 6020
1440 4740 3540 6180
1440 4730 3540 6270
1440 4730 3530 6330
1440 4730 3530 6320
1440 4740 3520 6260
1450 4720 3530 6250
1450 4710 3530 6330
1450 4730 3530 6370
1460 4730 3530 6310
1470 4730 3530 6300
1440 4720 3530 6390
1450 4730 3530 6350
1430 4720 3520 6290
1440 4720 3530 6190
1450 4720 3530 6130
1450 4720 3530 6120
1460 4720 3530 6160
1450 4710 3530 6120
1450 4710 3530 6110
1450 4730 3530 6090
1450 4720 3530 6130
1450 4710 3530 6290
1450 4720 3520 6320
1460 4730 3530 6410
1450 4720 3530 6240
1430 4730 3530 6070
1450 4730 3520 6030
1440 4730 3520 6010
1440 4720 3530 6050
1450 4720 3530 6140
1450 4710 3540 6160
1460 4710 3550 6250
1460 4720 3540 6370
1450 4710 3540 6380
1450 4730 3540 6330
1450 4740 3540 6290
1460 4730 3540 6260
1460 4720 3530 6250
1450 4720 3540 6220
1450 4710 3540 6230
1450 4710 3540 6240
1450 4710 3540 6210
1450 4710 3540 6210
1450 4710 3540 6200
1460 4710 3540 6190
1460 4720 3530 6200
1460 4720 3540 6200
1470 4720 3530 6210
1470 4720 3530 6210
1470 4720 3530 6220
1470 4720 3540 6200
1470 4710 3540 6200
1460 4720 3540 6200
1460 4730 3540 6190
1470 4730 3540 6180
1460 4720 3540 6170
1440 4710 3540 6200
1450 4710 3540 6200
1420 4720 3530 6210
1430 4730 3540 6220
1440 4730 3540 6180
1440 4730 3540 6180
1400 4720 3540 6210
1420 4720 3540 6230
1430 4710 3530 6220
1440 4720 3520 6250
1430 4730 3530 6270
1440 4720 3530 6260
1450 4730 3540 6250
1460 4720 3540 6240
1460 4720 3540 6220
1460 4720 3540 6190
1450 4720 3540 6130
1440 4710 3540 6110
1450 4730 3540 6100
1460 4720 3550 6070
1460 4710 3550 6080
1450 4720 3540 6090
1450 4710 3540 6110
1460 4720 3530 6120
1460 4720 3530 6160
1460 4710 3530 6170
1460 4710 3520 6190
1450 4730 3520 6200
1460 4710 3520 6180
1470 4720 3540 6210
1460 4730 3550 6220
1440 4730 3540 6260
1440 4730 3540 6270
1430 4730 3540 6250
1460 4730 3540 6180
1450 4730 3540 6140
1440 4730 3540 6090
1440 4730 3530 6070
1440 4730 3530 6060
1450 4730 3530 6050
1450 4730 3530 6030
1460 4720 3530 6010
1450 4720 3540 6010
1460 4730 3540 6170
1460 4730 3530 6320
1440 4730 3530 6450
1440 4730 3530 6570
1450 4730 3530 6650
1450 4730 3540 6680
1450 4720 3530 6780
1460 4720 3530 6630
1450 4720 3530 6630
1450 4720 3530 6620
1440 4730 3530 6600
1440 4730 3530 6600
1450 4730 3530 6600
1450 4730 3530 6790
1460 4730 3540 6930
1460 4730 3540 6900
1450 4730 3530 6870
1430 4730 3530 6590
1440 4730 3530 6510
1450 4730 3530 6590
1440 4730 3530 6370
1440 4720 3540 6230
1430 4710 3540 6130
