2420 4890 2990 5420
2350 4890 3000 5420
2250 4890 3000 5420
2180 4890 2990 5420
2170 4910 2990 5420
2170 4910 3000 5420
2160 4910 2990 5420
2170 4910 2990 5420
2190 4910 2990 5420
2170 4910 2980 5420
2170 4910 2990 5420
2160 4910 3000 5420
2220 4890 2990 5440
2240 4890 2990 5430
2270 4890 3000 5430
2260 4880 2990 5420
2250 4880 2990 5430
2240 4880 2990 5420
2240 4880 2990 5440
2240 4870 2990 5450
2220 4880 2990 5450
2210 4880 3000 5440
2210 4890 3020 5430
2190 4890 3010 5410
2230 4890 3000 5420
2160 4890 3010 5420
2160 4910 3000 5410
2180 4910 3000 5410
2180 4910 3000 5410
2170 4910 2990 5430
2160 4910 3000 5410
2170 4910 2990 5410
2140 4910 3000 5410
2140 4910 2990 5430
2150 4910 3010 5430
2170 4890 3030 5430
2170 4910 3000 5420
2170 4910 3010 5430
2170 4890 3010 5430
2170 4880 2990 5430
2160 4870 3000 5430
2150 4890 3020 5430
2140 4890 3000 5430
2160 4890 2990 5420
2190 4890 3010 5420
2190 4880 3010 5410
2190 4880 3000 5410
2180 4880 3010 5430
2160 4880 3020 5420
2140 4880 3020 5420
2140 4880 3020 5430
2130 4890 3010 5430
2130 4890 3010 5430
2120 4890 3010 5420
2130 4890 3010 5420
2130 4880 3000 5420
2130 4890 2990 5430
2110 4890 3010 5420
2120 4890 3010 5420
2120 4910 3010 5430
2120 4910 2990 5430
2130 4910 2990 5420
2120 4880 3000 5410
2130 4880 3000 5410
2140 4880 3020 5410
2150 4880 3000 5400
2150 4880 3000 5410
2150 4870 3000 5410
2150 4870 2980 5410
2160 4870 2970 5410
2170 4860 2990 5400
2170 4870 3000 5400
2170 4870 3010 5410
2180 4870 3010 5410
2170 4880 3010 5400
2140 4880 2990 5400
2150 4880 2990 5420
2140 4880 3000 5430
2140 4890 3010 5440
2140 4910 3010 5440
2130 4890 3020 5440
2120 4880 3020 5440
1940 5050 3000 5410
1940 5080 3000 5410
1960 5100 3010 5410
1950 5120 3010 5410
1950 5150 3030 5410
1950 5150 3030 5410
1940 5150 3030 5410
1940 5160 3020 5410
1940 5150 3000 5420
1940 5150 3000 5430
1940 5160 3010 5430
1930 5170 3000 5430
1940 5190 3030 5430
1940 5170 3000 5420
1940 5170 3000 5410
1920 5160 3020 5410
1920 5160 3000 5410
1920 5150 3000 5410
1920 5150 3010 5410
1930 5160 3010 5410
1930 5160 3010 5410
1950 5180 3010 5410
1930 5180 3020 5400
1940 5180 3010 5400
1930 5170 3020 5410
1930 5190 3000 5420
1930 5210 2980 5430
1940 5200 2980 5440
1940 5210 3000 5450
1940 5230 3000 5450
1940 5240 3010 5430
1940 5140 3000 5430
1930 5120 3010 5430
1930 5180 3010 5430
1930 5190 3010 5430
1940 5190 3030 5430
1940 5190 3010 5430
1940 5190 3010 5430
1940 5180 3010 5420
1940 5170 3010 5420
1940 5170 3010 5420
1930 5170 3010 5420
1930 5170 3000 5420
1940 5170 3010 5420
1940 5180 3010 5430
1950 5180 3010 5440
1940 5190 2990 5440
1920 5190 2990 5430
1920 5190 3000 5430
1920 5190 3000 5440
1930 5190 3010 5420
1940 5190 3020 5420
1940 5190 3000 5410
1940 5180 3000 5420
1940 5180 3000 5430
1930 5180 3000 5420
1920 5170 3000 5420
1930 5170 3000 5420
1930 5170 2990 5430
1930 5170 3000 5420
1930 5150 3010 5420
1940 5140 3000 5420
1930 5140 2990 5410
1940 5120 2990 5400
1940 5110 3000 5410
1930 5110 3000 5410
1930 5100 3000 5410
1940 5130 3010 5410
1940 5130 3010 5410
1940 5130 3010 5420
1940 5120 3020 5420
1950 5140 3000 5420
1940 5130 3000 5420
1920 5130 2990 5420
