2430 5550 2510 5140
2440 5560 2510 5140
2450 5580 2520 5140
2430 5590 2520 5130
2420 5540 2510 5120
2420 5620 2520 5120
2440 5560 2520 5130
2440 5550 2520 5120
2440 5550 2520 5110
2450 5570 2520 5120
2450 5570 2520 5120
2450 5550 2520 5120
2450 5550 2510 5120
2450 5600 2510 5120
2450 5570 2520 5120
2440 5590 2520 5110
2440 5560 2520 5110
2460 5550 2530 5110
2450 5570 2530 5120
2450 5630 2520 5120
2440 5550 2530 5120
2450 5570 2520 5120
2440 5590 2520 5120
2440 5610 2520 5130
2430 5600 2520 5130
2420 5590 2510 5130
2430 5590 2530 5130
2430 5530 2530 5130
2420 5590 2530 5130
2420 5550 2530 5120
2420 5600 2540 5120
2420 5540 2530 5120
2440 5620 2540 5130
2440 5600 2550 5130
2440 5610 2520 5110
2420 5550 2520 5130
2420 5570 2510 5130
2430 5520 2510 5130
2420 5520 2520 5130
2420 5530 2520 5130
2430 5580 2500 5110
2430 5560 2510 5110
2450 5580 2520 5120
2450 5530 2520 5130
2450 5540 2520 5120
2450 5550 2530 5110
2450 5580 2530 5120
2440 5590 2520 5110
2440 5590 2510 5120
2440 5540 2500 5120
2430 5550 2510 5120
2420 5570 2520 5120
2430 5560 2530 5110
2420 5600 2520 5120
2400 5620 2520 5130
2420 5610 2520 5130
2420 5590 2520 5120
2420 5570 2520 5120
2460 5560 2500 5120
2440 5060 3030 5130
2450 5070 2960 5120
2430 5060 3000 5120
2440 5060 2950 5130
2440 5060 2980 5130
2440 5070 3020 5110
2460 5060 2970 5120
2450 5060 3000 5110
2450 5060 2990 5100
2450 5050 3000 5110
2450 5050 2990 5110
2450 5050 2950 5110
2440 5060 2970 5120
2430 5060 2960 5120
2430 5050 2980 5130
2430 5070 3030 5130
2420 5080 2990 5130
2430 5060 2990 5120
2420 5060 3040 5140
2420 5080 3040 5130
2430 5070 3030 5140
2430 5060 3010 5140
2430 5060 2980 5140
2430 5080 3030 5140
2430 5110 3010 5130
2420 5090 2970 5120
2430 5080 2980 5110
2440 5070 3030 5100
2440 5070 3030 5110
2430 5080 2980 5110
2420 5090 2970 5120
2430 5080 3010 5120
2440 5070 2980 5110
2440 5090 3030 5130
2440 5090 2990 5120
2440 5110 2980 5120
2430 5110 3000 5120
2420 5100 3040 5120
2420 5090 3000 5120
2430 5070 2970 5120
2420 5070 2970 5120
2430 5080 2980 5130
2440 5070 3020 5130
2440 5090 3040 5130
2430 5090 2980 5130
2430 5070 2980 5120
2420 5060 2980 5130
2440 5060 3050 5140
2430 5070 3010 5140
2450 5090 2970 5130
2450 5090 2970 5120
2450 5090 3030 5120
2440 5090 2990 5120
2440 5090 3010 5120
2440 5070 3030 5120
2440 5070 3020 5130
2430 5070 2980 5120
2450 5070 2970 5130
2450 5070 3030 5120
2450 5080 2990 5120
2450 5100 2980 5110
2450 5090 3010 5120
2440 5090 2990 5110
2440 5070 2960 5130
2430 5050 3010 5120
2430 5060 2980 5120
2440 5070 2990 5130
2450 5060 3000 5130
2450 5060 3040 5120
2450 5080 3040 5120
2450 5090 3010 5120
2440 5090 2980 5120
2430 5070 2980 5120
2430 5080 3000 5120
2450 5070 3030 5120
2440 5090 3020 5120
2430 5080 2980 5120
2430 5080 3030 5110
2430 5080 3000 5110
2440 5090 3040 5110
2440 5080 3040 5110
2440 5090 3040 5110
2440 5100 3000 5120
2440 5100 3020 5120
2440 5090 2960 5120
2440 5080 2970 5120
2430 5090 3000 5120
2430 5090 2980 5130
2440 5080 3000 5120
2440 5080 2990 5120
2440 5070 2970 5120
