2990 5900 1950 4940
2980 5890 1950 4920
2980 5880 1950 4920
2990 5840 1950 4920
2990 5900 1950 4920
3000 5890 1950 4920
2990 5840 1950 4910
3000 5820 1950 4910
2990 5870 1950 4910
3000 5870 1950 4910
2980 5910 1950 4920
2970 5850 1950 4920
2960 5840 1960 4920
2960 5900 1950 4920
2960 5900 1950 4910
2960 5840 1950 4920
2960 5880 1950 4940
2950 5890 1950 4940
2950 5870 1940 4940
2960 5830 1940 4930
2970 5850 1940 4930
2970 5900 1940 4940
2980 5890 1940 4940
2970 5890 1940 4930
2980 5890 1940 4920
2990 5820 1940 4940
2990 5820 1940 4930
3000 5840 1940 4940
2990 5850 1950 4920
2990 5910 1950 4930
3000 5870 1950 4930
3000 5840 1950 4930
2990 5870 1960 4940
2990 5870 1950 4920
2990 5830 1950 4930
2990 5810 1950 4920
2990 5830 1950 4910
2990 5840 1960 4920
2980 5810 1950 4910
2980 5830 1950 4920
2980 5850 1950 4920
3000 5860 1950 4920
2980 5870 1940 4920
2980 5830 1940 4930
2980 5870 1950 4930
2970 5850 1950 4940
2980 5870 1940 4940
2980 5830 1940 4940
3000 5840 1940 4950
3000 5820 1940 4950
2990 5840 1940 4940
2980 5800 1940 4930
3000 5810 1940 4930
3010 5840 1940 4930
2980 5850 1940 4920
2990 5830 1940 4920
2990 5830 1950 4940
2960 5830 1960 4930
2960 5900 1950 4920
2990 5870 1950 4920
2980 5850 1950 4920
3000 5900 1950 4930
2980 5890 1950 4940
2990 5830 1960 4940
2990 5850 1960 4940
2990 5840 1950 4940
2990 5850 1950 4940
2990 5840 1950 4920
2990 5850 1950 4920
2990 5890 1960 4920
2980 5890 1950 4920
2980 5890 1950 4930
2980 5880 1950 4940
2980 5890 1950 4930
2990 5910 1960 4940
2980 5380 1940 5440
2980 5360 1940 5400
2970 5370 1950 5370
2970 5390 1950 5390
2980 5380 1960 5440
2970 5370 1950 5390
2970 5370 1950 5400
2980 5370 1950 5460
2970 5370 1940 5420
2960 5390 1940 5410
2970 5380 1950 5410
2960 5370 1940 5460
2960 5370 1940 5420
2960 5370 1930 5460
2950 5360 1940 5440
2960 5350 1940 5440
2970 5350 1950 5410
2950 5370 1960 5390
2960 5370 1950 5420
2970 5370 1950 5460
2960 5370 1950 5430
2970 5380 1950 5450
2990 5390 1950 5420
2990 5380 1950 5400
2970 5370 1950 5440
2970 5370 1950 5390
2970 5370 1950 5380
2970 5370 1950 5380
2970 5380 1940 5430
2960 5380 1950 5460
2980 5390 1950 5410
2990 5370 1950 5410
2980 5360 1950 5410
2980 5380 1950 5450
2970 5370 1950 5450
2970 5370 1950 5400
2960 5370 1950 5420
2970 5360 1960 5420
2960 5360 1960 5450
2960 5360 1950 5390
2960 5370 1940 5390
2990 5370 1950 5450
3000 5370 1960 5420
3000 5380 1960 5410
2990 5380 1950 5450
2980 5380 1950 5420
2970 5390 1950 5450
2970 5390 1950 5430
2960 5390 1950 5390
2980 5410 1950 5440
2990 5390 1960 5400
2970 5380 1960 5440
2960 5370 1950 5410
2980 5370 1950 5380
2980 5370 1950 5410
2960 5370 1950 5410
2960 5390 1950 5410
2960 5380 1950 5410
2960 5390 1950 5430
2980 5380 1960 5430
3000 5380 1950 5390
2990 5370 1960 5390
2980 5370 1960 5410
2990 5370 1950 5390
2990 5360 1950 5380
2980 5370 1950 5440
2970 5360 1950 5400
2980 5360 1950 5400
2980 5360 1950 5390
2980 5360 1950 5430
2990 5380 1940 5460
3000 5370 1940 5410
2990 5380 1950 5400
2970 5380 1950 5440
2990 5390 1950 5410
2980 5370 1950 5400
2970 5380 1950 5420
2980 5370 1940 5450
2970 5370 1940 5470
2970 5370 1940 5410
2960 5380 1940 5450
2960 5380 1950 5400
2980 5380 1950 5380
2980 5410 1940 5410
2970 5400 1940 5420
2990 5400 1940 5410
