3620 5670 1440 4730
3670 5690 1440 4730
3670 5680 1440 4740
3670 5700 1440 4730
3640 5680 1430 4750
3620 5670 1430 4740
3610 5670 1430 4730
3620 5670 1440 4720
3620 5690 1450 4720
3610 5680 1450 4720
3620 5700 1450 4720
3620 5700 1450 4720
3620 5700 1450 4720
3620 5690 1450 4710
3740 5700 1440 4730
3820 5690 1450 4730
3840 5690 1440 4740
3830 5690 1440 4730
3820 5680 1450 4730
3820 5670 1460 4730
3820 5680 1460 4720
3810 5700 1460 4720
3790 5690 1440 4730
3770 5690 1440 4730
3790 5690 1440 4740
3770 5690 1440 4730
3740 5680 1430 4720
3740 5680 1430 4730
4040 5680 1450 4740
3860 5690 1440 4740
3840 5670 1430 4740
3750 5690 1450 4740
3720 5690 1460 4740
3640 5690 1450 4750
3630 5690 1440 4760
3640 5690 1430 4760
3650 5680 1430 4750
3650 5690 1440 4760
3650 5690 1440 4750
3670 5690 1440 4750
3670 5680 1450 4740
3630 5700 1450 4730
3630 5700 1450 4720
3620 5700 1450 4710
3620 5690 1440 4730
3600 5700 1440 4720
3600 5680 1440 4730
3630 5690 1440 4730
3630 5690 1440 4730
3610 5670 1440 4740
3600 5660 1440 4740
3610 5660 1440 4740
3590 5660 1430 4750
3640 5680 1450 4740
3630 5680 1450 4740
3630 5680 1430 4750
3620 5680 1440 4750
3600 5680 1440 4750
3590 5680 1440 4750
3640 5680 1440 4750
3680 5700 1450 4750
3680 5690 1450 4750
3650 5680 1450 4750
3610 5680 1450 4750
4020 5670 1450 4750
4300 5680 1450 4750
4340 5680 1450 4740
4200 5680 1450 4740
4090 5680 1450 4740
3940 5670 1450 4740
3870 5670 1440 4750
3780 5670 1450 4730
3690 5670 1440 4740
3690 5660 1440 4740
3700 5680 1450 4750
3700 5690 1450 4750
3680 5690 1460 4740
3710 5680 1450 4730
3700 5690 1450 4740
3680 5690 1460 4740
3680 5700 1450 4750
3680 5700 1450 4740
3710 5700 1460 4740
3710 5690 1460 4760
3710 5690 1460 4750
3710 5690 1450 4760
3700 5690 1450 4750
3690 5680 1450 4750
3690 5700 1450 4750
3690 5690 1450 4760
3710 5690 1450 4760
3730 5680 1460 4730
3730 5680 1450 4730
3730 5680 1450 4730
3720 5680 1440 4740
3720 5700 1440 4740
3730 5690 1450 4740
3710 5690 1450 4740
3730 5690 1450 4760
3710 5680 1450 4740
3710 5680 1450 4750
3710 5690 1450 4750
3710 5690 1450 4750
3710 5690 1440 4750
3440 6230 1450 4750
3430 6190 1450 4740
3430 6210 1440 4740
3430 6110 1440 4750
3430 6110 1440 4740
3420 6100 1450 4740
3430 6070 1440 4740
3430 6000 1440 4750
3430 5930 1450 4740
3430 5930 1450 4730
3430 5910 1440 4750
3430 5930 1450 4740
3430 5960 1450 4730
3430 5950 1450 4740
3430 5950 1440 4740
3430 5930 1440 4730
3430 5920 1440 4740
3430 5900 1440 4740
3430 6160 1440 4740
3430 6160 1440 4730
3430 6090 1450 4730
3430 6100 1440 4750
3430 6040 1440 4740
3430 6030 1450 4730
3440 5850 1440 4740
3440 5990 1450 4730
3440 6030 1450 4750
3430 5950 1420 4740
3440 5910 1430 4750
3440 5870 1440 4750
3440 5880 1430 4750
3430 6130 1420 4730
3430 6120 1420 4730
3420 6130 1430 4720
3430 6070 1430 4740
3430 6030 1430 4730
3440 6020 1440 4750
3430 6030 1430 4750
3430 5970 1430 4760
3440 6000 1430 4750
3440 5960 1430 4750
3440 6120 1430 4750
3440 6220 1430 4740
3450 6200 1430 4750
3440 6090 1440 4750
3440 5950 1440 4740
3430 5970 1440 4730
3440 6020 1440 4730
3440 6080 1450 4730
3440 6120 1450 4730
3430 6140 1450 4730
3430 6140 1450 4730
3430 6160 1450 4740
3430 6200 1460 4750
3440 6110 1450 4750
3430 6080 1450 4760
3430 6040 1460 4760
3440 5990 1460 4760
3440 5960 1450 4750
3440 6050 1440 4750
3440 6240 1430 4740
3440 6370 1420 4740
3430 6430 1430 4750
3430 6440 1450 4750
3430 6490 1440 4750
3430 6320 1450 4750
3430 6420 1450 4750
3430 6490 1450 4730
3430 6540 1450 4740
3430 6540 1450 4730
3430 6510 1450 4730
3430 6500 1440 4730
3430 6540 1440 4750
3430 6540 1440 4730
3430 6490 1440 4720
3410 6190 1440 4740
3410 6310 1440 4750
3420 6310 1440 4740
3430 6310 1440 4740
3430 6200 1450 4740
3430 6140 1460 4750
3430 6130 1450 4750
