1800 4160 4190 5620
1800 4150 4190 5620
1800 4140 4190 5610
1820 4150 4200 5610
1830 4140 4210 5600
1830 4160 4210 5600
1850 4170 4210 5600
1850 4170 4200 5600
1880 4170 4200 5600
1830 4160 4200 5610
1830 4160 4200 5600
1830 4170 4200 5600
1810 4170 4200 5610
1880 4170 4210 5610
1870 4160 4200 5600
1830 4160 4200 5600
1870 4150 4200 5600
1870 4140 4200 5590
1810 4150 4190 5590
1870 4140 4190 5600
1850 4140 4200 5590
1840 4140 4200 5590
1850 4130 4200 5590
1870 4130 4200 5590
1870 4150 4190 5580
1850 4150 4190 5600
1870 4150 4190 5590
1820 4150 4190 5590
1800 4140 4190 5590
1840 4130 4190 5600
1860 4140 4200 5600
1840 4130 4200 5600
1840 4150 4200 5600
1830 4140 4210 5590
1830 4150 4210 5580
1800 4160 4210 5580
1870 4150 4210 5570
1800 4140 4200 5570
1830 4150 4200 5570
1810 4150 4210 5580
1800 4140 4210 5590
1860 4130 4210 5590
1860 4130 4210 5580
1860 4130 4210 5590
1860 4150 4210 5580
1840 4150 4210 5570
1860 4160 4200 5590
1840 4160 4200 5600
1850 4160 4210 5600
1810 4160 4210 5600
1850 4160 4210 5590
1810 4150 4210 5600
1820 4150 4210 5590
1800 4150 4210 5580
1800 4140 4210 5600
1820 4150 4210 5580
1840 4160 4200 5590
1840 4150 4200 5590
1820 4150 4200 5580
1860 4150 4200 5580
1820 4150 4190 5580
1830 4150 4200 5590
1870 4160 4200 5600
1870 4150 4210 5600
1800 4150 4200 5600
1820 4160 4200 5600
1860 4160 4200 5580
1840 4170 4200 5590
1860 4160 4210 5580
1860 4160 4210 5590
1860 4150 4210 5580
1860 4160 4210 5590
1810 4160 4220 5580
1860 4150 4220 5590
1820 4140 4220 5590
1800 4140 4220 5590
1820 4150 4220 5590
1800 4150 4220 5600
1820 4140 4220 5590
1800 4130 4220 5580
1820 4140 4210 5600
1810 4140 4210 5590
1860 4160 4210 5600
1860 4150 4210 5590
1860 4150 4210 5590
1830 4150 4210 5580
1870 4150 4210 5580
1830 4150 4210 5570
1810 4140 4220 5570
1830 4130 4220 5590
1820 4140 4220 5580
1820 4150 4220 5580
1860 4130 4220 5570
1850 4150 4220 5570
1810 4150 4220 5560
1810 4140 4220 5570
1850 4140 4220 5570
1810 4140 4220 5570
1810 4140 4210 5580
1850 4150 4210 5600
1850 4150 4210 5590
1840 4140 4210 5600
1870 4150 4210 5600
1830 4160 4220 5600
1830 4160 4220 5590
1820 4160 4220 5590
1810 4150 4220 5580
1830 4150 4220 5590
1810 4150 4220 5590
1830 4150 4210 5590
1830 4150 4210 5600
1830 4160 4200 5590
1850 4160 4200 5580
1810 4160 4200 5580
1820 4160 4200 5600
1880 4160 4200 5610
1820 4160 4190 5590
1830 4140 4190 5580
1830 4140 4190 5590
1810 4140 4190 5590
1870 4140 4200 5590
1830 4150 4200 5580
1800 4140 4200 5580
1860 4150 4210 5600
1820 4150 4210 5610
1800 4150 4210 5590
1800 4150 4220 5590
1800 4150 4220 5590
1820 4150 4220 5590
1820 4150 4220 5580
1860 4150 4220 5580
1810 4150 4220 5570
1830 4150 4210 5590
1860 4140 4210 5590
1850 4130 4210 5590
1850 4130 4210 5580
1870 4130 4210 5580
1850 4140 4200 5580
1830 4160 4200 5600
1800 4150 4200 5580
1810 4150 4200 5580
1830 4150 4210 5580
1850 4150 4210 5580
1830 4150 4210 5580
1810 4160 4210 5580
1820 4170 4210 5590
1840 4160 4210 5580
1810 4170 4210 5590
1860 4170 4210 5590
1860 4160 4220 5590
1830 4150 4210 5590
1810 4150 4200 5590
1830 4150 4210 5590
1840 4150 4210 5590
1820 4150 4200 5600
1800 4170 4200 5600
1860 4170 4210 5600
1820 4160 4210 5580
1840 4160 4210 5580
1840 4160 4220 5570
1810 4160 4220 5580
1820 4160 4210 5580
1810 4160 4210 5580
1830 4160 4210 5580
1830 4170 4200 5580
1800 4170 4190 5580
1830 4170 4200 5580
1830 4170 4200 5600
1830 4160 4190 5600
1840 4150 4200 5600
1840 4150 4210 5600
1820 4150 4210 5600
1840 4160 4210 5600
1790 4160 4210 5600
1800 4160 4210 5600
1810 4160 4210 5590
1790 4170 4210 5580
1850 4180 4210 5580
1790 4180 4210 5580
1340 4610 4210 5580
1350 4630 4210 5590
1370 4630 4210 5580
1360 4630 4220 5580
1350 4620 4220 5580
1350 4640 4220 5570
1340 4650 4210 5580
1340 4660 4220 5580
1350 4680 4210 5590
1350 4650 4210 5590
1340 4630 4210 5590
1340 4650 4220 5590
1340 4650 4220 5590
1340 4660 4220 5580
1340 4620 4220 5570
1340 4660 4220 5570
1340 4680 4220 5570
1340 4670 4210 5580
1340 4670 4210 5580
1340 4660 4210 5600
1340 4620 4200 5600
1340 4640 4200 5590
1340 4660 4200 5590
1340 4660 4200 5600
1340 4630 4200 5600
1340 4640 4200 5590
1340 4690 4200 5580
1340 4630 4200 5580
1340 4680 4210 5580
1340 4660 4210 5570
1340 4650 4210 5580
1340 4650 4210 5570
1340 4630 4210 5590
1340 4680 4210 5580
1340 4680 4210 5580
1340 4620 4210 5580
1340 4680 4210 5590
1340 4620 4210 5590
1340 4610 4210 5580
1340 4680 4210 5580
1340 4660 4220 5580
1340 4650 4210 5580
1340 4600 4220 5570
1340 4610 4220 5580
1340 4630 4220 5590
1340 4620 4220 5590
1340 4610 4210 5590
1360 4590 4210 5590
1360 4590 4210 5590
1350 4600 4210 5590
1350 4660 4210 5600
1350 4610 4200 5610
1350 4620 4210 5600
1350 4650 4210 5590
1350 4630 4210 5590
1340 4620 4210 5610
1330 4680 4210 5610
1330 4660 4210 5610
1330 4680 4210 5610
1340 4610 4210 5620
1340 4650 4210 5620
1340 4660 4210 5610
1350 4670 4210 5600
1350 4610 4210 5600
1340 4650 4210 5600
1330 4620 4210 5600
1340 4670 4210 5600
1330 4650 4210 5590
1330 4610 4210 5580
1340 4670 4200 5600
1340 4620 4200 5600
1350 4680 4190 5590
1350 4640 4190 5590
1360 4620 4190 5590
1360 4620 4200 5590
1360 4630 4200 5600
1360 4620 4200 5600
1360 4670 4210 5590
1360 4680 4210 5600
1360 4620 4210 5590
1360 4640 4210 5600
1360 4660 4220 5600
1360 4620 4220 5590
1360 4670 4220 5600
1360 4660 4210 5610
1350 4620 4210 5590
1360 4640 4210 5590
1350 4680 4210 5590
1340 4670 4200 5590
1340 4610 4200 5590
1340 4630 4200 5590
1340 4620 4210 5590
1340 4690 4210 5610
1350 4640 4210 5600
1350 4660 4200 5590
1350 4670 4200 5590
1350 4690 4210 5590
1350 4630 4210 5600
1350 4650 4210 5590
1340 4640 4210 5590
1340 4670 4210 5580
1340 4600 4210 5580
1340 4620 4210 5570
1340 4600 4210 5580
1340 4610 4210 5580
1330 4670 4220 5580
1340 4620 4220 5580
1330 4630 4220 5590
1330 4660 4210 5590
1330 4640 4210 5580
1330 4630 4200 5580
1330 4640 4210 5580
1340 4680 4210 5580
1340 4690 4210 5580
1340 4610 4210 5580
1340 4600 4210 5580
1340 4650 4210 5580
1340 4650 4210 5570
1340 4630 4210 5580
1340 4600 4210 5570
1340 4630 4210 5580
1340 4630 4210 5590
1340 4610 4210 5590
1340 4610 4210 5590
1340 4650 4210 5590
1340 4620 4220 5590
1340 4650 4220 5600
1340 4610 4220 5590
1340 4660 4220 5600
1340 4640 4220 5600
1340 4620 4220 5590
1340 4680 4210 5590
1340 4600 4210 5600
1340 4620 4210 5600
1340 4610 4210 5600
1340 4660 4220 5610
1330 4640 4220 5600
1340 4630 4220 5600
1340 4640 4220 5610
1340 4620 4200 5610
1340 4650 4200 5600
1340 4630 4200 5600
1340 4650 4200 5600
1340 4670 4210 5590
1340 4660 4200 5590
1340 4630 4200 5600
1340 4680 4190 5600
1340 4640 4200 5580
1340 4630 4210 5590
1340 4660 4220 5590
1340 4660 4210 5580
1340 4610 4210 5580
1350 4670 4210 5580
1340 4670 4220 5590
1340 4670 4210 5590
1330 4630 4200 5590
1330 4680 4200 5590
1340 4630 4200 5600
1350 4670 4210 5590
1350 4650 4210 5590
1350 4630 4210 5580
1340 4660 4210 5590
1350 4620 4210 5580
1350 4640 4220 5570
1350 4620 4220 5580
1350 4610 4210 5590
1350 4630 4220 5580
1350 4670 4220 5590
1350 4610 4220 5580
1350 4640 4210 5580
1350 4610 4210 5580
1340 4660 4200 5590
1350 4680 4210 5590
1350 4620 4210 5590
