3930 6260 970 4610
3930 6250 970 4600
3930 6250 970 4580
3920 6250 970 4610
3920 6280 960 4580
3930 6280 960 4570
3930 6280 960 4570
3920 6260 960 4600
3920 6240 970 4600
3920 6220 970 4610
3910 6220 970 4580
3910 6470 970 4580
3910 6670 970 4580
3900 6500 960 4580
3910 6430 960 4580
3910 6320 980 4570
3920 6280 990 4580
3920 6260 980 4560
3920 6260 970 4550
3910 6240 960 4570
3910 6230 970 4580
3910 6230 970 4580
3910 6240 980 4580
3910 6260 980 4580
3900 6250 970 4580
3910 6250 970 4570
3920 6240 960 4580
3920 6240 960 4580
3920 6250 960 4570
3910 6250 970 4580
3910 6260 970 4610
3910 6260 970 4580
3910 6270 960 4570
3920 6270 960 4570
3920 6270 960 4580
3920 6270 970 4580
3920 6270 980 4600
3920 6270 980 4580
3930 6260 980 4600
3920 6240 970 4600
3920 6260 970 4610
3920 6270 970 4580
3920 6270 970 4600
3920 6280 970 4600
3920 6280 970 4580
3930 6270 970 4570
3930 6280 970 4560
3910 6280 970 4570
3920 6280 980 4600
3920 6260 980 4610
3920 6270 970 4600
3920 6270 980 4600
3920 6260 980 4580
3910 6270 970 4600
3930 6270 980 4580
3930 6260 970 4600
3940 6240 960 4570
3930 6240 970 4560
3920 6250 970 4570
3920 6250 960 4570
3920 6260 970 4560
3920 6260 970 4570
3920 6270 970 4570
3920 6270 970 4600
3930 6250 960 4600
3930 6270 960 4580
3920 6280 970 4580
3920 6290 970 4570
3930 6280 980 4560
3920 6280 970 4600
3920 6270 960 4580
3920 6280 960 4600
3910 6280 960 4600
3910 6280 970 4580
3920 6280 970 4570
3920 6290 970 4570
3930 6290 970 4560
3930 6290 980 4560
3910 6280 980 4550
3910 6290 970 4550
3910 6280 960 4600
3920 6290 970 4600
3920 6280 970 4600
3920 6270 970 4580
3940 6270 960 4600
3940 6280 960 4600
3930 6290 960 4600
3920 6290 960 4570
3920 6290 960 4570
3930 6290 970 4570
3930 6290 970 4570
3920 6290 970 4580
3920 6290 970 4570
3930 6280 960 4580
3920 6270 970 4580
3920 6260 960 4600
3920 6270 960 4600
3940 6070 970 4960
3940 6070 960 4950
3930 6060 970 4940
3940 6060 970 4940
3930 6050 960 4950
3920 6060 960 4980
3920 6060 960 4990
3930 6050 970 4950
3930 6050 970 4930
3930 6040 970 4890
3930 6030 970 4870
3920 6030 970 4870
3930 6050 960 4930
3920 6050 970 4940
3920 6050 980 4970
3930 6060 970 4980
3940 6060 960 4990
3940 6060 960 5100
3930 6050 960 5080
3930 6050 970 5060
3930 6050 970 5070
3910 6040 970 5080
3920 6040 970 5070
3930 6040 970 5020
3920 6050 970 4990
3920 6050 970 5010
3920 6040 960 5020
3920 6060 970 4970
3920 6060 970 4920
3910 6060 970 4950
3920 6060 960 4980
3910 6050 970 5030
3910 6060 970 5040
3920 6070 980 5040
3930 6060 970 5000
3940 6070 970 4930
3940 6050 970 4940
3940 6050 970 4970
3940 6050 970 5000
3940 6050 990 5020
3930 6040 980 5050
3930 6050 980 5060
3920 6050 980 5070
3920 6060 970 5070
3920 6070 960 5070
3930 6050 960 5070
3930 6050 950 5050
3930 6040 950 5050
3930 6050 960 5060
3930 6060 960 5070
3930 6060 970 5060
3930 6060 980 5100
3930 6050 970 5140
3930 6050 980 5090
3940 6050 970 5170
3930 6050 970 5400
3930 6050 970 5420
3930 6060 960 5350
3930 6060 970 5280
3920 6060 960 5260
3930 6060 960 5230
3930 6050 960 5230
3920 6060 970 5230
3920 6060 970 5230
3920 6050 970 5190
3940 6050 970 5170
3930 6040 960 5170
3930 6040 970 5170
3940 6040 980 5180
3940 6040 960 5180
3940 6040 970 5170
3940 6040 970 5150
3940 6050 980 5130
3930 6050 970 5110
3930 6060 970 5080
3920 6050 980 5060
3930 6050 980 5060
3930 6050 970 5050
3920 6050 970 5040
3940 6050 970 5040
3930 6040 960 5040
3930 6050 960 5030
3930 6050 960 5020
3940 6060 960 5020
3930 6060 970 5010
3930 6060 960 4980
3930 6050 960 4960
3930 6050 960 4960
3940 6060 960 4950
3940 6050 970 4920
3950 6050 970 4910
3950 6060 960 4880
3940 6040 970 4860
3950 6030 970 4850
3940 6040 970 4840
3940 6050 980 4840
3940 6040 980 4860
3950 6060 980 4860
3950 6060 970 4860
3950 6070 970 4860
3940 6070 970 4880
3930 6050 960 4890
3930 6050 970 4970
3930 6060 960 4980
3940 6060 960 4990
3930 6050 970 4990
3940 6050 970 5000
3940 6050 960 5010
3940 6050 960 4990
3940 6040 960 5010
3940 6050 960 5000
