4430 6340 780 4520
4440 6350 800 4530
4430 6340 1070 4530
4430 6330 1220 4540
4430 6330 1190 4550
4420 6330 960 4550
4400 6320 900 4550
4420 6330 870 4550
4440 6330 960 4560
4430 6340 930 4550
4410 6330 960 4540
4410 6340 1020 4540
4410 6340 1050 4540
4400 6340 1100 4550
4410 6340 1090 4550
4420 6350 1060 4550
4420 6340 1050 4550
4420 6350 1050 4550
4430 6340 1050 4550
4430 6340 1090 4550
4430 6340 1070 4550
4420 6330 1090 4560
4420 6330 1060 4550
4400 6340 990 4530
4410 6330 920 4540
4420 6340 900 4540
4420 6340 850 4530
4410 6360 910 4540
4420 6350 910 4530
4420 6340 870 4540
4430 6340 870 4550
4440 6340 990 4550
4440 6340 970 4550
4440 6330 910 4530
4440 6330 900 4540
4420 6320 840 4550
4430 6310 840 4550
4430 6300 840 4550
4430 6300 870 4550
4430 6310 870 4550
4430 6310 850 4540
4430 6320 840 4540
4430 6320 850 4540
4440 6330 840 4540
4440 6340 840 4550
4440 6340 850 4550
4440 6310 900 4550
4430 6300 890 4550
4430 6320 890 4550
4440 6320 880 4550
4430 6320 880 4540
4430 6340 890 4540
4420 6330 920 4540
4430 6320 940 4550
4420 6320 950 4560
4420 6320 950 4560
4430 6320 950 4560
4440 6320 950 4550
4430 6330 950 4550
4440 6320 920 4560
4430 6320 870 4560
4430 6320 890 4550
4400 6320 580 4720
4410 6320 580 4770
4410 6320 570 4780
4410 6310 570 4830
4410 6310 570 4970
4410 6310 570 5020
4410 6330 580 5040
4410 6330 580 5060
4400 6320 580 5060
4410 6310 580 5060
4410 6330 580 5020
4410 6330 580 4970
4400 6320 580 4960
4400 6320 580 4950
4400 6320 570 4960
4400 6330 580 4950
4410 6330 580 4930
4400 6330 590 4870
4400 6330 590 4840
4410 6320 590 4850
4410 6320 590 4850
4410 6310 590 4840
4410 6320 590 4840
4410 6330 590 4840
4410 6330 590 4840
4410 6320 580 4840
4400 6340 580 4830
4400 6320 580 4820
4420 6330 580 4830
4420 6330 570 4830
4420 6330 570 4850
4420 6310 580 4850
4420 6300 580 4850
4410 6310 580 4850
4410 6310 580 4820
4410 6310 580 4810
4410 6330 580 4830
4410 6330 580 4830
4400 6340 580 4830
4400 6340 580 4830
4410 6340 580 4840
4420 6330 580 4850
4410 6320 580 4850
4400 6330 580 4840
4400 6340 580 4840
4420 6350 580 4840
4410 6350 580 4840
4410 6350 570 4830
4420 6330 580 4840
4430 6330 580 4840
4430 6340 580 4860
4420 6330 580 4870
4420 6330 580 4880
4420 6320 580 4880
4420 6320 580 4880
4420 6320 580 4880
4420 6330 580 4880
4420 6330 580 4870
4410 6340 580 4860
4400 6330 570 4860
4400 6330 580 4850
4400 6340 570 4850
4390 6330 570 4840
4390 6330 580 4840
4420 6340 590 4850
4410 6330 590 4850
4390 6320 590 4850
4400 6320 580 4860
4410 6320 580 4850
4400 6320 580 4850
4420 6330 580 4840
4410 6340 580 4830
4400 6330 580 4820
4400 6320 580 4810
4400 6320 580 4820
4400 6330 580 4830
4400 6330 580 4830
4400 6330 580 4830
4400 6330 580 4820
4400 6320 580 4820
4400 6310 580 4810
4400 6310 590 4820
4400 6310 590 4800
4410 6310 570 4790
4420 6310 570 4790
4410 6330 580 4790
4420 6310 580 4790
4420 6310 580 4790
4420 6310 580 4800
4420 6300 570 4810
4420 6310 580 4810
4420 6330 580 4830
4420 6320 580 4830
4410 6320 570 4820
