4540 6480 1030 3990
4530 6490 1020 3980
4520 6470 1030 3990
4530 6490 1030 3990
4530 6500 1030 4000
4530 6490 1030 4010
4530 6510 1020 4010
4530 6480 1020 4010
4540 6480 1020 4010
4540 6470 1030 4000
4540 6510 1030 3990
4550 6530 1040 3990
4550 6490 1040 3990
4550 6490 1040 4000
4540 6550 1040 4000
4530 6540 1030 4010
4530 6540 1030 4010
4520 6540 1030 4000
4520 6500 1030 4000
4530 6520 1030 4000
4530 6490 1030 3990
4530 6540 1040 4000
4530 6530 1030 4000
4520 6490 1040 4000
4520 6470 1030 4000
4520 6490 1020 4010
4530 6470 1020 4000
4540 6470 1020 4010
4540 6490 1000 4000
4550 6530 1000 4010
4550 6520 1020 4010
4540 6530 1010 3990
4540 6500 1010 3980
4530 6480 1020 3990
4530 6510 1010 3990
4520 6490 1000 4000
4520 6480 1030 3980
4520 6480 1040 3980
4520 6530 1020 3990
4530 6520 1020 3990
4530 6470 1010 3990
4540 6500 1010 3980
4530 6480 1000 3980
4530 6500 1020 3990
4540 6520 1020 3990
4540 6470 1030 4000
4550 6510 1030 3990
4540 6530 1030 3990
4540 6490 1020 4000
4540 6530 1010 4000
4540 6500 1020 4000
4540 6500 1020 4000
4540 6480 1030 3990
4540 6480 1030 4000
4540 6490 1030 4010
4550 6520 1020 4010
4550 6500 1030 4010
4550 6540 1020 4010
4540 6540 1030 4010
4550 6520 1020 4010
4550 6480 1000 4010
4550 6530 1000 4010
4550 6520 1010 4000
4550 6530 1000 4000
4550 6490 1020 3990
4540 6470 1030 4000
4540 6490 1030 3990
4540 6520 1040 3990
4540 6490 1040 4000
4550 6470 1040 4000
4540 6540 1020 4000
4540 6490 1020 3990
4540 6500 1020 3990
4550 6480 1010 4000
4550 6530 1020 3990
4540 6540 1030 4000
4540 6480 1020 3990
4530 6540 1030 3990
4530 6540 1030 3990
4540 6010 1560 4010
4540 6010 1480 4000
4540 6020 1520 4000
4540 6020 1480 4010
4540 6020 1530 4010
4540 6020 1510 4010
4550 6030 1510 4000
4550 6030 1540 3990
4550 6020 1530 4000
4550 6010 1510 4000
4550 6000 1540 3990
4550 5990 1490 3990
4550 6000 1490 4000
4540 6010 1480 4000
4540 6010 1540 4000
4550 6010 1490 3990
4550 6010 1480 3990
4540 6020 1560 4000
4540 6020 1490 3990
4550 6000 1490 3990
4550 6000 1550 3980
4550 6010 1510 4000
4540 6010 1530 4000
4540 6000 1500 3990
4540 6000 1540 4000
4520 6000 1470 4010
4510 6010 1510 4010
4510 6020 1500 4000
4510 6010 1550 4010
4530 6010 1500 4000
4550 6000 1480 4010
4550 6010 1540 4020
4550 6010 1480 4010
4560 6010 1470 4010
4550 6010 1550 4020
4550 6010 1540 4010
4550 6020 1500 4010
4540 6020 1490 4000
4550 6020 1500 3990
4550 6020 1560 3990
4550 6010 1500 3990
4540 6010 1530 3980
4540 6010 1490 3990
4530 5990 1510 4000
4530 5990 1520 4000
4530 6000 1550 3990
4530 6000 1520 4000
4540 6010 1540 4000
4550 6000 1500 4010
4550 5990 1530 4010
4550 6010 1520 4010
4550 6010 1520 4000
4550 6000 1550 4000
4550 6000 1530 3990
4550 6000 1550 3980
4550 6000 1520 3990
4550 6000 1510 3990
4550 5990 1490 4000
4530 5990 1490 4000
4540 5990 1530 4000
4550 5990 1540 3990
4550 5990 1490 3980
4550 5990 1540 3980
4550 5990 1520 3990
4540 5990 1570 4000
4540 5990 1510 4010
4540 5990 1520 4010
4540 6000 1520 4020
4540 6010 1560 4020
4540 6020 1490 4020
4560 6010 1500 4000
4560 6010 1500 4010
4550 5990 1490 3990
4540 6010 1510 3990
4530 6010 1530 3990
4540 6020 1530 4010
