4090 6110 1310 4090
4090 6240 1320 4090
4090 6010 1310 4100
4090 5980 1310 4090
4090 5950 1310 4080
4100 5980 1320 4080
4100 6000 1320 4080
4090 5990 1320 4080
4090 6130 1320 4080
4090 6160 1310 4080
4090 5980 1310 4080
4090 5960 1310 4080
4090 6090 1310 4080
4080 6180 1320 4080
4080 6090 1320 4080
4080 6020 1320 4090
4100 5930 1310 4080
4110 5930 1310 4070
4100 5920 1310 4070
4090 6240 1310 4090
4080 6130 1310 4100
4080 6070 1310 4090
4080 5990 1310 4090
4080 6060 1310 4090
4080 6090 1320 4080
4080 6000 1310 4080
4080 5960 1310 4090
4090 5930 1310 4100
4090 5900 1310 4080
4090 5910 1310 4090
4090 5920 1310 4080
4080 5920 1310 4080
4080 5920 1310 4080
4090 5920 1310 4080
4090 5960 1310 4080
4120 5930 1310 4080
4120 5920 1310 4090
4120 5900 1310 4080
4120 5900 1310 4080
4110 5880 1320 4080
4110 5860 1320 4080
4110 5830 1320 4080
4100 5820 1320 4080
4100 5820 1320 4080
4090 5810 1310 4080
4080 5810 1310 4080
4080 5820 1310 4090
4080 5820 1320 4090
4090 5850 1320 4080
4100 5830 1320 4080
4090 5830 1320 4080
4090 5830 1310 4080
4090 5830 1310 4080
4090 5830 1300 4090
4090 5850 1300 4080
4100 5870 1310 4080
4110 5890 1300 4080
4110 5900 1300 4080
4110 5900 1300 4080
4110 5890 1300 4080
4110 5880 1310 4090
4110 5870 1320 4090
4100 5870 1320 4090
4100 5880 1320 4090
4100 5890 1320 4090
4090 5880 1320 4090
4090 5870 1320 4090
4090 5870 1320 4100
4090 5850 1320 4100
4080 5850 1320 4090
4080 5830 1310 4080
4080 5830 1320 4080
4100 5830 1310 4080
4110 5830 1310 4090
4110 5860 1310 4090
4120 5890 1310 4080
4120 5890 1320 4080
4120 5880 1310 4080
4110 5870 1310 4080
4100 5880 1310 4080
4100 5850 1310 4080
4100 5860 1310 4090
4110 5640 1660 4090
4100 5650 1770 4080
4090 5630 1810 4080
4090 5640 1870 4090
4090 5640 1940 4090
4080 5620 1950 4080
4090 5630 1910 4080
4100 5630 1930 4080
4110 5650 1900 4080
4110 5640 1930 4090
4120 5650 1970 4080
4120 5650 1980 4090
4090 5650 1960 4090
4100 5640 1930 4120
4110 5650 1900 4120
4090 5630 1820 4080
4090 5640 1780 4080
4090 5630 1670 4080
4090 5630 1640 4080
4090 5640 1650 4090
4080 5650 1650 4090
4080 5640 1630 4090
4090 5640 1630 4090
4090 5640 1710 4080
4090 5640 1840 4080
4080 5640 2010 4080
4080 5640 2160 4080
4080 5620 2020 4080
4090 5620 1900 4080
4090 5630 1820 4080
4080 5620 1750 4080
4090 5620 1720 4080
4100 5630 1720 4080
4100 5640 1720 4080
4110 5640 1700 4090
4110 5640 1690 4090
4110 5630 1680 4080
4110 5620 1660 4080
4120 5610 1660 4080
4110 5620 1770 4080
4100 5640 1870 4080
4090 5630 1940 4080
4100 5620 2010 4080
4100 5640 1880 4080
4090 5640 1770 4090
4080 5640 1650 4090
4080 5640 1560 4090
4080 5630 1540 4090
4090 5630 1520 4090
4100 5630 1510 4080
4110 5630 1570 4080
4110 5620 1610 4080
4110 5620 1640 4080
4100 5630 1640 4080
4100 5630 1600 4090
4100 5640 1630 4080
4090 5640 1610 4080
4080 5630 1800 4080
4080 5630 1770 4080
4080 5630 1760 4080
4100 5620 1730 4080
4100 5620 1850 4080
4120 5630 1650 4090
4110 5620 1800 4070
4100 5620 1730 4080
4100 5620 1700 4090
4100 5630 1670 4080
4110 5630 1780 4090
4110 5630 1680 4100
4120 5620 1600 4090
4120 5610 1550 4100
4120 5620 1520 4090
4120 5610 1510 4090
4110 5610 1510 4090
4110 5620 1590 4080
4100 5620 1750 4090
4090 5630 1870 4080
4100 5640 1880 4080
4100 5630 1880 4080
4100 5620 1890 4090
4100 5630 1900 4080
4090 5620 1920 4070
4080 5620 1860 4070
4080 5630 1760 4070
4100 5630 1700 4070
4100 5650 1630 4080
