3850 5260 1690 4220
3850 5250 1690 4220
3830 5270 1700 4220
3820 5260 1700 4220
3850 5250 1700 4220
3850 5250 1710 4220
3870 5240 1710 4220
3880 5230 1710 4220
3900 5230 1700 4220
3880 5240 1710 4220
3840 5290 1710 4240
3830 5270 1700 4230
3820 5270 1710 4230
4190 5270 1700 4230
4010 5280 1700 4230
3810 5280 1690 4230
3800 5260 1680 4240
3810 5270 1670 4230
3830 5260 1680 4210
3840 5270 1700 4220
3820 5260 1710 4230
3820 5250 1700 4230
3820 5260 1710 4230
3820 5260 1720 4220
3830 5250 1720 4220
3820 5250 1710 4220
3820 5260 1710 4230
3820 5250 1710 4220
3820 5260 1710 4220
3830 5260 1700 4230
3820 5250 1690 4240
3820 5260 1700 4230
3810 5270 1700 4220
3820 5260 1710 4230
3820 5250 1700 4220
3820 5250 1700 4230
3820 5250 1710 4230
3840 5250 1710 4230
3830 5260 1700 4230
3850 5270 1710 4230
3840 5260 1720 4230
3830 5260 1710 4230
3810 5240 1700 4240
3830 5270 1690 4230
3830 5250 1700 4220
3830 5250 1710 4210
3840 5230 1710 4210
3840 5240 1710 4210
3850 5230 1720 4210
3850 5230 1720 4210
3850 5240 1710 4210
3840 5240 1690 4210
3830 5250 1690 4210
3810 5270 1700 4220
3800 5250 1700 4230
3780 5260 1700 4220
3800 5270 1710 4230
3800 5270 1710 4230
3800 5280 1690 4230
3800 5270 1680 4220
3790 5260 1690 4220
3790 5250 1700 4230
3750 5270 1710 4220
3760 5270 1700 4230
3760 5280 1700 4230
3760 5280 1700 4220
3760 5280 1710 4210
3770 5250 1720 4220
3770 5250 1720 4210
3770 5280 1690 4200
3770 5280 1700 4200
3780 5270 1700 4220
3780 5270 1710 4230
3780 5270 1720 4220
3910 5260 1710 4230
3990 5250 1720 4220
3920 5260 1690 4240
3930 5260 1700 4240
3610 5270 1710 4680
3610 5280 1710 4680
3620 5290 1720 4680
3620 5290 1710 4680
3610 5280 1710 4660
3610 5280 1720 4650
3600 5260 1720 4640
3650 5250 1720 4640
3630 5260 1720 4640
3630 5250 1720 4670
3610 5250 1710 4680
3610 5250 1700 4690
3610 5280 1710 4700
3620 5290 1700 4690
3610 5270 1710 4680
3610 5270 1700 4690
3620 5280 1700 4720
3620 5270 1710 4750
3620 5260 1700 4770
3610 5270 1710 4770
3610 5270 1720 4830
3610 5270 1720 4860
3600 5250 1710 4950
3610 5260 1710 4880
3610 5280 1700 4850
3610 5280 1700 4860
3600 5280 1700 4890
3600 5280 1710 4780
3600 5280 1700 4710
3610 5280 1690 4750
3620 5280 1700 4800
3610 5260 1700 4840
3610 5260 1700 4880
3620 5270 1700 4890
3610 5270 1700 4910
3620 5260 1690 4860
3630 5250 1690 4800
3630 5250 1700 4770
3630 5250 1710 4750
3630 5270 1710 4740
3630 5250 1700 4740
3630 5250 1710 4750
3620 5280 1710 4750
3630 5280 1700 4770
3630 5280 1700 4790
3620 5260 1710 4780
3610 5270 1690 4780
3610 5260 1690 4780
3610 5260 1680 4790
3620 5260 1690 4780
3620 5240 1690 4800
3620 5260 1690 4800
3620 5260 1710 4830
3610 5250 1700 4820
3610 5260 1710 4820
3620 5250 1710 4790
3620 5260 1710 4770
3600 5260 1700 4780
3600 5260 1710 4790
3600 5250 1710 4790
3600 5260 1710 4790
3590 5260 1710 4790
3590 5270 1720 4790
3590 5270 1720 4800
3600 5290 1700 4790
3600 5290 1700 4790
3590 5270 1710 4780
3590 5270 1710 4790
3600 5250 1690 4800
3600 5250 1700 4800
3610 5250 1700 4790
3610 5270 1690 4780
3600 5260 1710 4770
3600 5250 1690 4760
3590 5250 1690 4760
3610 5260 1700 4760
3610 5260 1700 4760
3610 5270 1700 4760
3600 5280 1700 4760
3600 5260 1700 4760
3600 5250 1690 4760
3620 5260 1690 4740
3610 5270 1680 4740
3600 5290 1680 4730
3600 5280 1700 4720
3600 5280 1700 4710
3630 5280 1700 4710
3630 5290 1700 4720
3630 5270 1700 4730
3630 5280 1690 4740
3620 5290 1700 4760
3610 5270 1700 4770
3620 5250 1710 4800
3610 5250 1710 4830
3610 5260 1710 4850
3610 5270 1700 4870
3620 5270 1710 4890
3610 5260 1690 4860
3610 5260 1680 4830
