3180 4940 2160 4430
3160 4930 2160 4440
3200 4940 2150 4440
3300 4930 2160 4440
3600 4930 2160 4440
3520 4930 2150 4440
3460 4920 2150 4440
3340 4940 2150 4430
3310 4940 2150 4430
3230 4930 2150 4430
3440 4920 2140 4420
4050 4920 2150 4420
4290 4940 2150 4420
3940 4940 2150 4420
3890 4950 2150 4420
3560 4940 2140 4420
3240 4920 2150 4430
3220 4940 2150 4430
3150 4940 2140 4420
3130 4940 2140 4430
3130 4940 2150 4420
3140 4940 2160 4430
3140 4950 2170 4420
3150 4930 2160 4410
3160 4930 2160 4410
3180 4920 2160 4410
3180 4940 2150 4430
3170 4940 2150 4420
3150 4920 2160 4430
3170 4960 2160 4450
3170 4940 2160 4430
3180 4930 2160 4430
3180 4930 2150 4440
3180 4930 2150 4440
3180 4920 2160 4440
3180 4920 2160 4450
3180 4920 2150 4440
3180 4940 2150 4440
3180 4940 2150 4430
3180 4940 2150 4420
3180 4940 2150 4420
3180 4930 2160 4420
3170 4930 2160 4430
3180 4940 2150 4420
3180 4930 2150 4430
3180 4930 2150 4430
3180 4920 2160 4440
3180 4920 2160 4440
3190 4920 2160 4440
3230 4920 2150 4440
3220 4920 2140 4450
3220 4920 2150 4450
3230 4920 2150 4440
3210 4920 2160 4440
3210 4940 2160 4430
3270 4950 2170 4430
3270 4950 2160 4430
3260 4950 2170 4430
3210 4930 2160 4440
3180 4930 2160 4430
3170 4930 2160 4420
3170 4920 2160 4430
3180 4930 2170 4430
3840 4920 2170 4410
4030 4920 2160 4430
4390 4910 2160 4420
4200 4920 2150 4430
4310 4930 2150 4440
3850 4920 2160 4430
3710 4930 2160 4450
4200 4940 2150 4440
4620 4940 2150 4440
4910 4950 2150 4440
5280 4960 2150 4430
5310 4940 2150 4430
5330 4930 2150 4440
5340 4920 2170 4440
5330 4920 2160 4450
5370 4930 2160 4440
5400 4950 2160 4440
5390 4930 2160 4430
5410 4920 2160 4430
5030 4930 2160 4440
4760 4940 2160 4440
4160 4930 2160 4440
4140 4930 2160 4450
4120 4930 2160 4450
3650 4920 2160 4440
3510 4920 2170 4440
3400 4930 2170 4430
3500 4930 2170 4430
3820 4920 2150 4430
4050 4930 2150 4440
4030 4940 2150 4440
3090 4930 2860 4420
3100 4930 2800 4420
3090 4920 2790 4420
3090 4920 2810 4430
3090 4920 2860 4430
3100 4920 2890 4430
3110 4940 2830 4430
3110 4930 2780 4430
3110 4930 2830 4430
3110 4940 2800 4420
3110 4940 2760 4420
3090 4960 2710 4420
3100 4960 2700 4430
3100 4960 2710 4440
3110 4950 2680 4440
3110 4940 2690 4430
3100 4920 2670 4430
3120 4920 2670 4450
3100 4950 2650 4440
3100 4940 2630 4440
3090 4930 2570 4440
3110 4940 2560 4440
3110 4950 2580 4430
3110 4970 2600 4430
3110 4960 2610 4440
3110 4950 2620 4440
3100 4960 2620 4440
3100 4930 2620 4430
3090 4940 2610 4420
3090 4940 2630 4430
3090 4940 2610 4430
3090 4950 2600 4430
3090 4950 2590 4430
3090 4930 2570 4430
3090 4930 2570 4420
3100 4940 2560 4430
3090 4930 2550 4440
3090 4930 2550 4440
3090 4920 2550 4440
3100 4920 2550 4450
3090 4920 2560 4450
3090 4920 2570 4440
3090 4920 2570 4440
3100 4920 2570 4440
3100 4930 2580 4450
3100 4930 2610 4440
3100 4910 2610 4440
3100 4930 2610 4430
3100 4950 2630 4420
3100 4930 2680 4420
3090 4910 2650 4430
3100 4920 2610 4440
3100 4920 2600 4430
3100 4940 2610 4430
3100 4940 2740 4440
3100 4940 2760 4440
3090 4940 2770 4450
3100 4940 2770 4450
3090 4930 2770 4450
3090 4930 2760 4440
3090 4940 2700 4440
3090 4930 2640 4440
3080 4910 2610 4450
3090 4930 2630 4450
3080 4940 2640 4450
3080 4950 2610 4450
3080 4960 2550 4450
3080 4930 2550 4440
3090 4920 2550 4430
3080 4940 2550 4430
3080 4930 2490 4430
3080 4890 2390 4440
3080 4930 2460 4420
3080 4930 2510 4420
3080 4930 2550 4430
3080 4950 2570 4430
3090 4960 2610 4440
3100 4950 2650 4440
3100 4960 2680 4440
3100 4950 2690 4440
3100 4950 2670 4440
3100 4950 2660 4440
3100 4940 2630 4440
3100 4940 2610 4440
3100 4940 2600 4440
3110 4950 2590 4450
3110 4940 2590 4450
3120 4950 2580 4440
3110 4960 2580 4430
3120 4960 2580 4440
