2590 4630 2830 4670
2590 4640 2830 4660
2600 4640 2830 4650
2600 4640 2850 4650
2600 4620 2860 4660
2590 4630 2880 4660
2590 4630 2940 4650
2590 4630 3020 4640
2590 4630 3070 4650
2590 4640 3070 4660
2600 4640 3050 4660
2600 4640 3060 4660
2600 4650 3030 4650
2600 4650 3070 4640
2610 4660 3100 4650
2610 4660 3160 4650
2610 4660 3140 4640
2600 4650 3120 4650
2600 4650 3160 4660
2580 4640 3120 4650
2600 4630 3120 4650
2600 4630 3120 4660
2610 4630 3170 4660
2610 4640 3300 4660
2620 4650 3240 4640
2610 4630 3210 4640
2610 4620 3210 4640
2620 4620 3210 4650
2620 4640 3230 4660
2610 4630 3250 4650
2600 4630 3230 4660
2610 4620 3190 4660
2610 4640 3160 4660
2620 4640 3140 4660
2620 4650 3140 4650
2620 4660 3150 4640
2610 4630 3190 4650
2610 4650 3200 4650
2610 4630 3050 4660
2610 4630 3110 4660
2610 4620 3220 4660
2600 4620 3210 4650
2600 4630 3210 4650
2600 4630 3240 4650
2600 4630 3180 4660
2610 4630 3200 4650
2610 4640 3190 4650
2620 4630 3160 4650
2610 4630 3130 4650
2610 4620 3120 4660
2620 4620 3120 4660
2610 4630 3220 4670
2600 4630 3230 4670
2590 4640 3240 4660
2590 4620 3180 4660
2600 4630 3090 4660
2600 4630 3110 4660
2610 4630 3080 4650
2610 4620 3050 4660
2620 4630 3010 4640
2620 4630 2980 4640
2620 4630 2950 4640
2610 4630 3010 4650
2610 4630 3080 4660
2600 4620 3130 4660
2600 4630 3160 4670
2590 4620 3150 4670
2590 4620 3150 4670
2600 4610 3120 4670
2590 4630 3090 4660
2580 4630 3070 4660
2590 4620 3050 4660
2580 4620 3020 4660
2590 4610 3000 4660
2600 4610 3010 4650
2600 4610 3030 4650
2600 4610 3090 4650
2590 4640 3170 4650
2600 4650 3200 4660
2600 4630 3200 4660
2600 4630 3190 4660
2590 4640 3180 4660
2590 4650 3170 4660
2590 4650 3160 4650
2590 4650 3140 4640
2600 4630 3130 4650
2600 4630 3110 4650
2600 4640 3100 4660
2600 4640 2640 4850
2590 4640 2640 4870
2590 4670 2650 5090
2590 4660 2650 5050
2600 4650 2640 4970
2590 4650 2640 4910
2590 4630 2650 4850
2590 4630 2660 4780
2600 4640 2650 4760
2610 4620 2650 4750
2600 4610 2650 4770
2600 4640 2640 4990
2610 4620 2640 5200
2610 4640 2640 5110
2610 4630 2640 5030
2620 4630 2640 5060
2620 4630 2650 5000
2620 4630 2650 5010
2630 4630 2650 4940
2630 4620 2650 5060
2630 4620 2650 5000
2630 4620 2650 5070
2620 4660 2650 5100
2610 4660 2640 5020
2610 4650 2640 4940
2590 4650 2650 4910
2600 4640 2640 4920
2600 4620 2640 4930
2600 4630 2640 4930
2590 4640 2640 4920
2580 4630 2640 4920
2580 4630 2640 4920
2590 4630 2640 4920
2600 4670 2640 4910
2610 4660 2640 4960
2620 4660 2630 5020
2620 4670 2640 5130
2610 4650 2640 5200
2590 4640 2650 5300
2600 4660 2640 5400
2590 4650 2640 5430
2600 4640 2640 5460
2600 4640 2650 5430
2610 4620 2650 5360
2620 4630 2640 5330
2620 4630 2630 5360
2620 4620 2650 5390
2620 4630 2640 5420
2610 4620 2640 5430
2610 4610 2650 5450
2610 4620 2650 5440
2610 4640 2640 5460
2610 4640 2640 5470
2610 4650 2660 5550
2610 4630 2640 5550
2610 4650 2640 5520
2610 4630 2640 5490
2610 4640 2650 5500
2620 4640 2650 5540
2620 4630 2650 5500
2610 4630 2650 5350
2610 4620 2640 5180
2600 4640 2640 5060
2600 4640 2640 5120
2600 4660 2640 5280
2610 4660 2640 5380
2610 4660 2640 5200
2610 4660 2630 5150
2600 4650 2630 5270
2610 4640 2630 5330
2610 4640 2620 5390
2620 4640 2630 5470
2620 4620 2630 5490
2620 4620 2640 5520
2620 4620 2640 5520
2610 4640 2630 5510
2610 4630 2630 5470
2610 4630 2630 5440
2610 4610 2630 5440
2620 4640 2630 5410
2610 4650 2630 5400
2610 4650 2640 5390
2610 4660 2640 5380
2610 4670 2640 5380
2610 4660 2640 5360
2620 4650 2640 5350
2610 4630 2630 5350
