2130 4830 3100 4970
2140 4810 3100 4980
2130 4850 3110 4980
2130 4850 3110 4980
2120 4830 3110 4970
2110 4820 3110 4970
2130 4810 3110 4950
2110 4750 3110 4960
2130 4750 3110 4970
2130 4890 3100 4980
2120 4880 3100 4970
2120 4850 3100 4970
2150 4970 3090 4970
2140 4910 3100 4980
2140 4890 3100 4970
2140 4840 3100 4980
2130 4820 3110 4970
2140 4820 3100 4980
2150 4780 3080 4960
2140 4740 3090 4960
2140 4750 3100 4960
2140 4770 3100 4960
2130 4770 3100 4970
2130 4760 3110 4980
2120 4730 3110 4980
2140 4720 3100 4970
2130 4690 3090 4950
2130 4670 3100 4970
2130 4750 3100 4970
2120 4810 3100 4970
2130 4950 3100 4980
2130 5010 3090 4980
2140 5030 3090 4970
2150 5070 3090 4980
2150 5080 3090 4980
2150 5140 3100 4980
2160 5160 3100 4970
2160 5140 3100 4970
2150 5170 3100 4980
2150 5280 3090 4970
2150 5110 3090 4960
2140 5020 3100 4970
2140 5100 3100 4970
2140 5090 3100 4960
2130 5090 3090 4950
2130 5070 3090 4940
2130 5060 3090 4960
2130 5060 3090 4950
2130 5040 3090 4960
2130 5030 3090 4950
2140 5040 3100 4950
2140 5050 3100 4950
2140 5050 3100 4960
2150 5040 3100 4970
2130 5040 3100 4970
2110 5040 3100 4960
2140 5030 3090 4960
2140 5040 3100 4970
2140 5050 3100 4970
2130 5050 3100 4960
2130 5050 3100 4970
2150 5040 3090 4960
2150 5040 3080 4970
2140 5040 3080 4970
2140 5040 3090 4970
2140 5040 3090 4970
2140 5050 3090 4980
2130 5050 3090 4990
2140 5050 3100 4990
2150 5030 3110 4990
2140 5010 3110 4960
2140 5020 3100 4980
2140 5020 3100 4990
2140 5030 3110 4980
2140 5040 3100 4970
2140 5050 3090 4980
2140 4940 3090 4980
2120 4860 3090 4980
2140 4750 3090 4970
2150 4720 3090 4980
2150 4710 3100 4970
2140 4680 3100 4950
2140 4670 3100 4960
2140 4670 3100 4960
2140 4660 3100 4960
2140 4680 3100 4960
2140 4680 3100 4960
2110 4420 3100 5240
2120 4410 3110 5260
2090 4410 3110 5350
2090 4410 3110 5350
2110 4420 3110 5360
2130 4430 3100 5310
2140 4430 3100 5270
2130 4430 3100 5240
2130 4430 3100 5230
2140 4430 3100 5210
2140 4430 3110 5180
2140 4430 3110 5170
2140 4430 3110 5150
2140 4430 3080 5200
2130 4420 3080 5420
2120 4430 3090 5370
2090 4430 3100 5330
2090 4440 3100 5310
2090 4450 3110 5310
2110 4440 3100 5310
2150 4430 3110 5250
2140 4430 3090 5210
2130 4430 3090 5190
2130 4430 3090 5210
2130 4430 3090 5210
2140 4420 3090 5210
2150 4420 3090 5210
2130 4420 3110 5210
2130 4420 3110 5210
2120 4420 3110 5200
2130 4420 3110 5230
2110 4420 3110 5230
2120 4420 3100 5240
2130 4430 3100 5240
2130 4430 3100 5230
2130 4420 3100 5200
2120 4430 3100 5200
2090 4420 3100 5200
2090 4410 3100 5200
2130 4410 3080 5190
2120 4410 3080 5160
2120 4400 3080 5150
2110 4400 3090 5130
2130 4400 3090 5130
2130 4410 3090 5130
2140 4420 3090 5120
2130 4420 3090 5130
2120 4420 3100 5130
2120 4420 3100 5130
2110 4420 3110 5140
2120 4420 3110 5140
2110 4420 3110 5140
2120 4420 3110 5140
2090 4420 3100 5140
2090 4430 3100 5150
2090 4430 3100 5150
2090 4440 3100 5130
2090 4440 3100 5320
2110 4440 3100 5400
2120 4430 3100 5340
2140 4430 3100 5290
2140 4420 3090 5250
2130 4420 3100 5420
2140 4420 3100 5330
2140 4420 3090 5590
2130 4420 3080 5540
2130 4420 3080 5710
2150 4410 3080 5550
2130 4420 3080 5430
2120 4420 3090 5270
2130 4420 3090 5270
2130 4420 3100 5260
2130 4410 3110 5240
2130 4410 3110 5250
2130 4410 3100 5250
2130 4410 3100 5250
2140 4420 3100 5260
2130 4410 3110 5250
2120 4410 3110 5240
2110 4410 3100 5240
2110 4420 3100 5230
2120 4410 3100 5230
2110 4420 3110 5210
2110 4420 3110 5210
