2080 4240 3590 5330
2020 4230 3590 5320
1960 4230 3590 5320
1880 4230 3590 5320
1840 4250 3590 5320
1820 4240 3590 5310
1830 4260 3600 5310
1860 4250 3600 5310
1900 4240 3600 5310
1930 4230 3600 5320
1980 4220 3600 5320
2000 4220 3600 5320
2010 4220 3600 5320
2010 4220 3590 5320
1970 4220 3600 5320
1950 4230 3600 5320
2000 4210 3600 5320
2080 4210 3590 5310
2090 4220 3580 5310
2080 4210 3590 5310
2070 4210 3600 5330
2080 4220 3600 5330
2120 4220 3590 5320
2120 4220 3590 5320
2080 4220 3590 5320
2070 4210 3590 5320
2050 4220 3600 5320
2060 4220 3600 5320
2080 4220 3600 5330
2070 4230 3600 5330
2050 4210 3600 5330
2050 4210 3600 5330
2050 4210 3600 5330
2040 4210 3600 5330
2020 4210 3600 5330
1990 4200 3600 5330
1970 4190 3600 5330
1980 4190 3590 5330
1970 4180 3600 5330
1960 4180 3600 5330
1970 4180 3600 5330
1970 4180 3610 5330
1960 4190 3610 5320
1950 4190 3600 5320
1950 4180 3600 5330
1960 4180 3590 5330
1950 4180 3590 5330
1970 4180 3590 5320
1970 4180 3590 5320
1960 4190 3600 5320
1950 4200 3600 5320
1960 4210 3590 5320
1960 4210 3590 5320
1950 4200 3600 5320
1940 4200 3610 5320
1920 4200 3610 5320
1910 4200 3600 5320
1900 4190 3600 5330
1900 4200 3590 5330
1890 4200 3600 5330
1900 4190 3600 5330
1910 4200 3600 5320
1920 4190 3600 5320
1950 4200 3590 5330
1950 4210 3580 5330
1940 4210 3590 5320
1960 4220 3590 5320
1960 4210 3590 5320
1940 4220 3600 5320
1920 4220 3600 5330
1910 4210 3600 5330
1910 4230 3590 5320
1900 4230 3590 5320
1910 4220 3600 5320
1900 4230 3600 5310
1900 4230 3600 5320
1920 4230 3600 5320
1920 4230 3600 5320
1900 4220 3600 5320
1900 4220 3600 5320
1980 4210 3600 5320
1780 4380 3580 5310
1780 4390 3590 5310
1780 4410 3590 5320
1780 4430 3600 5320
1760 4470 3600 5310
1760 4500 3600 5310
1760 4470 3600 5300
1760 4450 3610 5300
1750 4470 3620 5300
1760 4470 3610 5310
1750 4510 3600 5320
1760 4460 3610 5330
1770 4700 3610 5310
1780 4600 3610 5310
1780 4510 3610 5310
1780 4510 3600 5320
1800 4570 3590 5320
1780 4560 3580 5320
1770 4550 3580 5330
1770 4540 3580 5330
1770 4540 3580 5330
1770 4520 3600 5320
1770 4670 3590 5320
1760 4660 3590 5310
1750 4620 3590 5310
1770 4570 3590 5310
1760 4540 3590 5320
1760 4520 3590 5330
1760 4500 3600 5320
1760 4480 3600 5320
1760 4480 3600 5320
1760 4460 3600 5320
1750 4440 3600 5320
1760 4400 3590 5310
1760 4380 3580 5310
1740 4370 3590 5310
1730 4370 3600 5310
1740 4370 3600 5310
1750 4380 3600 5310
1740 4380 3600 5310
1740 4380 3600 5310
1730 4400 3600 5320
1730 4400 3600 5320
1750 4420 3590 5330
1750 4430 3590 5330
1740 4470 3610 5320
1730 4480 3610 5320
1740 4500 3610 5320
1740 4580 3610 5330
1740 4530 3610 5330
1750 4530 3600 5330
1750 4530 3600 5320
1740 4520 3600 5320
1740 4510 3610 5310
1760 4500 3600 5310
1760 4490 3600 5310
1760 4500 3590 5310
1770 4500 3580 5310
1760 4500 3590 5310
1750 4500 3580 5310
1740 4500 3590 5310
1740 4530 3600 5320
1750 4530 3600 5320
1740 4530 3600 5320
1750 4520 3590 5320
1760 4520 3590 5320
1760 4500 3590 5330
1770 4480 3580 5320
1770 4490 3580 5320
1770 4470 3590 5320
1760 4460 3610 5320
1770 4480 3610 5320
1760 4480 3610 5320
1740 4460 3600 5320
1730 4430 3600 5330
1730 4390 3600 5320
1740 4370 3600 5320
1740 4410 3600 5310
1750 4440 3600 5310
1750 4440 3600 5310
1750 4440 3600 5310
1760 4450 3600 5310
1760 4470 3600 5310
1750 4470 3600 5300
1750 4440 3600 5300
1740 4460 3600 5310
1740 4490 3600 5310
1750 4770 3590 5310
1750 4700 3590 5310
1750 4490 3590 5320
1740 4500 3590 5320
1740 4530 3590 5320
1770 4520 3600 5330
1760 4510 3600 5330
1750 4510 3600 5330
1750 4500 3600 5330
1750 4500 3600 5330
1740 4480 3600 5330
