1590 4100 4150 5640
1590 4090 4150 5650
1600 4080 4160 5650
1600 4090 4170 5650
1600 4100 4170 5650
1600 4090 4170 5650
1600 4080 4170 5650
1600 4080 4160 5650
1590 4090 4160 5650
1580 4100 4170 5650
1570 4090 4170 5650
1540 4100 4170 5660
1550 4100 4170 5660
1550 4100 4180 5660
1570 4090 4170 5660
1600 4080 4170 5650
1580 4100 4160 5650
1570 4100 4160 5660
1550 4110 4160 5660
1560 4100 4160 5670
1600 4090 4160 5670
1620 4100 4160 5660
1620 4100 4150 5660
1630 4100 4150 5650
1620 4110 4160 5650
1630 4120 4160 5650
1640 4120 4160 5650
1650 4120 4150 5650
1650 4110 4150 5650
1660 4110 4160 5650
1600 4110 4140 5660
1650 4100 4150 5670
1890 4110 4140 5670
1800 4100 4150 5670
1740 4120 4160 5670
1700 4110 4170 5670
1660 4120 4160 5670
1630 4130 4160 5660
1900 4120 4160 5660
1700 4110 4160 5660
1660 4120 4150 5660
1660 4120 4140 5670
1650 4110 4140 5670
1620 4110 4150 5670
1620 4110 4160 5670
1600 4110 4170 5670
1600 4120 4170 5670
1630 4120 4180 5650
1620 4110 4180 5660
1600 4120 4170 5670
1630 4130 4170 5670
1930 4110 4170 5660
1900 4110 4160 5650
1950 4090 4160 5650
1840 4080 4170 5650
1700 4080 4170 5650
1610 4100 4160 5650
1550 4100 4160 5640
1540 4090 4160 5640
1550 4080 4170 5640
1580 4080 4170 5650
1540 4080 4170 5650
1540 4090 4160 5660
1590 4080 4150 5650
1570 4090 4150 5650
1560 4090 4150 5650
1550 4080 4160 5640
1560 4090 4160 5650
1550 4080 4160 5660
1520 4080 4150 5640
1520 4070 4170 5640
1470 4070 4170 5660
1450 4060 4170 5660
1440 4060 4170 5650
1450 4070 4180 5640
1430 4080 4170 5650
1490 4090 4170 5650
1490 4090 4170 5650
1380 4090 4170 6180
1360 4110 4170 6240
1350 4110 4170 6320
1360 4100 4190 6360
1360 4100 4180 6440
1360 4090 4180 6540
1370 4090 4170 6590
1350 4080 4170 6610
1350 4080 4170 6480
1350 4080 4170 6560
1360 4080 4170 6590
1360 4080 4170 6640
1360 4080 4170 6690
1360 4090 4180 6720
1380 4080 4170 6680
1380 4090 4170 6400
1380 4090 4170 6280
1380 4080 4170 6380
1380 4090 4170 6510
1390 4100 4160 6580
1380 4100 4170 6620
1390 4110 4180 6580
1400 4100 4180 6490
1400 4100 4170 6590
1400 4090 4170 6650
1400 4090 4170 6700
1380 4110 4170 6780
1390 4110 4170 6560
1380 4100 4170 6370
1370 4110 4170 6250
1370 4110 4170 6160
1370 4110 4170 6080
1360 4090 4170 6030
1370 4080 4170 5950
1370 4080 4170 5940
1370 4080 4170 5930
1360 4080 4170 5930
1360 4090 4170 5930
1370 4080 4170 5930
1380 4070 4170 5950
1380 4070 4170 5970
1380 4070 4170 6000
1390 4070 4170 6020
1390 4080 4170 6030
1390 4070 4170 6020
1390 4060 4170 6000
1380 4070 4170 5980
1390 4070 4170 5950
1370 4070 4180 5950
1380 4080 4190 5930
1380 4090 4180 5910
1370 4090 4170 5890
1370 4100 4180 5880
1370 4100 4170 5850
1380 4100 4180 5830
1380 4090 4180 5830
1380 4080 4180 5850
1380 4090 4180 5910
1400 4080 4170 5950
1390 4080 4160 5920
1370 4090 4160 5830
1370 4080 4160 5820
1370 4070 4170 5810
1370 4070 4170 5810
1370 4080 4170 5800
1370 4080 4170 5790
1370 4090 4170 5800
1390 4110 4150 5820
1400 4110 4160 5770
1400 4110 4160 5760
1390 4100 4150 5760
1390 4090 4150 5750
1390 4090 4140 5730
1390 4080 4150 5730
1390 4100 4160 5730
1390 4090 4160 5760
1390 4090 4150 5820
1390 4080 4150 5890
1380 4090 4150 5910
1380 4090 4160 5900
1390 4100 4160 5850
1380 4100 4160 5780
1380 4100 4160 5780
1370 4080 4170 5940
1370 4090 4160 5950
1380 4080 4180 5950
1380 4090 4170 5910
1380 4090 4160 5890
1370 4080 4160 5860
1380 4080 4170 5850
1390 4080 4180 5850
1370 4080 4180 5860
1370 4080 4170 5870
1370 4080 4170 5870
1370 4080 4170 5870
1370 4080 4150 5860
1370 4100 4160 5830
1380 4110 4160 5810
1390 4110 4160 5810
1390 4120 4160 5800
1390 4100 4170 5820
1380 4090 4160 5830
1370 4090 4160 5820
1380 4080 4160 5810
1380 4070 4160 5790
1370 4080 4170 5770
1380 4080 4170 5770
1390 4080 4180 5770
1390 4080 4180 5770
1370 4080 4160 5790
1370 4080 4160 5790
1370 4080 4160 5790
1370 4080 4160 5780
1360 4070 4160 5780
1370 4080 4160 5790
