1620 4050 4670 5970
1640 4050 4670 5960
1600 4050 4660 5970
1640 4050 4650 5980
1600 4050 4660 5980
1620 4050 4660 5980
1580 4050 4650 5960
1650 4050 4640 5970
1630 4040 4640 5970
1630 4040 4650 5970
1590 4050 4660 5960
1620 4060 4670 5960
1620 4050 4660 5960
1600 4050 4650 5960
1630 4050 4650 5950
1640 4050 4650 5960
1630 4050 4670 5960
1610 4050 4670 5970
1590 4050 4680 5980
1580 4060 4680 5980
1640 4060 4680 5970
1610 4060 4660 5980
1640 4050 4660 5990
1630 4050 4660 5990
1670 4050 4650 5980
1620 4050 4650 5980
1600 4050 4650 5960
1580 4040 4650 5970
1590 4050 4650 5970
1620 4040 4660 5980
1600 4050 4660 5970
1620 4040 4660 5970
1620 4040 4660 5970
1610 4050 4660 5960
1630 4050 4660 5960
1600 4050 4650 5980
1650 4040 4650 5970
1600 4040 4660 5980
1650 4040 4660 5980
1610 4050 4660 5980
1610 4050 4670 5980
1610 4050 4670 5980
1630 4050 4680 5980
1650 4050 4680 5980
1680 4040 4670 5970
1700 4040 4670 5980
1660 4050 4660 5980
1680 4050 4650 5980
1640 4040 4650 5980
1660 4040 4650 5980
1600 4040 4660 5980
1590 4040 4660 5960
1620 4050 4660 5960
1570 4060 4660 5970
1600 4060 4660 5960
1640 4060 4660 5960
1640 4060 4670 5950
1600 4060 4670 5960
1610 4050 4670 5970
1620 4060 4660 5970
1610 4060 4650 5960
1620 4060 4650 5960
1640 4060 4650 5970
1690 4060 4660 5980
1660 4060 4660 5980
1650 4060 4660 5970
1660 4060 4670 5970
1620 4050 4670 5970
1620 4050 4670 5960
1620 4050 4660 5970
1600 4050 4660 5970
1660 4050 4650 5970
1650 4050 4650 5970
1650 4050 4660 5970
1650 4050 4660 5980
1620 4060 4660 5980
1610 4060 4660 5980
1620 4060 4660 5980
1620 4050 4650 5980
1610 4050 4660 5980
1660 4050 4660 5980
1600 4050 4660 5980
1640 4060 4650 5980
1620 4060 4650 5980
1640 4060 4660 5980
1590 4060 4670 5970
1630 4060 4660 5960
1600 4060 4660 5950
1610 4060 4650 5950
1630 4060 4650 5960
1610 4060 4660 5960
1610 4060 4660 5970
1590 4050 4660 5980
1590 4050 4660 5990
1590 4050 4650 5990
1650 4040 4660 5980
1640 4040 4660 5970
1630 4040 4640 5970
1650 4050 4650 5970
1640 4050 4650 5970
1630 4050 4650 5960
1630 4050 4650 5970
1620 4060 4660 5980
1590 4060 4660 5960
1650 4060 4660 5960
1600 4060 4660 5970
1600 4060 4660 5970
1590 4050 4650 5970
1610 4060 4650 5960
1610 4050 4660 5970
1650 4050 4670 5980
1580 4050 4670 5990
1580 4050 4670 5980
1580 4050 4660 5970
1580 4050 4670 5970
1630 4050 4660 5980
1580 4050 4660 5980
1650 4050 4660 5980
1640 4060 4660 5980
1640 4050 4660 5970
1620 4040 4670 5960
1680 4040 4670 5970
1660 4040 4670 5960
1620 4040 4680 5970
1680 4040 4660 5960
1670 4040 4670 5970
1650 4040 4660 5970
1630 4040 4670 5970
1660 4040 4670 5980
1620 4040 4660 5970
1580 4040 4670 5970
1580 4040 4670 5960
1630 4040 4650 5960
1640 4040 4650 5960
1640 4040 4660 5960
1650 4040 4660 5970
1590 4040 4650 5970
1610 4050 4650 5960
1130 4580 4660 5960
1140 4580 4670 5960
1140 4560 4650 5960
1150 4530 4660 5970
1150 4570 4660 5980
1140 4550 4660 5980
1150 4530 4660 5980
1120 4550 4660 5970
1140 4530 4660 5970
1120 4530 4660 5970
1110 4510 4650 5980
1110 4530 4660 5980
1100 4530 4660 5980
1100 4550 4670 5990
1100 4570 4670 5970
1110 4570 4670 5970
1120 4520 4670 5970
1120 4510 4670 5960
1130 4550 4650 5970
1150 4560 4650 5960
1160 4570 4660 5970
1150 4560 4660 5960
1140 4500 4650 5950
1120 4520 4640 5950
1130 4560 4650 5950
1130 4570 4660 5950
1130 4510 4660 5950
1120 4560 4650 5960
1130 4570 4650 5970
1140 4550 4660 5970
1130 4530 4660 5970
1120 4550 4670 5960
1120 4510 4660 5960
1120 4560 4660 5970
1140 4560 4660 5970
1140 4580 4660 5970
1130 4580 4660 5970
1130 4540 4660 5970
1120 4520 4670 5970
1140 4540 4660 5960
1140 4530 4660 5970
1120 4570 4650 5980
1130 4530 4640 5980
1130 4520 4630 5970
1130 4560 4630 5970
1140 4510 4640 5960
1140 4550 4640 5980
1130 4540 4640 5980
1130 4510 4640 5980
1130 4510 4640 5980
1130 4530 4640 5980
1140 4540 4640 5980
1140 4560 4640 5980
1130 4510 4650 5970
1140 4570 4660 5960
1150 4550 4660 5960
1140 4540 4650 5980
1130 4540 4650 5980
1130 4540 4650 5970
1130 4560 4650 5970
1140 4540 4650 5970
1140 4580 4650 5970
1130 4530 4650 5970
1120 4560 4650 5960
1110 4550 4650 5970
1120 4520 4650 5970
1120 4550 4650 5970
1110 4500 4660 5970
1110 4520 4660 5980
1110 4500 4650 5980
1110 4520 4660 5980
1120 4560 4660 5970
1140 4560 4670 5970
1150 4500 4660 5970
1130 4530 4650 5980
1120 4520 4650 5980
1110 4510 4650 5980
1130 4550 4650 5980
1150 4530 4660 5980
1140 4520 4660 5980
1140 4560 4660 5980
1120 4530 4660 5980
1120 4510 4670 5970
1120 4490 4660 5960
1120 4490 4660 5960
1130 4520 4660 5970
1130 4510 4660 5980
1100 4510 4660 5990
1120 4550 4660 5970
1120 4500 4650 5970
1140 4530 4660 5970
1130 4510 4660 5960
1140 4530 4660 5960
1140 4490 4660 5960
1140 4510 4660 5960
1150 4500 4670 5970
1150 4550 4670 5980
1140 4490 4660 5980
1150 4500 4670 5980
1140 4520 4660 5970
1120 4500 4660 5970
1120 4560 4660 5970
1160 4510 4660 5970
1140 4520 4630 5980
1140 4560 4640 5980
1140 4560 4630 5980
1140 4570 4640 5980
1140 4570 4640 5980
1140 4500 4640 5970
1150 4580 4660 5970
1140 4520 4660 5970
1150 4570 4660 5970
1150 4570 4650 5980
1150 4530 4650 5970
1150 4540 4660 5970
1150 4540 4670 5970
1150 4580 4660 5970
1150 4530 4660 5970
1160 4570 4650 5970
1160 4540 4650 5960
1140 4550 4650 5970
1150 4510 4660 5970
1150 4530 4660 5970
1130 4530 4660 5980
1130 4550 4660 5980
1130 4550 4660 5960
1090 4540 4660 5950
1100 4530 4650 5950
1100 4520 4660 5950
1110 4530 4660 5950
1110 4530 4670 5960
1120 4550 4660 5970
1120 4550 4660 5970
1130 4560 4660 5960
1150 4570 4650 5960
1130 4530 4640 5970
1120 4530 4650 5970
1120 4500 4650 5970
1120 4520 4640 5970
1120 4560 4640 5960
1110 4520 4650 5950
1120 4560 4670 5960
1130 4570 4670 5960
