1060 4010 4540 6000
1080 4090 4540 6000
1080 4130 4540 6000
1070 4170 4540 6000
1090 4150 4540 6010
1110 4190 4540 6010
1080 4360 4540 6010
1060 4340 4540 6000
1050 4340 4550 6000
1070 4290 4550 6000
1060 4270 4550 6010
1060 4260 4540 6010
1080 4270 4540 6010
1080 4310 4540 6010
1080 4340 4540 6010
1070 4360 4540 6010
1090 4350 4540 6010
1070 4330 4540 6010
1070 4310 4540 6020
1070 4270 4540 6010
1080 4260 4540 6010
1060 4260 4540 6010
1060 4250 4540 6010
1060 4270 4540 6010
1090 4270 4540 6010
1080 4260 4540 6020
1090 4250 4550 6010
1090 4240 4550 6010
1100 4230 4550 6010
1110 4210 4550 6010
1100 4190 4550 6010
1080 4170 4550 6010
1080 4160 4550 6010
1070 4170 4550 6010
1060 4170 4540 6010
1050 4170 4540 6010
1050 4160 4540 6020
1070 4180 4540 6010
1070 4190 4550 6010
1080 4180 4540 6010
1080 4220 4540 6010
1070 4240 4540 6010
1060 4240 4540 6010
1060 4220 4540 6010
1050 4210 4540 6010
1050 4210 4540 6020
1070 4190 4540 6010
1080 4180 4540 6010
1090 4180 4540 6010
1100 4190 4550 6010
1110 4190 4540 6010
1100 4200 4540 6010
1090 4200 4540 6010
1080 4210 4540 6010
1060 4230 4540 6010
1060 4240 4540 6020
1070 4250 4550 6020
1060 4260 4550 6030
1060 4250 4550 6030
1070 4270 4540 6030
1070 4260 4540 6020
1070 4260 4540 6020
1060 4270 4540 6020
1050 4270 4540 6020
1070 4270 4540 6020
1080 4290 4540 6020
1100 4290 4550 6020
1100 4270 4550 6020
1100 4230 4540 6020
1090 4200 4550 6030
1090 4210 4540 6030
1070 4190 4550 6020
1080 4180 4550 6020
1080 4190 4550 6020
1090 4200 4550 6020
1080 4320 4550 6020
1080 4290 4550 6010
1080 4260 4550 6010
1100 4240 4550 6020
1080 4230 4540 6020
1060 4220 4540 6020
1080 4210 4540 6020
1070 4190 4540 6020
1090 4210 4550 6010
1100 4220 4540 6020
1080 4270 4540 6030
1090 4290 4550 6030
1070 4270 4550 6030
1070 4020 4790 6000
1080 4010 4790 6000
1090 4010 4790 6000
1080 4000 4790 6000
1080 3990 4790 6000
1080 3990 5080 6000
1070 3990 5070 6000
1090 3990 5190 6000
1090 3980 5060 6000
1050 4000 4830 6000
1060 4000 4800 6010
1090 4000 4770 6010
1090 4000 4770 6010
1070 3990 4710 6010
1050 3990 4730 6010
1050 4000 4700 6010
1060 4000 4710 6010
1060 4000 4720 6000
1060 4000 4730 6000
1080 4000 4750 6000
1080 4000 4750 6000
1100 4000 4750 6000
1060 4000 4770 6000
1060 4000 4770 6000
1060 3990 4780 6000
1070 3990 4780 6000
1060 4000 4780 6000
1080 4000 4770 6010
1080 4000 4730 6010
1080 4000 4730 6000
1060 4000 4710 5990
1050 4000 4710 5990
1050 3990 4720 5990
1070 4000 4760 5990
1080 4000 4750 6000
1060 3990 4830 6000
1050 3990 5050 5990
1050 3990 4930 5990
1050 4000 4860 5990
1060 4000 4780 6000
1080 4010 4740 6000
1070 4000 4730 6000
1070 3990 4780 6000
1060 3990 4770 6000
1080 4000 4770 6000
1090 3990 4760 6010
1070 3990 4750 6010
1060 3990 4740 6000
1060 3990 4720 6000
1060 3990 4710 6000
1080 3990 4710 6000
1080 3980 4710 6000
1070 3990 4720 6000
1060 3990 4740 6000
1050 4000 4750 6000
1050 3990 4760 6000
1050 3980 4750 6000
1050 3980 4730 6000
1050 3990 5010 6000
1050 3980 5200 6000
1050 3990 5330 6000
1050 3990 5130 6000
1060 4000 4930 6000
1060 4000 4880 6000
1070 4000 4850 6010
1060 4000 4830 6010
1060 4000 4810 6010
1050 4000 4820 6000
1050 3990 5050 6000
1040 4000 4820 6000
1040 4000 4800 6010
1060 4000 4880 6010
1060 4000 5100 6010
1060 4000 5260 6010
1060 3990 5380 6000
1050 3990 5450 6000
1070 3990 5430 6000
1090 3980 5370 6010
1090 3990 4990 6010
1070 3990 4880 6010
1060 3990 5340 6000
1060 4000 5230 5990
1070 4000 5270 5990
1060 4000 5320 5990
1070 3990 5350 5990
1060 4000 5360 5990
1080 4000 5540 5990
1080 4010 5640 5990
1080 4010 5330 6000
1080 4020 5370 6000
1090 4020 5380 6000
1070 4010 5300 6010
1060 4010 5270 6010
1080 4010 5230 6010
1080 4000 5180 6010
1090 4000 5340 6000
1090 3990 5160 6000
1080 3990 5040 6000
1080 3980 4980 6000
1080 3990 4950 6000
1090 4000 5060 6000
1100 3990 5130 6000
1100 3990 5180 6000
1080 3990 5000 6000
1070 3990 4920 6010
1070 3980 4890 6010
1080 3990 4890 6010
1080 3990 4780 6010
1070 3980 4800 6010
1070 3960 4800 6010
1060 3980 4780 6010
1060 4000 4730 6010
