1730 3510 4770 5710
1750 3510 4770 5710
1750 3510 4770 5720
1770 3520 4760 5740
1800 3520 4750 5730
1760 3530 4750 5730
1870 3520 4750 5720
1870 3520 4740 5720
1830 3520 4760 5730
1810 3520 4760 5720
1870 3510 4760 5720
1930 3510 4760 5730
1900 3510 4760 5720
1870 3530 4750 5710
1890 3530 4750 5720
1910 3530 4750 5730
1880 3530 4750 5730
1900 3530 4750 5730
1920 3540 4740 5740
1880 3520 4740 5730
1840 3520 4750 5720
1810 3510 4750 5720
1770 3520 4750 5720
1760 3520 4750 5720
1860 3520 4750 5720
2120 3520 4750 5720
2480 3520 4750 5720
2720 3520 4750 5710
2720 3530 4750 5710
2440 3520 4750 5720
2070 3520 4760 5720
1970 3520 4770 5720
1910 3520 4760 5720
1800 3520 4760 5710
1780 3520 4760 5720
1780 3520 4760 5730
1750 3520 4760 5730
1730 3520 4760 5730
2060 3520 4770 5730
1970 3520 4770 5730
1910 3520 4770 5730
1870 3520 4760 5730
1830 3520 4760 5730
1800 3510 4760 5730
1760 3510 4760 5730
1750 3520 4760 5730
1740 3510 4760 5730
1760 3520 4760 5720
1770 3520 4760 5720
1780 3520 4760 5710
1780 3530 4760 5720
1780 3530 4760 5720
1780 3520 4760 5720
1780 3520 4760 5720
1770 3520 4760 5720
1760 3520 4760 5720
1750 3520 4750 5720
1780 3530 4750 5720
1780 3520 4750 5720
1800 3520 4740 5720
1800 3520 4740 5710
1770 3520 4740 5710
1760 3520 4750 5710
1760 3530 4760 5710
1770 3530 4760 5710
1770 3520 4760 5710
1780 3520 4750 5710
1780 3510 4750 5710
1780 3520 4750 5710
1780 3520 4750 5710
1770 3520 4750 5720
1800 3520 4760 5730
1780 3520 4760 5730
1780 3530 4760 5730
1800 3530 4760 5730
1800 3530 4760 5730
1800 3530 4760 5720
1510 3950 4770 5720
1530 3990 4770 5720
1520 3930 4770 5730
1500 3820 4770 5720
1500 3740 4770 5730
1490 3710 4770 5730
1500 3850 4770 5720
1510 3920 4760 5720
1500 3840 4760 5720
1490 3870 4760 5730
1500 3870 4760 5730
1520 3880 4760 5720
1520 3870 4770 5720
1540 4050 4760 5720
1520 3990 4760 5720
1540 3920 4760 5730
1530 3920 4760 5730
1540 3930 4760 5730
1520 3920 4760 5730
1500 3900 4760 5730
1510 3860 4770 5730
1510 3830 4770 5730
1500 3820 4770 5730
1500 3830 4770 5720
1510 3800 4770 5720
1510 3830 4760 5720
1510 3890 4760 5720
1500 3880 4750 5720
1500 3870 4750 5720
1520 3850 4750 5720
1520 3830 4750 5720
1510 3830 4750 5720
1530 3820 4750 5730
1510 3800 4750 5730
1510 3770 4770 5730
1510 3760 4770 5730
1500 3760 4770 5730
1490 3760 4770 5730
1490 3770 4770 5730
1510 3780 4760 5720
1510 3770 4760 5720
1500 3780 4760 5730
1520 3870 4760 5730
1540 3830 4770 5730
1530 3920 4770 5720
1520 3920 4760 5720
1510 3910 4760 5720
1530 3880 4770 5720
1540 3920 4770 5720
1540 3960 4770 5720
1540 3940 4770 5720
1520 3940 4770 5720
1530 3920 4770 5720
1510 3910 4770 5720
1530 3930 4770 5720
1530 3890 4760 5720
1520 3810 4760 5740
1500 3800 4760 5740
1500 3810 4770 5730
1500 3810 4770 5730
1510 3800 4770 5720
1500 3810 4760 5720
1490 3800 4760 5720
1500 3800 4760 5720
1500 3800 4760 5710
1490 3800 4760 5720
1500 3780 4760 5710
1500 3780 4760 5720
1500 3780 4760 5710
1520 3790 4770 5720
1520 3800 4770 5720
1500 3750 4760 5700
1500 3750 4760 5700
1500 3750 4760 5700
1510 3750 4770 5700
1500 3750 4770 5710
1510 3730 4760 5720
1520 3710 4760 5710
1530 3710 4760 5710
1510 3750 4760 5720
1500 3750 4760 5720
1510 3750 4760 5710
1500 3760 4760 5710
1520 3740 4760 5730
1510 3750 4760 5730
1530 3760 4760 5730
1520 3760 4770 5720
1510 3760 4760 5720
1530 3770 4760 5720
1520 3760 4770 5730
1500 3750 4760 5730
1500 3750 4760 5730
1500 3750 4760 5720
1500 3750 4770 5720
1520 3760 4780 5720
1490 3760 4770 5720
1520 3750 4770 5720
1540 3760 4770 5720
1520 3760 4760 5720
1540 3760 4760 5720
1530 3770 4760 5720
1530 3770 4760 5720
1510 3760 4760 5710
1530 3770 4760 5720
1510 3760 4760 5720
1520 3890 4760 5720
1530 3890 4760 5720
1520 3860 4760 5720
1540 3840 4770 5720
