1740 3830 4180 5380
1740 3850 4190 5380
1740 3860 4180 5380
1730 3860 4190 5380
1730 3860 4180 5380
1730 3860 4180 5380
1720 3860 4180 5380
1720 3860 4190 5380
1720 3860 4190 5380
1720 3860 4190 5380
1720 3860 4200 5380
1720 3850 4190 5380
1720 3850 4190 5380
1730 3850 4180 5380
1740 3850 4180 5390
1740 3840 4200 5380
1740 3840 4190 5380
1740 3840 4200 5380
1750 3850 4190 5380
1720 3840 4190 5370
1720 3840 4200 5370
1730 3840 4180 5380
1740 3840 4200 5380
1740 3840 4200 5390
1740 3830 4190 5390
1750 3820 4190 5390
1750 3820 4200 5390
1730 3820 4190 5380
1730 3860 4190 5370
1730 3860 4190 5370
1730 3840 4200 5380
1740 3850 4180 5380
1730 3850 4180 5380
1740 3850 4180 5380
1760 3860 4180 5390
1760 3870 4190 5390
1750 3870 4190 5390
1730 3870 4190 5390
1730 3870 4190 5390
1720 3870 4190 5390
1710 3860 4180 5390
1730 3850 4180 5390
1720 3850 4200 5380
1720 3860 4190 5390
1730 3850 4180 5380
1740 3840 4180 5380
1740 3830 4170 5380
1740 3820 4180 5380
1750 3820 4180 5380
1740 3820 4180 5380
1730 3820 4190 5370
1720 3830 4180 5370
1730 3840 4180 5390
1730 3840 4190 5390
1730 3840 4180 5390
1720 3840 4190 5390
1720 3840 4180 5390
1730 3840 4170 5390
1730 3850 4180 5390
1740 3880 4180 5390
1740 3880 4180 5390
1750 3860 4180 5380
1740 3870 4190 5380
1730 3870 4200 5380
1730 3850 4190 5380
1740 3850 4180 5380
1730 3870 4180 5380
1740 3880 4180 5390
1760 3880 4180 5390
1730 3880 4190 5390
1740 3890 4180 5390
1740 3880 4170 5390
1740 3880 4180 5390
1740 3890 4180 5390
1740 3890 4200 5390
1720 3900 4200 5380
1730 3890 4190 5380
1730 3890 4190 5380
1740 3880 4180 5370
1740 3880 4190 5370
1730 3870 4190 5370
1740 3880 4190 5370
1730 3870 4190 5370
1720 3840 4190 5370
1720 3860 4170 5370
1730 3590 4190 5390
1740 3590 4180 5400
1740 3590 4180 5410
1750 3600 4190 5370
1750 3600 4200 5400
1740 3600 4190 5390
1740 3610 4190 5380
1750 3610 4180 5500
1740 3590 4190 5650
1740 3590 4190 5640
1740 3580 4180 5600
1740 3580 4180 5600
1740 3600 4180 5590
1750 3610 4180 5520
1740 3580 4200 5550
1740 3590 4200 5560
1720 3580 4190 5560
1730 3580 4190 5560
1730 3600 4190 5580
1740 3590 4190 5570
1720 3590 4200 5550
1730 3580 4200 5500
1730 3580 4200 5490
1730 3580 4190 5430
1740 3590 4180 5410
1750 3600 4180 5410
1740 3580 4190 5420
1720 3590 4190 5430
1720 3590 4200 5440
1730 3580 4200 5440
1730 3590 4190 5440
1730 3580 4190 5430
1730 3580 4190 5440
1730 3600 4190 5430
1730 3600 4180 5420
1730 3600 4180 5410
1730 3600 4190 5410
1730 3600 4200 5390
1730 3590 4200 5510
1740 3580 4190 5790
1740 3590 4190 5910
1750 3580 4200 5980
1750 3600 4200 6170
1740 3580 4200 6200
1730 3580 4190 6250
1730 3600 4210 6280
1740 3600 4220 6230
1750 3590 4210 6190
1750 3580 4210 6160
1740 3580 4210 5990
1730 3580 4200 5860
1720 3580 4200 5750
1730 3580 4200 5700
1740 3580 4200 5670
1740 3580 4200 5670
1740 3580 4200 5690
1750 3570 4190 5690
1750 3570 4200 5680
1730 3580 4190 5650
1730 3580 4190 5630
1740 3580 4190 5610
1740 3580 4200 5610
1720 3590 4200 5600
1720 3590 4190 5590
1710 3600 4180 5590
1720 3590 4180 5580
1710 3610 4190 5540
1720 3610 4180 5520
1740 3600 4170 5520
1740 3600 4180 5520
1720 3600 4180 5520
1730 3600 4180 5490
1730 3600 4180 5470
1730 3580 4190 5490
1730 3590 4180 5460
1730 3610 4190 5600
1740 3600 4190 5550
1740 3590 4190 5520
1740 3590 4180 5500
1740 3600 4180 5480
1730 3590 4180 5470
1720 3590 4180 5460
1730 3590 4170 5450
1730 3600 4180 5430
1720 3580 4180 5410
