2060 3790 3980 4930
2050 3790 3940 4940
2050 3790 3980 4940
2060 3790 3930 4940
2060 3810 3930 4950
2060 3810 3990 4950
2050 3800 4010 4950
2050 3800 4010 4940
2050 3790 4000 4940
2050 3780 4030 4940
2050 3780 4090 4950
2070 3770 4260 4950
2070 3770 4200 4950
2070 3780 4150 4940
2070 3800 4200 4950
2080 3800 4040 4970
2070 3800 3990 4960
2060 3800 4030 4950
2050 3800 4010 4950
2050 3780 3990 4950
2060 3800 4020 4950
2050 3810 4020 4950
2070 3780 4050 4950
2060 3790 4130 4940
2070 3800 4140 4940
2070 3810 4140 4960
2060 3810 4150 4960
2050 3800 4160 4960
2060 3800 4160 4950
2060 3800 4170 4950
2050 3800 4190 4950
2060 3810 4080 4940
2050 3810 4130 4950
2050 3790 4160 4930
2060 3810 4160 4930
2050 3810 4160 4930
2050 3810 4170 4940
2060 3790 4180 4940
2050 3810 4210 4940
2050 3800 4260 4940
2050 3800 4350 4940
2060 3800 4390 4940
2060 3780 4400 4940
2070 3760 4370 4940
2070 3760 4320 4940
2070 3780 4290 4940
2070 3780 4230 4930
2060 3790 4240 4930
2060 3780 4250 4930
2060 3790 4250 4930
2060 3810 4240 4940
2050 3810 4230 4940
2050 3810 4230 4940
2050 3800 4230 4930
2060 3800 4220 4920
2060 3800 4210 4930
2070 3800 4250 4920
2070 3810 4240 4920
2080 3790 4200 4920
2060 3800 4060 4940
2070 3810 4060 4940
2060 3810 4060 4940
2060 3810 4060 4940
2060 3810 4020 4940
2060 3810 4020 4940
2060 3790 3990 4940
2060 3790 3960 4940
2060 3790 3940 4940
2060 3780 3960 4940
2050 3790 3960 4940
2060 3790 3960 4950
2060 3790 3950 4940
2060 3790 3950 4940
2060 3770 3940 4940
2070 3770 3910 4950
2070 3770 3870 4940
2070 3770 3840 4940
2060 3780 3840 4940
2060 3780 3870 4940
2060 3770 3880 4940
2050 3770 3880 4940
2050 3790 3880 4940
2060 3780 3880 4950
2060 3780 3860 4950
2060 3780 3880 4940
2060 3780 3920 4940
2050 3790 3750 5180
2050 3800 3750 5240
2050 3810 3750 5310
2050 3800 3760 5280
2050 3790 3760 5330
2050 3790 3750 5320
2050 3800 3750 5330
2060 3800 3760 5300
2060 3800 3750 5260
2070 3810 3760 5330
2070 3810 3760 5270
2070 3810 3760 5140
2070 3800 3760 5120
2070 3810 3760 5270
2080 3810 3770 5260
2080 3800 3770 5290
2080 3810 3770 5570
2070 3800 3770 5740
2070 3780 3770 5730
2070 3790 3770 5630
2070 3810 3770 5520
2070 3810 3770 5390
2070 3820 3770 5460
2070 3820 3770 5500
2060 3830 3760 5320
2050 3820 3750 5270
2050 3780 3760 5230
2060 3770 3760 5230
2060 3790 3770 5250
2060 3800 3760 5460
2060 3800 3750 5380
2060 3800 3750 5470
2070 3790 3750 5430
2070 3780 3760 5380
2070 3800 3750 5360
2070 3810 3750 5340
2070 3810 3750 5340
2070 3800 3740 5330
2070 3790 3750 5320
2070 3790 3750 5330
2070 3790 3760 5320
2070 3800 3760 5320
2060 3810 3770 5320
2070 3800 3770 5330
2070 3790 3770 5320
2050 3790 3770 5300
2050 3780 3770 5310
2050 3780 3760 5310
2050 3780 3750 5330
2040 3780 3760 5350
2040 3790 3750 5360
2050 3790 3750 5380
2060 3790 3760 5390
2060 3790 3750 5400
2060 3810 3740 5410
2060 3810 3750 5420
2060 3800 3750 5420
2060 3790 3740 5420
2060 3790 3740 5420
2060 3790 3740 5420
2060 3790 3750 5420
2050 3800 3750 5420
2050 3800 3760 5440
2070 3780 3760 5430
2050 3770 3760 5400
2060 3780 3760 5170
2060 3770 3750 5170
2050 3790 3760 5200
2060 3780 3760 5240
2050 3770 3760 5260
2050 3780 3760 5260
2050 3790 3750 5250
2060 3780 3750 5210
2050 3790 3750 5200
2060 3790 3750 5230
2060 3790 3750 5260
2060 3800 3750 5320
2060 3800 3760 5340
2060 3790 3750 5380
2050 3790 3750 5290
2050 3790 3760 5260
2060 3800 3740 5370
2060 3810 3750 5270
2060 3790 3750 5270
2060 3790 3760 5270
2060 3800 3770 5240
2060 3800 3770 5130
2070 3800 3760 5070
