2680 4050 3290 4700
2710 4040 3290 4700
2710 4040 3290 4700
2840 4030 3290 4700
2900 4040 3300 4700
2810 4030 3290 4690
2780 4030 3280 4690
2760 4030 3280 4690
2720 4030 3270 4690
2710 4030 3270 4690
2650 4040 3280 4700
2650 4050 3280 4700
2820 4050 3280 4700
2820 4040 3280 4700
2860 4040 3300 4700
2830 4040 3300 4690
2790 4050 3300 4690
2800 4060 3300 4690
2800 4060 3290 4700
2750 4060 3290 4700
2700 4060 3290 4700
2630 4050 3290 4700
2610 4050 3290 4700
2640 4060 3290 4700
2640 4060 3290 4700
2640 4060 3290 4700
2620 4060 3300 4710
2600 4060 3300 4710
2590 4050 3290 4710
2590 4040 3290 4710
2600 4060 3290 4710
2620 4060 3290 4720
2610 4050 3290 4710
2630 4040 3290 4700
2650 4030 3280 4700
2690 4030 3290 4710
2700 4030 3290 4710
2710 4030 3280 4700
2710 4030 3290 4700
2700 4030 3290 4700
2690 4040 3290 4700
2700 4040 3290 4700
2680 4040 3290 4700
2700 4040 3290 4700
2720 4030 3280 4700
2710 4040 3290 4700
2990 4050 3290 4700
3220 4060 3290 4700
3130 4050 3300 4700
3270 4060 3300 4690
3320 4060 3300 4700
3000 4060 3300 4700
2910 4060 3290 4700
2870 4060 3290 4700
2840 4060 3300 4700
2800 4040 3300 4700
2780 4040 3300 4700
2770 4050 3290 4710
2820 4060 3300 4710
3190 4030 3300 4700
2910 4030 3300 4690
2860 4040 3300 4690
3030 4050 3300 4690
3120 4050 3300 4700
2950 4050 3300 4700
2900 4040 3300 4690
2870 4030 3300 4690
2850 4050 3300 4690
2720 4050 3300 4690
2900 4050 3290 4690
3070 4050 3290 4690
2990 4030 3290 4690
2910 4050 3290 4690
2800 4060 3290 4690
2780 4050 3290 4690
2870 4060 3290 4710
2960 4050 3290 4710
3000 4050 3290 4710
3030 4050 3290 4710
3060 4040 3290 4710
3060 4030 3300 4710
3060 4030 3300 4700
3070 4030 3300 4700
3090 4040 3290 4710
2960 4040 3280 4700
2900 4030 3280 4700
2840 4030 3280 4700
2810 4040 3280 4700
2770 4040 3270 4700
2740 4040 3270 4710
2700 4050 3270 4700
2690 4040 3280 4700
2480 4050 3510 4690
2470 4040 3640 4690
2470 4040 3710 4690
2480 4040 3770 4690
2500 4040 3870 4690
2500 4050 3830 4690
2500 4060 3830 4690
2490 4060 3770 4690
2490 4050 3930 4690
2480 4050 3940 4690
2490 4060 4080 4690
2490 4070 4030 4690
2490 4070 4000 4690
2480 4050 3960 4690
2460 4040 3810 4690
2450 4050 3830 4690
2450 4050 3930 4690
2460 4040 3990 4690
2450 4050 3900 4690
2470 4050 4010 4690
2480 4060 4050 4690
2470 4040 4090 4690
2480 4050 4050 4700
2460 4040 3890 4700
2460 4030 3870 4700
2470 4040 3870 4700
2480 4050 3860 4690
2480 4060 3830 4690
2470 4060 3820 4690
2480 4040 3810 4690
2500 4040 3820 4700
2500 4030 3840 4700
2510 4030 3860 4700
2520 4030 3910 4700
2520 4030 3960 4690
2510 4040 4010 4690
2510 4040 4060 4700
2510 4040 3850 4700
2500 4040 3940 4700
2480 4050 3960 4700
2470 4040 3990 4700
2460 4040 3980 4700
2460 4030 3960 4700
2450 4050 3930 4700
2440 4040 3890 4710
2440 4040 3860 4710
2450 4030 3850 4710
2470 4030 3820 4710
2470 4040 3790 4710
2480 4040 3780 4710
2470 4040 3800 4700
2480 4030 3900 4700
2490 4040 3960 4700
2480 4040 3990 4700
2470 4040 3990 4700
2460 4050 3860 4710
2460 4050 3790 4710
2490 4040 4000 4710
2500 4050 4040 4700
2500 4050 4040 4700
2490 4060 4060 4700
2490 4050 4080 4700
2500 4050 4130 4710
2520 4040 4170 4710
2500 4040 4170 4710
2510 4030 4090 4700
2510 4040 4050 4700
2490 4030 3990 4700
2470 4030 3950 4700
2450 4030 3950 4700
2480 4030 3900 4700
2500 4040 3820 4700
2510 4050 3770 4690
2490 4060 3780 4690
2490 4060 3780 4700
2500 4060 3760 4700
2490 4060 3800 4700
2490 4060 3800 4700
2500 4050 3790 4700
2510 4050 3760 4700
2480 4040 3830 4700
2480 4040 3850 4700
2500 4040 3850 4700
2510 4050 3810 4700
2510 4050 3800 4710
2510 4040 3800 4710
2510 4030 3800 4710
2510 4030 3810 4700
2500 4050 3880 4700
2480 4060 3910 4700
2490 4060 3910 4700
