2920 4640 2840 4300
2920 4640 2840 4300
2920 4620 2840 4270
2920 4610 2840 4290
2920 4850 2850 4300
2900 4760 2850 4270
2890 4910 2850 4290
2910 5060 2850 4270
2910 4920 2840 4270
2910 4830 2840 4270
2910 4750 2840 4260
2900 4720 2840 4260
2910 4700 2850 4250
2900 4700 2840 4260
2900 4710 2840 4270
2910 4740 2840 4300
2910 4740 2840 4300
2910 4740 2840 4310
2900 4760 2840 4310
2900 4730 2840 4300
2900 4670 2840 4310
2890 4690 2840 4300
2890 4760 2840 4290
2890 4760 2840 4300
2900 4760 2840 4290
2900 4760 2850 4300
2900 4760 2840 4310
2890 4750 2850 4310
2890 4750 2840 4300
2900 4740 2850 4300
2900 4730 2850 4300
2900 4690 2850 4300
2890 4640 2850 4310
2880 4610 2850 4310
2880 4610 2850 4310
2890 4640 2860 4300
2890 4700 2850 4270
2890 4700 2850 4290
2900 4720 2850 4300
2900 4700 2850 4300
2900 4690 2850 4300
2890 4670 2850 4300
2880 4640 2850 4300
2880 4610 2850 4290
2880 4570 2850 4290
2880 4540 2850 4290
2880 4490 2850 4300
2880 4490 2850 4310
2880 4500 2840 4290
2890 4530 2840 4290
2880 4600 2840 4290
2880 4660 2840 4290
2880 4710 2850 4290
2880 4730 2850 4290
2880 4750 2840 4290
2900 4780 2840 4290
2910 4800 2850 4300
2910 4830 2850 4300
2910 4850 2840 4290
2910 4880 2840 4290
2910 4930 2840 4300
2900 4980 2840 4300
2900 5040 2840 4290
2910 5110 2840 4300
2920 5240 2840 4310
2920 5290 2840 4300
2910 5370 2850 4290
2900 5160 2850 4300
2910 5020 2840 4310
2900 4910 2840 4300
2890 5000 2850 4300
2910 5030 2850 4300
2900 5050 2850 4300
2900 5070 2850 4290
2900 5160 2850 4300
2900 5180 2840 4290
2900 5190 2830 4300
2890 5080 2840 4290
2900 5050 2840 4290
2900 5100 2840 4300
2910 5170 2850 4310
2900 5170 2840 4320
2890 5050 2840 4320
2890 4930 2840 4320
2890 4840 2840 4320
2890 4790 2840 4310
2880 4860 2840 4270
2880 4800 2840 4290
2880 4740 2850 4290
2900 4850 2850 4300
2900 4760 2840 4300
2880 4730 2850 4290
2880 4940 2850 4270
2880 5070 2850 4270
2880 4920 2850 4270
2880 4790 2850 4290
2910 4310 3130 4300
2900 4310 3120 4290
2900 4310 3090 4290
2900 4310 3090 4290
2910 4310 3130 4270
2900 4310 3190 4270
2890 4310 3220 4270
2890 4310 3220 4260
2880 4310 3490 4290
2880 4310 3380 4300
2880 4310 3250 4270
2890 4310 3220 4290
2890 4310 3190 4290
2880 4310 3270 4290
2900 4320 3260 4290
2900 4320 3250 4290
2910 4320 3390 4270
2890 4320 3380 4270
2910 4320 3330 4290
2900 4320 3300 4300
2890 4320 3280 4290
2900 4320 3280 4290
2900 4330 3290 4270
2890 4330 3320 4290
2890 4330 3310 4290
2900 4330 3190 4300
2900 4330 3150 4300
2900 4330 3110 4290
2900 4330 3240 4270
2900 4330 3270 4270
2900 4330 3290 4270
2900 4330 3320 4290
2900 4330 3340 4300
2900 4330 3340 4310
2900 4330 3370 4310
2900 4320 3380 4310
2880 4320 3370 4300
2890 4320 3360 4300
2880 4320 3420 4300
2880 4320 3440 4300
2870 4320 3470 4310
2890 4310 3470 4300
2890 4310 3490 4310
2900 4310 3490 4300
2910 4310 3480 4290
2910 4310 3470 4270
2910 4310 3460 4290
2910 4310 3460 4270
2910 4310 3460 4270
2910 4310 3470 4270
2910 4310 3470 4290
2900 4310 3400 4290
2910 4310 3430 4290
2890 4320 3440 4290
2900 4320 3450 4290
2890 4320 3440 4300
2880 4320 3440 4300
2900 4320 3460 4310
2890 4320 3480 4300
2880 4320 3490 4300
2880 4320 3490 4310
2880 4320 3530 4310
2880 4320 3540 4290
2880 4320 3540 4300
2890 4320 3510 4300
2890 4320 3480 4290
2890 4320 3460 4290
2880 4320 3450 4290
2880 4320 3460 4300
2880 4320 3460 4290
2890 4320 3460 4290
2880 4320 3460 4310
2890 4320 3450 4310
2880 4320 3460 4310
2880 4330 3490 4310
2900 4330 3510 4310
2900 4330 3510 4300
2910 4330 3490 4310
2910 4320 3480 4300
2910 4320 3470 4300
2910 4320 3450 4300
2900 4320 3380 4290
2890 4320 3310 4300
2890 4320 3230 4270
2880 4320 3190 4290
2890 4310 3150 4300
2880 4310 3140 4310
2880 4310 3120 4300
