3470 4630 2360 4070
4190 4640 2370 4070
4010 4630 2360 4070
4040 4620 2370 4070
4290 4630 2380 4070
4050 4630 2370 4060
3900 4630 2370 4070
3780 4630 2370 4070
3940 4630 2370 4070
3890 4630 2350 4070
3670 4650 2370 4070
3610 4650 2370 4070
3590 4650 2360 4070
3550 4640 2350 4070
3700 4640 2360 4060
3600 4640 2380 4080
3570 4640 2370 4080
3570 4640 2360 4080
3570 4640 2360 4070
3570 4640 2350 4070
3610 4640 2360 4070
3720 4640 2360 4070
3830 4640 2350 4070
3810 4640 2350 4070
3780 4640 2350 4070
3680 4640 2360 4060
3640 4630 2360 4060
3620 4630 2370 4070
3560 4640 2370 4080
3520 4640 2370 4080
3480 4640 2370 4070
3460 4650 2360 4070
3440 4650 2370 4080
3430 4640 2360 4080
3450 4640 2370 4080
3450 4640 2380 4080
3460 4640 2370 4080
3480 4640 2360 4080
3440 4650 2360 4080
3410 4640 2360 4080
3400 4650 2350 4080
3420 4650 2360 4080
3410 4640 2360 4080
3410 4640 2360 4080
3400 4640 2360 4080
3410 4630 2370 4080
3410 4630 2360 4080
3420 4640 2350 4080
3400 4640 2350 4080
3560 4630 2360 4080
3810 4640 2360 4070
3720 4630 2370 4070
3610 4650 2370 4070
3530 4630 2360 4070
3540 4640 2350 4070
3770 4640 2360 4070
3920 4640 2360 4070
3770 4640 2370 4080
3650 4640 2360 4080
3490 4660 2370 4080
3470 4670 2370 4080
3480 4660 2360 4080
3490 4660 2360 4080
3480 4650 2360 4080
3470 4650 2360 4080
3450 4650 2380 4080
3450 4650 2380 4080
3440 4640 2380 4080
3450 4640 2380 4080
3450 4640 2370 4080
3440 4640 2380 4080
3440 4640 2380 4080
3440 4640 2380 4070
3430 4650 2380 4080
3730 4640 2380 4080
3570 4640 2380 4080
3530 4630 2380 4070
3510 4640 2370 4070
3500 4640 2370 4070
3500 4630 2380 4070
3320 4650 2390 4220
3320 4650 2390 4250
3320 4640 2380 4270
3320 4640 2390 4290
3320 4660 2390 4230
3330 4650 2380 4210
3330 4640 2380 4210
3320 4650 2380 4220
3330 4650 2390 4320
3340 4650 2370 4330
3340 4640 2370 4340
3320 4640 2370 4380
3320 4630 2380 4420
3310 4660 2380 4420
3320 4650 2360 4440
3320 4650 2360 4440
3320 4650 2360 4440
3330 4650 2370 4450
3330 4650 2360 4450
3330 4650 2360 4430
3330 4650 2360 4420
3330 4650 2370 4420
3320 4650 2380 4410
3310 4650 2390 4420
3320 4650 2370 4420
3320 4650 2370 4420
3320 4640 2370 4420
3320 4640 2370 4410
3320 4640 2370 4410
3320 4650 2380 4410
3320 4650 2380 4400
3320 4650 2380 4400
3320 4650 2370 4400
3320 4660 2380 4400
3330 4660 2380 4390
3330 4650 2380 4370
3320 4650 2370 4370
3320 4660 2360 4370
3320 4650 2370 4370
3320 4650 2370 4370
3330 4640 2360 4380
3330 4640 2360 4380
3320 4640 2360 4390
3330 4640 2370 4370
3330 4640 2360 4360
3330 4640 2350 4350
3330 4650 2360 4330
3320 4640 2360 4390
3330 4650 2350 4410
3330 4660 2350 4400
3330 4650 2370 4400
3330 4650 2360 4410
3330 4650 2360 4410
3330 4650 2360 4430
3330 4650 2370 4430
3330 4650 2380 4450
3330 4650 2370 4450
3330 4650 2380 4430
3330 4650 2380 4410
3330 4640 2380 4370
3330 4650 2370 4360
3320 4650 2380 4360
3310 4650 2370 4370
3310 4660 2360 4370
3310 4660 2360 4380
3310 4660 2360 4380
3310 4660 2360 4390
3310 4670 2360 4390
3310 4660 2360 4400
3310 4660 2360 4410
3310 4660 2370 4420
3310 4670 2380 4420
3310 4670 2380 4430
3320 4670 2380 4430
3320 4670 2380 4430
3320 4660 2380 4430
3320 4650 2380 4420
3320 4650 2380 4400
3320 4650 2370 4400
3310 4660 2380 4400
3300 4660 2370 4430
