3820 5400 1980 3790
3810 5420 1980 3790
3820 5430 1990 3790
3820 5410 2000 3790
3810 5420 2000 3790
3820 5420 2010 3790
3810 5450 2010 3780
3810 5440 1990 3780
3810 5410 2000 3770
3810 5410 1990 3770
3800 5400 2000 3780
3800 5430 2000 3780
3800 5470 1990 3790
3800 5430 2010 3800
3800 5480 2010 3800
3790 5480 2010 3800
3800 5420 2000 3790
3800 5440 2000 3790
3800 5480 2000 3790
3800 5420 2010 3800
3790 5470 2000 3800
3800 5450 1980 3800
3800 5470 1990 3800
3820 5420 1980 3790
3800 5420 1990 3790
3790 5460 1980 3790
3790 5420 1980 3800
3790 5410 1990 3800
3800 5470 1990 3790
3810 5410 1980 3790
3810 5420 1990 3790
3810 5410 1990 3780
3810 5410 1990 3790
3820 5440 1990 3790
3810 5480 1990 3790
3800 5420 1990 3790
3800 5480 1980 3790
3800 5470 1980 3790
3800 5450 1990 3790
3810 5410 2000 3780
3820 5410 2000 3780
3820 5410 2000 3780
3810 5400 1990 3780
3810 5420 1990 3780
3810 5430 1990 3770
3800 5420 1990 3790
3810 5470 1990 3790
3810 5470 1980 3790
3810 5430 1980 3790
3820 5410 1990 3790
3810 5400 2000 3790
3810 5400 1990 3790
3810 5410 2000 3800
3810 5410 1990 3800
3820 5430 2000 3780
3810 5430 2000 3780
3810 5400 2000 3780
3810 5430 1990 3780
3800 5470 1990 3780
3800 5480 2000 3780
3790 5460 2000 3780
3800 5430 1980 3780
3800 5410 1980 3790
3820 5420 1980 3790
3810 5460 1980 3790
3800 5450 2010 3790
3810 5460 2010 3790
3830 5430 2000 3790
3830 5470 1990 3800
3830 4970 1990 4260
3820 4960 1990 4320
3810 4970 1990 4270
3820 4960 1990 4290
3800 4950 1990 4310
3810 4950 1990 4310
3810 4960 2000 4260
3810 4970 2010 4270
3810 4970 2000 4270
3810 4960 2010 4270
3820 4970 2000 4260
3830 4960 2000 4250
3830 4950 2010 4280
3820 4940 2010 4280
3820 4940 1990 4250
3820 4950 2000 4250
3820 4940 2000 4270
3820 4950 1990 4290
3830 4950 1990 4250
3840 4940 1990 4290
3830 4940 1980 4320
3830 4940 1980 4280
3820 4940 1980 4280
3810 4940 1990 4260
3810 4940 1990 4280
3820 4940 2000 4310
3820 4940 2000 4310
3820 4950 2000 4290
3810 4960 2010 4320
3810 4950 2010 4330
3820 4950 2000 4320
3820 4940 1990 4290
3820 4940 2000 4250
3820 4950 2000 4250
3820 4940 1990 4250
3820 4940 1990 4250
3830 4940 1990 4270
3840 4940 1990 4290
3840 4950 1990 4270
3850 4940 2000 4280
3850 4940 2000 4260
3850 4950 2000 4260
3850 4950 2010 4260
3840 4950 2000 4280
3830 4950 2000 4300
3820 4940 2000 4290
3820 4940 2010 4270
3810 4940 1990 4280
3820 4930 2000 4260
3820 4930 1990 4300
3830 4950 2000 4260
3840 4940 2000 4300
3840 4940 2000 4270
3830 4940 1990 4310
3830 4950 1990 4310
3830 4950 1990 4250
3830 4950 1990 4250
3820 4950 1990 4310
3810 4950 2000 4300
3820 4950 2000 4300
3810 4950 2000 4240
3810 4970 2010 4250
3810 4950 2000 4300
3810 4950 1980 4260
3810 4960 1990 4250
3810 4950 2000 4290
3810 4950 2000 4280
3810 4950 1990 4260
3810 4950 1990 4270
3810 4950 1990 4310
3820 4940 1990 4250
3820 4940 1980 4290
3820 4940 1980 4300
3800 4940 2000 4320
3800 4940 2010 4260
3810 4940 2000 4290
3800 4940 2000 4250
3800 4960 2010 4260
3810 4960 2000 4280
3810 4960 1990 4320
3800 4950 1990 4280
