4290 5370 2020 3620
4270 5380 2050 3620
4270 5380 2090 3610
4270 5380 2070 3620
4270 5370 2060 3620
4260 5370 2140 3620
4260 5370 2210 3610
4260 5370 2270 3620
4260 5370 2320 3620
4290 5370 2220 3630
4290 5370 2180 3620
4300 5370 2150 3630
4290 5370 2160 3630
4290 5370 2180 3640
4290 5370 2180 3640
4290 5370 2180 3630
4290 5370 2210 3630
4270 5370 2220 3630
4270 5370 2230 3650
4270 5370 2220 3650
4270 5370 2180 3620
4270 5370 2190 3610
4270 5370 2210 3610
4270 5360 2170 3610
4270 5360 2150 3620
4270 5360 2180 3630
4260 5370 2170 3630
4270 5370 2160 3630
4270 5380 2140 3630
4270 5380 2120 3630
4290 5370 2110 3620
4290 5370 2110 3620
4290 5370 2140 3620
4290 5370 2160 3620
4290 5370 2190 3620
4290 5370 2190 3610
4290 5370 2200 3610
4270 5370 2200 3620
4270 5370 2190 3610
4260 5370 2180 3630
4270 5370 2170 3630
4270 5370 2170 3610
4270 5380 2170 3610
4290 5380 2160 3610
4300 5380 2170 3610
4270 5380 2160 3610
4270 5370 2160 3610
4270 5370 2170 3610
4270 5370 2180 3620
4270 5370 2190 3610
4270 5370 2190 3610
4270 5370 2190 3620
4270 5360 2190 3620
4270 5350 2180 3620
4270 5360 2180 3630
4270 5360 2180 3630
4270 5360 2170 3630
4270 5360 2170 3620
4290 5360 2170 3610
4300 5360 2170 3620
4300 5350 2160 3620
4300 5370 2160 3620
4310 5370 2170 3620
4300 5360 2170 3620
4300 5360 2170 3620
4300 5360 2180 3620
4300 5360 2180 3610
4290 5360 2180 3620
4270 5360 2180 3620
4290 5370 2180 3610
4290 5370 2180 3610
4290 5370 2170 3620
4290 5370 2160 3620
4290 5370 2160 3620
4290 5370 2160 3630
4290 5370 2150 3640
4290 5370 2150 3640
4270 5360 2150 3640
4300 5360 2150 3630
4270 5360 1660 3650
4270 5360 1660 3700
4270 5360 1660 3730
4290 5360 1650 3770
4300 5370 1660 3760
4270 5370 1660 3820
4270 5370 1650 3870
4290 5370 1660 3930
4290 5380 1660 3980
4290 5380 1660 3940
4290 5370 1650 3840
4290 5370 1650 3830
4270 5380 1650 3730
4260 5380 1660 3790
4260 5370 1660 3990
4260 5370 1660 4100
4260 5370 1650 4170
4270 5360 1650 4160
4270 5350 1650 4120
4270 5350 1650 4100
4270 5360 1660 4080
4300 5380 1670 4070
4300 5380 1670 4100
4290 5370 1670 4100
4290 5370 1660 4160
4290 5370 1660 4130
4260 5360 1660 4100
4260 5360 1660 4200
4270 5350 1650 4250
4270 5350 1650 4130
4290 5360 1650 4250
4290 5360 1650 4130
4290 5360 1650 4130
4300 5370 1640 4230
4300 5360 1640 4290
4290 5360 1640 4330
4290 5360 1650 4350
4290 5360 1650 4400
4300 5360 1650 4380
4300 5370 1650 4140
4290 5370 1650 4210
4300 5370 1650 4210
4290 5370 1650 4110
4290 5380 1650 4020
4270 5370 1660 3770
4260 5370 1660 3920
4260 5370 1660 4100
4260 5370 1650 4170
4260 5370 1650 4270
4270 5370 1650 4350
4270 5360 1660 4420
4290 5370 1660 4470
4290 5370 1660 4540
4260 5370 1660 4550
4270 5380 1660 4510
4260 5380 1660 4500
4260 5380 1650 4510
4260 5370 1650 4330
4260 5370 1650 4250
4270 5360 1660 4310
4260 5370 1650 4330
4270 5370 1640 4310
4270 5370 1650 4360
4270 5370 1650 4300
4290 5370 1650 4180
4290 5370 1660 4170
4290 5370 1660 4220
4270 5370 1660 4310
