4740 5860 1450 3510
4730 5880 1450 3510
4740 5980 1460 3510
4730 6010 1460 3520
4730 6100 1440 3530
4730 6100 1430 3530
4720 6040 1430 3530
4710 5970 1440 3530
4720 5950 1440 3520
4710 6080 1430 3520
4700 6170 1430 3510
4710 6130 1430 3520
4710 6220 1420 3520
4720 6190 1440 3510
4730 6090 1440 3510
4720 6230 1420 3520
4720 6430 1420 3520
4700 6470 1420 3520
4710 6470 1440 3530
4710 6510 1460 3530
4720 6290 1450 3520
4710 6430 1450 3520
4710 6470 1440 3520
4720 6510 1440 3520
4720 6520 1450 3520
4730 6520 1450 3530
4730 6520 1430 3530
4730 6520 1430 3530
4740 6530 1440 3530
4730 6540 1440 3530
4730 6550 1450 3520
4710 6550 1440 3530
4710 6550 1430 3530
4720 6540 1430 3530
4710 6540 1430 3530
4700 6540 1430 3530
4720 6540 1440 3520
4710 6540 1450 3520
4710 6510 1430 3520
4710 6510 1440 3510
4710 6510 1450 3520
4710 6490 1450 3520
4720 6490 1430 3520
4720 6480 1460 3510
4730 6500 1470 3510
4730 6520 1470 3510
4740 6540 1470 3500
4740 6530 1470 3510
4730 6520 1460 3520
4740 6510 1460 3530
4730 6480 1440 3520
4730 6490 1440 3520
4720 6510 1460 3520
4720 6530 1470 3530
4720 6500 1460 3530
4730 6470 1450 3530
4720 6470 1440 3530
4720 6490 1440 3520
4720 6520 1430 3510
4710 6530 1430 3510
4720 6520 1440 3500
4710 6530 1450 3500
4710 6340 1470 3520
4720 6270 1460 3520
4700 6270 1450 3520
4700 6260 1450 3520
4720 6280 1440 3530
4720 6310 1440 3520
4730 6310 1440 3520
4730 6510 1440 3520
4710 6130 1440 3530
4700 5980 1450 3530
4720 6230 1450 3520
4710 6320 1440 3520
4710 6330 1440 3520
4720 6320 1430 3510
4710 6320 1440 3510
4720 6320 1450 3510
4710 6320 1460 3500
4710 6310 1440 3510
4710 6300 1440 3510
4720 6260 1460 3510
4730 6340 1420 3520
4710 5780 1450 3650
4730 5780 1470 3710
4730 5780 1470 3750
4730 5780 1450 3750
4730 5780 1450 3730
4730 5780 1450 3730
4720 5780 1460 3720
4720 5780 1470 3750
4720 5770 1470 3780
4730 5780 1450 3830
4730 5780 1430 3860
4730 5780 1430 3810
4730 5790 1420 3810
4720 5780 1450 3860
4710 5770 1430 3880
4720 5770 1420 3840
4720 5770 1420 3840
4710 5770 1420 3840
4720 5770 1440 3830
4710 5780 1450 3820
4720 5780 1460 3810
4720 5780 1460 3820
4720 5790 1450 3860
4720 5790 1450 3880
4720 5790 1440 3880
4720 5790 1450 3910
4720 5790 1440 3950
4720 5780 1430 4110
4720 5780 1440 4330
4710 5780 1460 4200
4730 5780 1450 4000
4740 5780 1440 3940
4730 5790 1450 3960
4730 5790 1430 3980
4730 5780 1420 3990
4730 5790 1420 4000
4740 5780 1420 3980
4740 5780 1420 3940
4750 5780 1440 3910
4750 5780 1430 3910
4740 5780 1430 3900
4740 5780 1430 3880
4730 5780 1440 3850
4740 5780 1460 3770
4730 5780 1450 3760
4730 5780 1440 4240
4720 5780 1430 4340
4730 5790 1440 4410
4730 5790 1420 4440
4730 5780 1420 4460
4740 5780 1450 4490
4730 5780 1450 4470
4730 5770 1450 4270
4710 5770 1450 4290
4710 5770 1450 4260
4710 5780 1460 4220
4720 5780 1470 4140
4710 5790 1460 4110
4710 5790 1450 4110
4720 5790 1440 4120
4720 5780 1450 4110
4720 5780 1440 4110
4720 5780 1460 4120
4720 5780 1450 4140
4730 5780 1460 4120
4730 5780 1450 4110
4720 5780 1460 4130
4720 5770 1450 4180
4710 5770 1440 4150
4700 5770 1450 4130
4710 5770 1440 4130
4700 5780 1450 4100
4710 5780 1450 4070
4710 5780 1440 4080
4710 5780 1450 4060
4710 5780 1450 4050
4710 5770 1450 4050
4730 5770 1450 4030
4730 5770 1440 4000
