2030 3570 4820 5620
2010 3560 4800 5620
2070 3560 4810 5620
2040 3570 4810 5620
2070 3570 4820 5630
2040 3570 4820 5630
2040 3570 4820 5620
2070 3570 4820 5620
2040 3580 4810 5620
2050 3580 4810 5610
2020 3580 4810 5610
2050 3570 4810 5620
2050 3570 4820 5630
2000 3570 4830 5620
2010 3570 4830 5620
2010 3570 4820 5620
2080 3570 4820 5610
2020 3570 4820 5620
2070 3570 4810 5620
2040 3560 4800 5620
2020 3560 4800 5630
2010 3580 4820 5620
2040 3580 4810 5620
2040 3580 4810 5620
1980 3570 4810 5630
2020 3570 4810 5630
1980 3570 4810 5630
2040 3580 4810 5620
2020 3580 4800 5630
2010 3580 4800 5630
2010 3570 4790 5620
2020 3580 4800 5620
2070 3570 4810 5620
2060 3570 4800 5630
2020 3570 4810 5620
2060 3580 4810 5630
2020 3570 4810 5620
2010 3570 4810 5620
2020 3580 4810 5630
2010 3580 4820 5620
2030 3580 4810 5620
2000 3580 4810 5630
2020 3580 4810 5630
2050 3580 4800 5640
2040 3570 4800 5620
1990 3570 4800 5610
2010 3570 4810 5600
2050 3570 4810 5610
2020 3570 4810 5610
2020 3570 4810 5610
2030 3570 4810 5610
2050 3580 4810 5620
2080 3570 4810 5620
2080 3570 4800 5620
2080 3580 4790 5620
2040 3580 4790 5620
2080 3570 4790 5610
2040 3570 4800 5610
2010 3570 4800 5610
2000 3570 4800 5620
2000 3570 4800 5610
2030 3570 4810 5610
2060 3570 4810 5620
2010 3570 4810 5620
2040 3570 4810 5620
2010 3580 4800 5620
2020 3580 4810 5620
2020 3580 4810 5620
2060 3570 4820 5610
2000 3560 4820 5610
2000 3560 4820 5610
2020 3560 4820 5610
2020 3560 4810 5610
2010 3560 4810 5620
2070 3560 4820 5620
2010 3570 4810 5620
2000 3560 4810 5620
2000 3570 4810 5630
2070 3570 4810 5630
2070 3570 4810 5630
2010 3570 4800 5620
2030 3560 4800 5620
2030 3560 4810 5610
1990 3560 4800 5620
1990 3560 4790 5620
2060 3560 4800 5620
2000 3570 4800 5620
2000 3570 4790 5610
2000 3570 4790 5610
1990 3570 4800 5620
2000 3570 4810 5620
2030 3560 4810 5620
1990 3560 4810 5630
2050 3570 4800 5620
2050 3570 4790 5620
2010 3570 4800 5620
2010 3570 4810 5620
2010 3570 4810 5620
2010 3570 4820 5620
2000 3560 4830 5620
2050 3560 4830 5620
2060 3560 4810 5610
2000 3570 4800 5610
2020 3580 4800 5620
2040 3580 4790 5610
2060 3570 4800 5620
2060 3560 4800 5620
2050 3550 4810 5620
2060 3550 4820 5620
1540 4030 4810 5620
1550 4030 4820 5620
1550 4030 4810 5630
1550 4090 4800 5630
1540 4030 4810 5630
1540 4050 4810 5630
1530 4090 4820 5620
1530 4050 4830 5620
1540 4090 4830 5620
1540 4030 4830 5620
1550 4030 4830 5620
1550 4070 4830 5620
1550 4100 4820 5620
1530 4060 4810 5620
1530 4090 4820 5610
1520 4040 4830 5620
1510 4050 4830 5630
1520 4030 4830 5640
1520 4030 4830 5640
1530 4090 4820 5630
1540 4060 4830 5620
1550 4060 4830 5620
1540 4050 4820 5620
1540 4030 4820 5620
1550 4060 4820 5620
1550 4050 4830 5620
1550 4100 4830 5620
1540 4040 4830 5620
1550 4050 4830 5620
1550 4030 4830 5620
1560 4090 4830 5620
1560 4090 4830 5620
1560 4070 4830 5610
1550 4030 4830 5610
1550 4070 4840 5600
1550 4090 4830 5600
1540 4050 4820 5600
1540 4050 4810 5600
1540 4030 4810 5600
1550 4090 4810 5620
1550 4030 4810 5620
1540 4030 4810 5620
1540 4030 4830 5620
1540 4070 4830 5620
1540 4030 4830 5620
1540 4050 4830 5620
1540 4050 4820 5630
1540 4050 4820 5620
1530 4030 4820 5630
1530 4030 4830 5630
1520 4070 4830 5620
1520 4090 4830 5620
1540 4060 4840 5630
1540 4100 4840 5620
1540 4040 4840 5620
1530 4040 4840 5620
1530 4040 4840 5630
1530 4040 4840 5620
1520 4070 4840 5620
1530 4100 4840 5630
1530 4040 4840 5620
1530 4080 4840 5610
1550 4040 4840 5630
1540 4080 4840 5630
1540 4040 4830 5620
1530 4040 4820 5620
1520 4040 4810 5620
1520 4040 4810 5610
1540 4070 4820 5610
1540 4060 4830 5610
1540 4100 4820 5610
1520 4040 4830 5610
1520 4040 4830 5620
1530 4080 4820 5610
1540 4100 4810 5610
1540 4070 4810 5620
1540 4090 4820 5620
1550 4050 4810 5620
1540 4090 4820 5630
1530 4070 4830 5620
1520 4030 4820 5620
1530 4040 4820 5620
1530 4040 4810 5620
1530 4050 4820 5620
1530 4050 4830 5620
1530 4050 4830 5610
1530 4050 4830 5610
1520 4030 4830 5610
1530 4070 4820 5610
1530 4050 4830 5610
1520 4090 4830 5620
1540 4070 4830 5620
1540 4050 4830 5620
1550 4040 4820 5620
1550 4040 4820 5620
1540 4080 4830 5620
1550 4040 4830 5620
1550 4020 4830 5620
1550 4040 4830 5610
1550 4070 4840 5620
1550 4080 4830 5620
1550 4080 4840 5620
1540 4020 4830 5630
1550 4020 4830 5620
1550 4020 4830 5600
1550 4030 4820 5610
