4990 5520 1940 3050
5020 5520 1940 3060
5060 5510 1940 3050
5070 5510 1940 3050
5100 5500 1940 3070
5090 5500 1930 3050
5100 5500 1940 3050
5080 5510 1950 3030
5080 5510 1940 3050
5210 5510 1920 3030
5230 5510 1930 3030
5240 5510 1920 3030
5240 5500 1920 3020
5340 5510 1920 3050
5370 5500 1930 3050
5320 5500 1960 3050
5330 5500 1940 3050
5330 5500 1940 3060
5290 5500 1940 3050
5280 5500 1940 3030
5340 5520 1920 3050
5340 5500 1920 3020
5340 5500 1930 3020
5310 5500 1930 3030
5270 5500 1920 3030
5290 5500 1920 3050
5270 5490 1930 3050
5240 5490 1940 3050
5280 5500 1940 3030
5300 5500 1940 3050
5300 5510 1940 3060
5310 5510 1950 3050
5310 5510 1950 3030
5320 5510 1960 3050
5350 5500 1950 3060
5360 5500 1950 3050
5390 5490 1940 3030
5410 5500 1940 3060
5390 5500 1940 3060
5370 5490 1940 3050
5400 5490 1940 3030
5420 5490 1950 3050
5430 5480 1950 3060
5310 5490 1940 3060
5230 5490 1930 3050
5480 5490 1920 3030
5360 5500 1930 3050
5560 5510 1930 3060
5710 5510 1930 3060
5600 5510 1930 3060
5520 5510 1930 3060
5330 5510 1930 3030
5280 5510 1920 3050
5280 5510 1930 3050
5280 5510 1940 3060
5280 5510 1930 3050
5280 5510 1930 3050
5270 5510 1940 3060
5260 5510 1940 3050
5260 5510 1940 3050
5250 5510 1940 3050
5250 5510 1940 3030
5250 5510 1930 3030
5250 5510 1930 3030
5250 5500 1930 3030
5250 5510 1920 3020
5860 5510 1940 3050
5510 5520 1940 3060
5520 5520 1940 3050
5290 5510 1950 3060
5100 5510 1950 3050
5100 5520 1950 3050
5110 5510 1950 3030
5070 5500 1950 3060
5130 5490 1940 3060
5110 5490 1940 3050
5130 5510 1930 3050
5120 5500 1930 3050
5470 5500 1950 3050
5340 5500 1940 3060
5250 5500 1940 3060
5150 5510 1940 3060
5170 5500 1940 3050
5180 5500 1940 3030
5180 5500 1940 3030
5180 5500 1940 3030
5180 5500 1940 3030
5200 5510 1950 3050
5270 5500 1940 3030
5260 5500 1940 3050
5200 5500 1940 3030
5280 5500 1940 3060
4930 5920 1950 3050
4930 6000 1940 3030
4940 5920 1940 3020
4940 5830 1940 3030
4940 6020 1940 3020
4940 6110 1950 3030
4940 6200 1940 3030
4940 6270 1950 3020
4940 6290 1940 3020
4940 6290 1940 3030
4940 6330 1930 3020
4930 6340 1950 3020
4930 6370 1960 3020
4920 6380 1960 3010
4920 6410 1950 3010
4920 6410 1950 3020
4930 6380 1950 3030
4930 6360 1940 3030
4930 6340 1950 3050
4940 6320 1950 3050
4940 6310 1940 3030
4940 6310 1940 3030
4930 6280 1940 3050
4930 6260 1950 3060
4930 6240 1940 3070
4930 6240 1940 3060
4940 6300 1930 3050
4930 6360 1940 3030
4930 6010 1950 3060
4930 5930 1950 3050
4930 5990 1950 3050
4930 6130 1940 3030
4920 6190 1940 3020
4930 6240 1940 3020
4940 6250 1940 3030
4940 6090 1940 3030
4940 5950 1940 3050
4930 5830 1940 3050
4920 5800 1930 3050
4940 6110 1940 3050
4940 6060 1940 3030
4940 6180 1930 3030
4940 6220 1940 3050
4940 6280 1930 3050
4940 6110 1930 3050
4930 6130 1920 3030
4920 6160 1930 3030
4930 6160 1930 3030
4940 6070 1930 3060
4940 6040 1930 3060
4930 6120 1940 3060
4920 5950 1930 3060
4920 5830 1930 3060
4920 5740 1940 3060
4920 5630 1940 3030
4920 5590 1940 3030
4920 5560 1940 3030
4930 5550 1950 3030
4930 5690 1950 3020
4930 5870 1950 3020
4920 5930 1950 3010
4920 6070 1950 3010
4920 6200 1940 3010
4920 6040 1940 3020
4920 6120 1940 3050
4920 6120 1950 3060
4920 6160 1940 3050
4920 6200 1930 3030
4920 6000 1940 3030
4920 5880 1940 3050
4920 5700 1930 3030
4930 5910 1920 3030
4930 6040 1930 3050
4930 6090 1940 3050
4930 6110 1940 3030
4930 6120 1950 3030
4930 6160 1930 3050
4930 6220 1920 3060
4930 6230 1920 3070
