4440 5510 2130 3190
4440 5500 2130 3190
4440 5430 2130 3200
4450 5490 2130 3180
4440 5500 2130 3180
4450 5440 2110 3190
4450 5460 2120 3190
4460 5460 2120 3200
4460 5500 2110 3190
4460 5460 2110 3190
4480 5430 2110 3190
4460 5470 2110 3180
4440 5500 2110 3180
4440 5460 2110 3180
4450 5500 2110 3180
4450 5450 2120 3180
4450 5490 2130 3190
4460 5460 2120 3180
4460 5500 2120 3200
4470 5470 2120 3180
4470 5490 2120 3190
4490 5460 2120 3200
4510 5490 2110 3190
4500 5490 2110 3190
4500 5430 2110 3200
4480 5470 2110 3190
4490 5460 2110 3200
4490 5450 2110 3190
4480 5510 2120 3180
4460 5450 2110 3190
4470 5470 2110 3170
4460 5440 2110 3180
4460 5490 2130 3160
4460 5480 2130 3160
4450 5440 2130 3160
4450 5490 2120 3160
4450 5430 2110 3170
4440 5450 2110 3170
4440 5470 2110 3180
4450 5470 2110 3200
4460 5430 2110 3200
4460 5460 2110 3190
4470 5500 2120 3190
4470 5510 2110 3190
4470 5510 2110 3180
4460 5500 2110 3190
4460 5460 2110 3190
4460 5460 2110 3190
4460 5470 2130 3190
4460 5430 2120 3200
4470 5450 2110 3200
4460 5470 2110 3200
4450 5430 2110 3190
4450 5420 2120 3180
4460 5450 2110 3200
4460 5450 2090 3210
4470 5470 2110 3200
4480 5470 2110 3210
4480 5450 2120 3200
4480 5470 2110 3200
4480 5430 2110 3200
4480 5450 2110 3190
4470 5480 2110 3180
4450 5480 2110 3180
4450 5480 2110 3190
4450 5500 2110 3200
4450 5470 2110 3200
4450 5470 2110 3190
4450 5450 2110 3200
4450 5440 2110 3200
4450 5470 2110 3200
4440 5450 2120 3200
4450 5470 2120 3180
4450 5450 2120 3180
4450 5510 2120 3180
4450 5460 2110 3180
4450 4980 2610 3180
4450 4980 2610 3180
4450 4980 2630 3180
4440 4980 2570 3200
4440 4980 2610 3200
4450 4980 2550 3200
4440 4980 2610 3200
4440 4980 2610 3190
4440 4970 2610 3180
4420 4980 2590 3180
4420 4980 2610 3180
4420 4970 2590 3180
4430 4980 2590 3190
4450 4970 2630 3200
4450 4990 2600 3190
4450 4980 2570 3190
4450 4970 2610 3190
4440 4960 2630 3190
4440 4980 2650 3190
4440 4990 2650 3200
4440 4980 2590 3200
4460 4980 2590 3210
4450 4970 2600 3190
4460 4970 2580 3200
4450 4970 2640 3190
4450 4970 2590 3190
4440 4980 2590 3190
4440 4980 2630 3180
4440 4970 2590 3180
4440 4980 2610 3190
4440 4980 2550 3190
4440 4980 2590 3190
4450 4970 2630 3190
4450 4960 2630 3170
4460 4970 2590 3170
4460 4970 2610 3190
4450 4970 2570 3180
4450 4970 2590 3190
4440 4970 2570 3190
4440 4980 2590 3200
4440 4990 2580 3200
4450 4990 2570 3200
4460 4990 2580 3200
4460 4990 2640 3190
4450 4980 2640 3180
4460 4980 2640 3200
4440 4980 2620 3200
4440 4970 2630 3200
4440 4980 2590 3200
4440 4990 2610 3210
4440 4990 2610 3200
4450 4990 2650 3210
4450 5000 2590 3210
4450 4990 2650 3200
4450 4980 2610 3200
4450 4990 2630 3190
4450 4990 2650 3200
4450 4990 2590 3200
4430 4980 2590 3220
4420 4980 2650 3220
4430 4970 2640 3200
4420 4980 2610 3190
4430 4980 2640 3180
4430 4970 2630 3190
4430 4970 2570 3190
4430 4980 2570 3190
4440 4980 2590 3190
4440 4990 2630 3190
4440 4990 2570 3200
4450 4970 2570 3190
4440 4970 2600 3180
4440 4980 2590 3190
4450 4980 2570 3180
4450 4970 2640 3180
4440 4980 2630 3190
4440 4970 2570 3190
4440 4970 2610 3190
4440 4980 2600 3200
