3950 4800 2430 3380
3960 4810 2420 3380
3960 5030 2430 3380
3940 5180 2420 3380
3950 5000 2430 3370
3950 4930 2440 3370
3950 4880 2440 3340
3950 4840 2430 3360
3980 4810 2430 3340
3960 4800 2430 3340
3960 4790 2420 3360
3960 4800 2420 3360
3960 4810 2420 3370
3960 4810 2430 3370
3960 4810 2430 3360
3960 4820 2430 3360
3950 4810 2430 3360
3950 4780 2420 3360
3950 4770 2430 3360
3940 4730 2430 3370
3930 4730 2430 3360
3930 4730 2420 3380
3940 4750 2420 3370
3940 4760 2420 3370
3940 4750 2430 3370
3930 4780 2420 3370
3920 4790 2420 3370
3940 4790 2430 3360
3940 4820 2430 3360
3930 4830 2430 3370
3950 4810 2430 3370
3960 5050 2420 3370
3960 5020 2440 3340
3960 4950 2440 3340
3940 4830 2440 3360
3950 4820 2440 3360
3940 4810 2430 3340
3940 4780 2430 3340
3940 4810 2430 3340
3940 4830 2420 3360
3950 4850 2420 3360
3950 4870 2420 3340
3950 4880 2420 3360
3950 4970 2420 3360
3950 5030 2420 3370
3950 4980 2420 3370
3940 4910 2430 3370
3950 4890 2430 3360
3950 4950 2440 3370
3960 4940 2430 3370
3980 4950 2430 3380
3960 4940 2430 3370
3950 4910 2430 3360
3960 4880 2430 3370
3950 4880 2430 3360
3940 4850 2440 3370
3930 4830 2440 3370
3920 4810 2440 3360
3920 4800 2440 3370
3920 4790 2440 3380
3940 4550 2650 3370
3950 4550 2740 3370
3940 4560 2740 3370
3940 4560 2700 3370
3940 4550 2680 3370
3950 4550 2650 3370
3960 4550 2650 3380
3960 4550 2630 3380
3960 4550 2690 3380
3950 4550 2710 3380
3960 4570 2720 3380
3960 4580 2720 3370
3960 4580 2720 3370
3980 4570 2720 3370
3980 4570 2740 3370
3960 4580 2780 3360
3960 4600 2740 3360
3950 4600 2710 3360
3950 4570 2640 3340
3950 4560 2660 3340
3960 4560 2960 3340
3940 4560 2900 3340
3950 4570 2780 3360
3950 4550 2770 3360
3950 4560 2790 3360
3950 4570 2830 3370
3950 4580 2820 3370
3940 4580 2820 3370
3940 4580 2820 3360
3930 4570 2830 3360
3930 4570 2830 3360
3930 4570 2820 3370
3940 4580 2810 3380
3940 4580 2800 3370
3950 4580 2780 3380
3950 4570 2770 3380
3950 4570 2770 3380
3950 4570 2770 3380
3940 4570 2740 3370
3950 4570 2740 3380
3950 4570 2740 3370
3940 4570 2740 3370
3940 4580 2740 3360
3940 4560 2810 3340
3930 4560 2860 3340
3940 4570 2840 3360
3940 4570 2700 3370
3930 4570 2650 3380
3930 4570 2630 3380
3930 4570 2620 3380
3940 4570 2620 3380
3950 4570 2630 3390
3950 4570 2640 3390
3950 4570 2650 3390
3960 4570 2650 3380
3960 4570 2640 3380
3950 4570 2640 3380
3950 4550 2630 3370
3940 4570 2640 3370
3950 4580 2640 3370
3950 4570 2630 3370
3950 4570 2630 3360
3950 4570 2660 3340
3940 4580 2660 3340
3930 4580 2630 3360
3920 4570 2580 3360
3930 4570 2560 3360
3930 4570 2550 3340
3940 4570 2550 3360
3930 4570 2550 3340
3930 4570 2550 3360
3940 4570 2560 3360
3930 4570 2570 3360
3920 4550 2580 3360
3920 4560 2570 3370
3920 4560 2570 3370
3930 4570 2570 3370
3930 4560 2560 3360
3930 4560 2550 3370
3950 4560 2550 3360
3950 4570 2540 3360
