4670 4220 2770 3610
4410 4220 2760 3610
3850 4220 2770 3600
4360 4220 2770 3600
4530 4230 2770 3600
4860 4210 2770 3590
5010 4230 2770 3600
4910 4220 2770 3610
4490 4210 2780 3610
4270 4220 2780 3600
4640 4220 2780 3590
5030 4210 2780 3600
5020 4220 2780 3610
4640 4220 2780 3610
4680 4220 2780 3610
4400 4210 2780 3610
4180 4220 2780 3610
3920 4230 2770 3610
4180 4250 2770 3610
3990 4220 2770 3610
3910 4220 2770 3620
4150 4220 2770 3620
4150 4220 2780 3610
4030 4220 2770 3610
3940 4220 2770 3610
3870 4220 2770 3610
3820 4220 2770 3610
4030 4220 2770 3610
4190 4220 2770 3610
4320 4230 2770 3610
4250 4230 2770 3610
4460 4230 2770 3610
4510 4230 2770 3610
4560 4230 2770 3610
4600 4220 2770 3620
4380 4230 2770 3620
3960 4210 2770 3610
4310 4220 2770 3610
4160 4220 2770 3610
4060 4210 2770 3610
3990 4210 2770 3600
3920 4210 2770 3610
4050 4220 2760 3620
4240 4210 2770 3610
4350 4220 2780 3600
4330 4230 2780 3600
4360 4230 2780 3600
4410 4230 2780 3600
4200 4230 2780 3610
3980 4210 2780 3620
3890 4210 2770 3610
4060 4210 2770 3610
4230 4210 2760 3620
4210 4220 2770 3620
4220 4230 2770 3620
4840 4230 2780 3620
4290 4220 2780 3610
4110 4230 2780 3610
4000 4220 2780 3610
4780 4220 2780 3610
4570 4220 2770 3610
4500 4220 2760 3610
4560 4220 2760 3610
4170 4220 2760 3610
4000 4220 2780 3620
3880 4220 2770 3620
3860 4220 2770 3620
3800 4210 2770 3610
3790 4220 2780 3610
4100 4220 2780 3610
4220 4210 2780 3610
4000 4230 2770 3610
3990 4220 2770 3610
3930 4220 2770 3610
4210 4220 2770 3610
4070 4210 2780 3610
4140 4220 2780 3600
4040 4220 2780 3600
3980 4220 2780 3600
3910 4220 2780 3600
3880 4230 2770 3600
3870 4220 2770 3610
3870 4220 2780 3610
3910 4230 2780 3610
3510 4530 2760 3610
3490 4540 2770 3610
3500 4580 2780 3610
3510 4680 2780 3610
3510 4640 2780 3610
3520 4610 2780 3610
3510 4720 2780 3620
3510 4640 2780 3620
3500 4640 2770 3610
3510 4600 2770 3620
3490 4720 2780 3610
3490 4860 2770 3610
3490 4730 2770 3610
3490 4640 2760 3610
3490 4630 2770 3610
3510 4570 2770 3610
3520 4560 2760 3610
3520 4480 2780 3610
3510 4480 2780 3610
3500 4450 2780 3620
3480 4450 2770 3610
3480 4470 2770 3600
3500 4540 2770 3600
3490 4670 2770 3600
3500 4630 2770 3600
3490 4570 2760 3600
3490 4540 2770 3610
3490 4530 2760 3620
3510 4520 2760 3610
3510 4490 2760 3610
3510 4620 2760 3600
3490 4550 2760 3600
3500 4510 2760 3620
3490 4460 2760 3620
3490 4480 2760 3620
3500 4490 2770 3620
3480 4520 2770 3610
3480 4530 2770 3610
3500 4540 2770 3610
3480 4540 2780 3610
3500 4530 2770 3610
3480 4530 2770 3610
3480 4530 2770 3610
3490 4450 2770 3610
3500 4630 2770 3610
3520 4550 2760 3610
3520 4550 2760 3610
3510 4520 2770 3610
3490 4500 2770 3610
3480 4500 2770 3610
3480 4500 2770 3610
3480 4660 2770 3610
3470 4880 2770 3600
3460 4970 2760 3600
3480 4810 2760 3600
3470 4710 2760 3600
3490 4650 2770 3600
3500 4720 2770 3600
3500 4580 2760 3600
3480 4550 2770 3600
3480 4530 2770 3600
3500 4550 2770 3600
3500 4550 2770 3600
3500 4580 2770 3610
3500 4560 2770 3610
3510 4540 2770 3610
3500 4540 2770 3610
3500 4520 2770 3610
3490 4510 2770 3610
3500 4500 2770 3610
3480 4500 2770 3600
3500 4490 2770 3600
3500 4470 2770 3610
3500 4490 2770 3620
