3070 4180 3130 3880
3070 4180 3130 3870
3080 4130 3140 3880
3080 4160 3140 3880
3090 4380 3140 3870
3090 4440 3160 3870
3070 4440 3150 3880
3050 4380 3130 3880
3050 4560 3130 3880
3060 4670 3140 3870
3070 4690 3150 3880
3080 4720 3150 3870
3070 4780 3150 3870
3070 4810 3150 3880
3070 4830 3140 3880
3070 4830 3140 3880
3060 4830 3140 3870
3060 4840 3140 3870
3050 4850 3150 3880
3070 4860 3140 3880
3060 4890 3140 3870
3060 4870 3150 3870
3050 4910 3150 3860
3050 4850 3160 3860
3050 4620 3150 3870
3050 4560 3150 3880
3050 4660 3160 3870
3060 4720 3150 3870
3060 4750 3150 3880
3060 4690 3150 3880
3060 4780 3150 3880
3060 4800 3160 3880
3060 4790 3160 3880
3060 4430 3160 3870
3070 4310 3170 3880
3060 4470 3170 3870
3060 4740 3140 3880
3060 4770 3150 3870
3070 4790 3150 3870
3060 4810 3150 3870
3070 4830 3150 3870
3070 4830 3150 3870
3060 4940 3150 3880
3070 4920 3160 3880
3070 4770 3170 3870
3060 4570 3160 3870
3060 4440 3150 3890
3070 4350 3140 3900
3060 4300 3130 3890
3060 4240 3140 3890
3060 4210 3150 3880
3080 4180 3150 3880
3070 4140 3150 3880
3060 4120 3160 3890
3060 4110 3150 3880
3060 4060 3150 3870
3060 4360 3140 3890
3070 4530 3150 3890
3080 4680 3150 3900
3070 4510 3140 3890
3070 4420 3140 3890
3060 4360 3160 3880
3060 4320 3160 3890
3060 4290 3150 3900
3070 4110 3160 3890
3070 4120 3160 3900
3060 4120 3150 3890
3070 4140 3150 3880
3070 4160 3150 3870
3070 4290 3160 3890
3060 4410 3150 3900
3060 4450 3160 3910
3060 4480 3140 3900
3060 4540 3140 3890
3070 4570 3150 3880
3080 4580 3150 3900
3090 4670 3160 3890
3080 4730 3160 3880
3080 4750 3160 3900
3080 4750 3160 3900
3070 4740 3160 3910
3070 4720 3150 3900
3070 4720 3150 3890
3070 4730 3140 3900
3070 3870 3130 4160
3060 3880 3130 4150
3070 3870 3140 4100
3060 3900 3130 4110
3060 3890 3130 4100
3050 3880 3130 4100
3060 3900 3130 4110
3070 3890 3130 4120
3070 3880 3130 4130
3060 3880 3130 4130
3070 3870 3130 4150
3070 3880 3130 4200
3070 3870 3140 4210
3080 3890 3140 4210
3070 3870 3140 4210
3070 3880 3140 4210
3070 3870 3140 4210
3070 3890 3140 4210
3070 3890 3150 4200
3070 3900 3130 4190
3070 3890 3130 4190
3080 3870 3150 4200
3080 3880 3150 4180
3080 3870 3150 4180
3080 3870 3150 4180
3080 3870 3150 4170
3070 3880 3150 4160
3080 3870 3150 4160
3070 3890 3150 4150
3070 3880 3150 4150
3060 3870 3130 4140
3070 3870 3140 4140
3060 3880 3140 4150
3060 3890 3140 4140
3050 3880 3130 4150
3050 3870 3130 4130
3060 3890 3150 4120
3060 3880 3150 4130
3060 3870 3150 4150
3070 3880 3160 4150
3060 3870 3160 4140
3060 3870 3140 4140
3050 3880 3140 4130
3050 3880 3150 4120
3060 3870 3140 4120
3070 3870 3140 4120
3070 3890 3140 4120
3070 3880 3140 4140
3070 3900 3150 4130
3070 3900 3150 4140
3070 3910 3150 4140
3060 3900 3140 4160
3070 3890 3150 4160
3060 3880 3150 4220
3060 3880 3150 4260
3070 3870 3140 4360
3070 3870 3130 4460
3060 3870 3130 4530
3080 3880 3140 4560
3060 3880 3130 4450
3050 3890 3150 4370
3060 3870 3150 4360
3050 3870 3150 4360
3050 3870 3150 4340
3050 3880 3150 4330
3070 3870 3160 4360
3060 3870 3150 4360
3060 3870 3160 4350
3060 3870 3140 4220
3070 3880 3140 4190
3070 3880 3140 4180
3070 3870 3140 4170
3050 3870 3150 4150
3050 3870 3150 4140
3060 3890 3160 4130
3070 3870 3150 4140
3070 3860 3160 4140
3070 3870 3150 4140
3060 3870 3160 4130
3050 3880 3160 4120
3060 3870 3160 4110
3050 3870 3160 4110
3060 3880 3160 4100
3070 3890 3160 4120
3070 3880 3160 4120
3070 3870 3150 4120
3080 3870 3150 4130
3080 3880 3160 4140
3070 3880 3160 4150
3070 3900 3160 4150
3070 3890 3130 4130
3070 3880 3130 4140
3070 3890 3130 4160
3060 3880 3130 4180
3070 3860 3150 4240
3050 3880 3140 4190
3070 3880 3140 4210
3070 3890 3130 4360
3060 3890 3140 4270
3070 3880 3140 4220
3080 3880 3150 4200
3070 3870 3140 4200
3080 3870 3140 4220
3080 3870 3140 4240
3080 3870 3150 4250
3080 3870 3140 4270
3080 3890 3140 4260
3080 3890 3130 4220
3080 3880 3130 4200
3060 3880 3130 4190
3070 3890 3130 4200
3060 3900 3140 4200
3070 3900 3150 4190
3070 3910 3130 4180
3070 3890 3140 4180
3070 3900 3140 4200
3070 3890 3140 4210
3080 3890 3150 4210
3090 3880 3150 4220
3090 3870 3150 4230
3080 3870 3150 4220
3070 3880 3160 4230
3070 3870 3160 4230
3080 3870 3160 4240
3090 3870 3160 4230
3090 3880 3160 4230
3060 3880 3150 4310
3060 3870 3160 4290
3060 3870 3160 4290
3060 3870 3160 4260
3060 3870 3160 4240
3060 3880 3150 4220
3070 3890 3140 4210
3070 3890 3150 4180
3070 3900 3150 4180
3070 3900 3140 4180
3090 3910 3150 4170
3080 3890 3140 4180
3080 3880 3150 4170
