2740 4050 3570 4260
2720 4060 3570 4250
2750 4040 3570 4260
2740 4050 3580 4260
2740 4030 3570 4260
2740 4010 3570 4270
2740 4030 3570 4270
2720 4010 3570 4270
2720 4010 3560 4270
2740 4010 3560 4270
2740 4050 3550 4270
2740 4020 3570 4270
2740 4020 3570 4270
2750 4020 3570 4270
2750 4050 3570 4270
2740 4050 3580 4260
2720 4010 3580 4260
2720 4030 3580 4260
2720 4050 3580 4250
2720 4070 3570 4230
2720 4030 3560 4230
2720 4030 3560 4230
2720 4070 3560 4220
2720 4010 3570 4240
2710 4030 3580 4240
2710 4010 3580 4240
2720 4050 3570 4250
2720 4010 3570 4240
2720 4050 3580 4240
2720 4030 3580 4240
2740 4030 3580 4240
2750 4040 3570 4230
2750 4040 3570 4240
2760 4060 3580 4230
2770 4020 3570 4240
2780 4070 3570 4240
2780 4030 3570 4240
2780 4020 3560 4240
2780 4070 3570 4230
2760 4030 3560 4240
2750 4010 3570 4250
2740 4070 3580 4230
2720 4010 3580 4230
2720 4000 3580 4230
2750 4050 3590 4240
2760 4030 3590 4240
2750 4000 3590 4240
2750 4000 3590 4240
2750 4020 3590 4240
2760 4020 3580 4240
2770 4020 3580 4250
2770 4000 3580 4240
2770 4020 3580 4240
2760 4040 3580 4240
2760 4030 3570 4230
2760 4050 3570 4240
2760 4070 3570 4250
2750 4050 3570 4250
2740 4040 3570 4250
2720 4070 3570 4240
2740 4070 3570 4240
2750 4030 3560 4250
2770 4060 3570 4240
2770 4060 3570 4250
2760 4000 3570 4250
2770 4000 3570 4240
2770 4030 3580 4240
2750 4050 3570 4240
2750 4030 3570 4250
2750 4030 3570 4240
2750 4010 3560 4240
2760 4050 3570 4250
2750 4030 3580 4240
2740 4030 3570 4250
2750 4010 3590 4250
2760 4050 3580 4250
2750 4050 3580 4240
2740 4030 3580 4240
2740 4030 3570 4240
2750 4070 3570 4240
2760 4070 3570 4250
2770 4010 3560 4240
2760 4050 3560 4240
2760 4010 3570 4230
2750 4010 3580 4230
2740 4030 3570 4240
2760 4030 3570 4240
2760 4020 3570 4240
2770 4010 3570 4230
2770 4010 3570 4230
2770 4010 3570 4230
2770 4070 3570 4230
2750 3550 4070 4240
2750 3550 4090 4240
2760 3550 4040 4250
2740 3550 4060 4250
2750 3550 4080 4250
2750 3550 4040 4250
2750 3560 4100 4250
2760 3560 4060 4250
2760 3550 4090 4250
2750 3550 4040 4250
2750 3550 4050 4250
2750 3550 4100 4250
2750 3550 4040 4250
2750 3550 4100 4250
2750 3550 4040 4250
2740 3550 4100 4260
2750 3560 4110 4260
2750 3560 4040 4250
2740 3560 4070 4250
2750 3560 4060 4260
2750 3560 4100 4260
2740 3550 4090 4260
2750 3550 4040 4260
2760 3550 4060 4260
2750 3550 4050 4260
2750 3550 4050 4260
2750 3550 4100 4250
2750 3540 4030 4240
2750 3540 4050 4250
2740 3550 4070 4250
2720 3550 4100 4250
2720 3550 4050 4250
2720 3560 4100 4250
2750 3560 4060 4250
2740 3560 4100 4260
2750 3560 4110 4270
2750 3560 4100 4270
2760 3560 4060 4270
2750 3560 4030 4270
2750 3560 4060 4270
2760 3550 4040 4270
2760 3550 4030 4270
2740 3550 4020 4260
2740 3560 4040 4260
2740 3550 4020 4260
2750 3550 4070 4260
2750 3550 4050 4270
2750 3540 4070 4270
2760 3550 4030 4290
2760 3550 4100 4270
2770 3550 4040 4260
2760 3550 4060 4260
2750 3550 4060 4260
2750 3550 4100 4270
2760 3550 4080 4270
2760 3550 4090 4270
2770 3550 4040 4270
2770 3560 4080 4290
2780 3560 4100 4290
2760 3560 4090 4270
2750 3560 4030 4290
2750 3560 4070 4290
2740 3560 4070 4270
2760 3560 4050 4270
2750 3550 4050 4270
2750 3550 4040 4270
2760 3550 4100 4270
2760 3560 4090 4270
2750 3560 4030 4270
2740 3550 4040 4290
2760 3570 4050 4270
2750 3570 4030 4270
