2990 3300 4020 4610
3070 3290 4020 4610
3120 3300 4020 4610
3130 3300 4020 4610
3130 3300 4020 4610
3120 3300 4020 4600
3130 3300 4020 4600
3120 3300 4030 4600
3200 3290 4030 4600
3220 3290 4030 4600
3230 3300 4030 4600
3250 3290 4020 4600
3260 3310 4030 4580
3280 3310 4020 4580
3280 3310 4020 4580
3280 3310 4020 4580
3280 3310 4020 4600
3260 3310 4020 4600
3230 3310 4030 4600
3210 3300 4020 4600
3210 3310 4020 4600
3190 3300 4020 4600
3170 3300 4020 4580
3110 3320 4030 4600
3140 3310 4030 4600
3160 3310 4020 4600
3190 3310 4020 4600
3170 3310 4020 4600
3190 3310 4020 4600
3050 3300 4020 4600
3030 3310 4020 4600
3020 3310 4020 4600
3080 3310 4020 4600
3080 3310 4020 4600
2900 3310 4010 4600
2830 3300 4010 4580
2940 3300 4010 4580
3010 3300 4010 4570
3100 3290 4010 4580
3130 3290 4010 4580
3110 3290 4000 4580
3140 3300 4020 4580
3170 3310 4020 4580
3170 3310 4020 4580
2960 3320 4020 4580
2830 3320 4010 4600
2740 3310 4010 4600
2760 3310 4020 4600
2690 3310 4040 4600
2740 3300 4020 4600
2870 3300 4010 4600
2900 3300 4000 4600
2880 3300 4010 4600
2800 3300 4000 4580
2720 3300 4010 4580
2600 3300 4010 4580
2950 3300 4010 4580
2990 3290 4000 4580
3160 3300 4000 4580
2970 3300 4010 4580
3100 3290 4020 4600
3200 3290 4010 4600
3230 3290 4010 4600
3260 3290 4020 4600
3260 3300 4020 4600
3240 3300 4020 4580
3100 3300 4020 4600
2940 3300 4030 4600
2770 3300 4030 4600
2690 3310 4030 4610
2660 3310 4010 4610
2630 3320 4020 4600
2600 3320 4020 4600
2580 3310 4000 4600
2590 3310 4010 4600
2580 3300 4020 4610
2570 3300 4020 4610
2580 3300 4020 4610
2580 3300 4020 4610
2560 3300 4020 4620
2570 3310 4010 4610
2420 3300 4380 4610
2420 3300 4480 4620
2430 3300 4460 4610
2420 3300 4420 4610
2430 3300 4400 4610
2430 3300 4380 4610
2430 3300 4360 4610
2420 3300 4410 4610
2430 3300 4490 4610
2430 3300 4540 4610
2420 3310 4610 4610
2400 3310 4490 4610
2400 3300 4460 4610
2440 3310 4440 4620
2430 3310 4420 4610
2420 3310 4420 4610
2420 3310 4400 4610
2420 3300 4370 4600
2420 3300 4320 4600
2430 3300 4290 4600
2440 3300 4290 4600
2440 3300 4300 4580
2440 3300 4310 4600
2450 3300 4330 4600
2450 3300 4260 4600
2430 3300 4290 4600
2420 3300 4300 4600
2440 3300 4330 4610
2440 3300 4350 4610
2440 3300 4370 4610
2430 3300 4360 4610
2440 3290 4380 4620
2440 3300 4370 4620
2430 3300 4350 4610
2430 3300 4350 4610
2430 3300 4310 4610
2430 3300 4250 4600
2420 3300 4230 4600
2390 3300 4220 4600
2400 3300 4230 4600
2400 3300 4260 4600
2400 3300 4290 4600
2400 3300 4300 4600
2400 3300 4270 4610
2390 3300 4260 4610
2380 3300 4230 4610
2420 3300 4270 4610
2440 3300 4310 4610
2440 3300 4440 4610
2450 3300 4450 4610
2400 3300 4450 4610
2440 3310 4410 4610
2420 3310 4420 4600
2420 3320 4340 4600
2430 3310 4250 4600
2420 3310 4220 4600
2400 3310 4320 4600
2400 3300 4380 4600
2430 3310 4440 4600
2440 3310 4450 4600
2450 3310 4450 4600
2440 3310 4440 4600
2450 3310 4440 4600
2450 3310 4430 4600
2450 3300 4420 4600
2450 3300 4390 4600
2450 3300 4390 4600
2430 3300 4390 4600
2450 3290 4400 4600
2440 3300 4410 4600
2430 3300 4400 4600
2420 3300 4410 4600
2420 3300 4530 4600
2420 3300 4660 4600
2440 3300 4700 4610
2430 3300 4640 4610
2430 3300 4600 4610
2420 3300 4580 4610
2430 3300 4580 4610
2420 3310 4500 4610
2390 3310 4720 4610
2390 3310 4670 4610
2420 3310 4560 4610
2420 3310 4490 4610
2420 3300 4420 4610
2420 3300 4420 4610
