2180 3290 4470 5020
2180 3300 4470 5030
2180 3300 4470 5030
2180 3280 4480 5040
2170 3300 4480 5040
2170 3320 4480 5040
2170 3360 4480 5040
2170 3360 4480 5040
2160 3360 4480 5040
2150 3360 4480 5040
2170 3390 4490 5040
2160 3450 4490 5040
2150 3450 4490 5040
2170 3430 4480 5040
2170 3420 4480 5040
2160 3410 4490 5030
2180 3400 4490 5030
2170 3390 4490 5020
2160 3390 4490 5030
2170 3370 4480 5030
2160 3360 4480 5030
2150 3360 4490 5020
2170 3340 4490 5030
2170 3340 4490 5030
2150 3330 4480 5030
2150 3330 4480 5030
2160 3340 4470 5030
2170 3340 4480 5030
2170 3340 4490 5040
2180 3360 4480 5040
2170 3340 4480 5040
2190 3330 4480 5030
2190 3330 4480 5040
2180 3320 4480 5040
2180 3320 4480 5040
2170 3330 4480 5040
2170 3410 4480 5050
2160 3430 4480 5050
2180 3460 4480 5050
2180 3480 4480 5050
2170 3570 4470 5050
2160 3510 4470 5040
2170 3470 4470 5040
2160 3440 4470 5040
2170 3410 4470 5040
2150 3390 4490 5040
2170 3400 4500 5030
2140 3410 4500 5030
2150 3410 4490 5030
2160 3400 4490 5030
2160 3390 4490 5020
2180 3390 4490 5030
2190 3390 4490 5030
2160 3370 4480 5050
2150 3390 4480 5050
2150 3410 4480 5050
2160 3420 4480 5050
2160 3400 4490 5050
2150 3360 4490 5040
2170 3370 4490 5040
2170 3390 4480 5040
2160 3400 4480 5030
2160 3420 4480 5030
2160 3440 4480 5040
2180 3450 4490 5040
2180 3450 4490 5040
2180 3440 4490 5040
2170 3430 4480 5040
2170 3420 4480 5050
2170 3430 4480 5050
2160 3430 4480 5060
2170 3430 4480 5050
2190 3430 4490 5040
2170 3430 4490 5040
2160 3410 4490 5040
2180 3390 4490 5040
2160 3390 4490 5040
2170 3410 4490 5040
2160 3410 4490 5040
2160 3410 4490 5040
2170 3430 4490 5040
2170 3400 4490 5040
2180 3380 4490 5030
2180 3370 4490 5030
2180 3340 4490 5040
2160 3340 4480 5040
2150 3330 4480 5040
2150 3320 4480 5040
2150 3330 4480 5040
2160 3330 4480 5040
2170 3330 4480 5040
2170 3360 4480 5040
2160 3400 4480 5040
2150 3110 4930 5040
2160 3110 4820 5040
2160 3110 4780 5040
2150 3130 4840 5040
2180 3130 4870 5040
2160 3130 4840 5040
2160 3140 4780 5040
2180 3140 4800 5040
2180 3130 4880 5040
2170 3120 4950 5030
2170 3120 4960 5020
2150 3110 4720 5040
2170 3120 4670 5030
2160 3120 4650 5030
2140 3120 4650 5020
2140 3130 4650 5030
2170 3110 4650 5030
2170 3090 4690 5040
2160 3100 4680 5040
2160 3120 4660 5040
2150 3130 4640 5040
2150 3130 4610 5040
2170 3130 4650 5040
2160 3130 4620 5040
2160 3120 4630 5040
2150 3120 4610 5040
2160 3120 4630 5040
2160 3110 4650 5050
2170 3110 4640 5050
2160 3120 4640 5040
2170 3130 4640 5040
2180 3130 4640 5030
2170 3120 4660 5020
2170 3110 4680 5020
2180 3130 4650 5040
2160 3130 4620 5030
2180 3120 4600 5020
2170 3120 4560 5040
2170 3120 4710 5040
2150 3130 4680 5040
2160 3130 4940 5040
2170 3120 5090 5040
2160 3130 5160 5040
2160 3130 5300 5040
2160 3120 5270 5040
2160 3120 5270 5040
2170 3120 5310 5040
2170 3120 5310 5040
2180 3120 5320 5050
2160 3110 5350 5050
2160 3120 5380 5050
2170 3110 5380 5050
2170 3120 5400 5040
2160 3120 5410 5050
2170 3120 5400 5040
2170 3120 5400 5040
2160 3120 5400 5040
2140 3120 5370 5040
2140 3130 5290 5040
2160 3140 5260 5040
2160 3150 5240 5040
2180 3130 5200 5040
2180 3130 5040 5040
2180 3140 5180 5040
2170 3140 5280 5040
2160 3130 5300 5030
2170 3120 5320 5020
2150 3130 5320 5030
2160 3130 5340 5020
2160 3130 5350 5020
2160 3130 5340 5020
2160 3120 5290 5020
2150 3110 5280 5020
2150 3120 5280 5020
2170 3130 5290 5020
