2040 3490 4960 5400
2040 3530 4970 5400
2030 3490 4970 5400
2020 3490 4970 5410
2030 3490 4960 5410
2010 3460 4950 5410
2020 3520 4950 5390
2030 3480 4960 5390
2050 3460 4950 5400
2040 3490 4940 5400
2010 3530 4940 5390
2020 3490 4940 5390
2030 3530 4950 5400
2020 3480 4950 5400
2020 3520 4950 5400
2020 3520 4960 5400
2020 3510 4960 5400
2020 3490 4960 5400
2020 3470 4960 5400
2020 3490 4960 5410
2020 3470 4960 5410
2030 3490 4960 5410
2030 3510 4960 5410
2030 3530 4960 5410
2040 3490 4960 5400
2040 3490 4960 5400
2040 3470 4960 5400
2050 3500 4960 5400
2050 3480 4970 5400
2050 3500 4960 5400
2040 3480 4950 5400
2040 3540 4950 5390
2030 3500 4950 5390
2030 3480 4940 5390
2030 3510 4950 5390
2020 3490 4950 5390
2040 3490 4950 5400
2040 3530 4950 5400
2040 3490 4950 5400
2030 3480 4950 5410
2040 3540 4960 5400
2040 3490 4960 5390
2040 3550 4960 5380
2020 3490 4960 5380
2020 3510 4960 5380
2010 3480 4950 5380
2020 3500 4950 5380
2030 3540 4940 5380
2030 3540 4940 5370
2030 3500 4940 5380
2020 3500 4940 5390
2020 3500 4940 5390
2030 3520 4940 5400
2030 3540 4950 5400
2020 3480 4950 5400
2010 3480 4960 5400
2020 3480 4960 5410
2030 3530 4960 5410
2030 3470 4960 5410
2040 3490 4960 5410
2040 3530 4960 5400
2040 3530 4950 5390
2040 3520 4960 5410
2040 3500 4950 5390
2030 3520 4940 5380
2030 3460 4950 5380
2020 3520 4950 5390
2030 3480 4950 5400
2030 3530 4950 5400
2020 3490 4950 5400
2030 3510 4950 5400
2030 3510 4950 5400
2010 3530 4950 5400
2040 3470 4950 5400
2010 3480 4950 5400
2060 3540 4950 5400
2020 3520 4950 5410
2010 3540 4940 5410
2020 3480 4940 5410
2050 3480 4940 5410
2010 3480 4950 5400
2040 3540 4950 5400
2060 3480 4950 5400
2050 3480 4950 5410
2050 3480 4960 5410
2030 3500 4960 5420
2060 3470 4960 5420
2050 3470 4960 5420
2040 3470 4960 5420
2030 3490 4960 5420
2020 3550 4960 5420
2040 3500 4950 5410
2040 3470 4940 5400
2050 3490 4950 5390
2020 3500 4940 5410
2030 3540 4950 5400
2030 3500 4950 5410
2020 3540 4950 5400
2030 3510 4950 5410
2030 3550 4950 5400
2020 3490 4950 5400
2020 3510 4950 5400
2030 3510 4950 5400
2030 3540 4950 5400
2030 3500 4950 5400
2040 3480 4950 5400
2030 3480 4950 5410
2020 3530 4950 5420
2040 3470 4950 5410
2050 3470 4950 5410
2050 3510 4950 5400
2050 3010 4950 5860
2050 3010 4940 5900
2050 3010 4940 5920
2040 3010 4950 5870
2040 3010 4950 5840
2040 3000 4960 5860
2040 3000 4960 5860
2040 3000 4960 5900
2040 3010 4960 5910
2040 3010 4950 5850
2040 3010 4950 5850
2040 3010 4950 5910
2050 3010 4950 5890
2050 3010 4960 5920
2040 3010 4970 5890
2040 3000 4970 5840
2050 3000 4970 5870
2040 3000 4970 5880
2030 3000 4970 5850
2020 3000 4960 5860
2040 3010 4960 5840
2030 3010 4960 5840
2020 3010 4960 5840
2010 3010 4950 5850
2010 3000 4950 5870
2020 3000 4950 5890
2020 3000 4960 5850
2020 3000 4960 5900
2010 3000 4950 5880
2010 3010 4950 5860
2030 3010 4950 5860
2030 3010 4960 5930
2040 3010 4960 5870
2040 3010 4960 5900
2040 3010 4960 5910
2030 3010 4960 5860
2040 3010 4960 5890
2060 3010 4960 5880
2050 3010 4950 5860
2060 3010 4960 5900
2060 3020 4960 5900
2050 3020 4960 5860
2040 3020 4960 5850
2030 3020 4950 5890
2020 3010 4950 5850
2020 3010 4950 5880
2020 3010 4960 5920
2020 3010 4960 5900
2030 3010 4960 5920
2020 3010 4960 5860
2030 3010 4960 5880
2040 3010 4960 5890
2050 3010 4960 5890
2020 3010 4960 5910
2020 3010 4960 5890
2010 3020 4960 5860
2010 3020 4960 5870
2060 3020 4960 5870
2010 3010 4960 5870
2020 3010 4970 5930
2010 3010 4970 5890
2010 3010 4970 5900
2020 3000 4970 5880
2010 3000 4960 5910
2010 3000 4960 5880
2020 3000 4950 5930
2020 3010 4950 5880
2030 3010 4950 5870
2030 3010 4950 5870
2010 3010 4950 5880
2010 3010 4950 5880
2010 3020 4950 5860
2020 3020 4950 5880
2020 3020 4950 5900
2010 3020 4960 5860
2010 3020 4960 5920
2030 3020 4960 5870
2020 3020 4960 5890
2010 3010 4960 5890
2020 3010 4960 5860
2030 3010 4950 5870
2040 3010 4950 5890
2030 3010 4960 5910
2030 3010 4960 5920
2020 3010 4950 5860
2020 3010 4950 5900
2020 3010 4950 5930
2010 3010 4950 5920
2010 3010 4950 5900
2010 3010 4950 5860
2010 3010 4950 5910
2010 3010 4950 5850
2020 3010 4950 5870
2020 3010 4940 5910
2030 3010 4940 5900
2030 3010 4950 5880
2010 3010 4950 5880
2020 3010 4950 5880
2020 3010 4950 5860
2030 3010 4950 5880
2030 3010 4960 5930
2060 3010 4960 5860
2010 3010 4960 5880
2020 3010 4960 5880
2010 3010 4960 5930
2050 3010 4960 5890
2020 3020 4950 5870
2020 3020 4950 5880
2010 3010 4950 5870
2010 3010 4950 5910
2020 3010 4960 5910
2020 3010 4960 5890
2030 3010 4950 5920
