2550 3030 5190 5100
2550 3030 5190 5100
2550 3030 5180 5110
2550 2970 5190 5110
2550 2990 5190 5120
2550 3030 5190 5120
2540 3030 5180 5110
2540 3010 5180 5110
2540 3000 5190 5110
2540 2960 5190 5110
2550 2990 5180 5110
2550 2970 5190 5110
2560 2960 5190 5110
2560 2970 5190 5120
2560 3040 5190 5110
2560 2980 5190 5110
2560 2990 5190 5120
2560 2970 5190 5120
2560 3030 5180 5110
2550 2960 5180 5120
2560 3030 5180 5110
2560 2980 5170 5110
2560 3040 5180 5120
2560 2980 5180 5120
2560 3040 5180 5110
2550 2970 5170 5100
2550 2990 5170 5110
2560 3040 5180 5120
2560 2960 5190 5110
2560 2990 5190 5110
2560 2960 5180 5110
2560 3010 5190 5110
2560 3030 5190 5110
2550 2970 5190 5110
2550 3030 5190 5110
2550 3010 5190 5110
2560 2970 5190 5090
2560 3000 5190 5100
2560 3040 5190 5110
2560 2980 5190 5110
2560 3000 5190 5100
2550 2980 5190 5110
2550 2990 5190 5100
2550 2970 5180 5100
2560 2970 5180 5100
2560 3030 5180 5100
2560 2970 5190 5090
2550 3000 5190 5090
2540 3020 5190 5100
2540 3040 5190 5100
2550 3040 5190 5120
2560 3040 5190 5110
2560 3010 5180 5110
2550 3010 5190 5120
2550 2980 5190 5130
2540 3030 5190 5130
2540 2970 5190 5130
2550 3010 5190 5120
2550 3040 5190 5120
2530 3040 5190 5120
2530 2980 5190 5130
2530 2980 5190 5120
2530 3040 5190 5120
2540 3030 5180 5110
2560 2990 5190 5120
2560 3030 5190 5120
2560 3030 5190 5110
2560 2970 5190 5110
2550 2990 5190 5100
2550 3010 5190 5100
2550 2960 5190 5100
2560 3030 5190 5100
2560 2990 5190 5100
2560 2510 5660 5100
2550 2510 5660 5110
2550 2510 5660 5120
2550 2510 5640 5120
2560 2510 5650 5120
2560 2510 5690 5120
2560 2510 5630 5110
2560 2520 5630 5110
2560 2520 5690 5110
2550 2520 5650 5100
2550 2520 5700 5100
2550 2510 5700 5110
2550 2510 5700 5110
2550 2510 5640 5120
2550 2510 5700 5120
2560 2510 5660 5120
2550 2510 5640 5120
2550 2510 5640 5110
2540 2510 5690 5110
2540 2520 5660 5120
2550 2520 5680 5120
2550 2520 5700 5120
2550 2520 5680 5120
2550 2510 5700 5110
2550 2510 5640 5100
2540 2500 5660 5100
2560 2500 5690 5110
2560 2500 5670 5090
2560 2500 5680 5100
2550 2510 5670 5120
2550 2510 5650 5120
2550 2510 5670 5120
2560 2520 5660 5130
2570 2510 5680 5130
2560 2510 5710 5120
2560 2510 5660 5130
2550 2510 5690 5110
2550 2510 5670 5120
2550 2510 5690 5120
2550 2510 5650 5120
2550 2510 5690 5110
2550 2500 5650 5100
2550 2500 5670 5100
2550 2510 5660 5110
2560 2500 5640 5100
2560 2500 5640 5110
2550 2500 5700 5120
2560 2500 5630 5120
2560 2500 5630 5120
2560 2510 5700 5110
2550 2510 5680 5110
2550 2510 5660 5110
2540 2510 5640 5110
2550 2510 5660 5110
2540 2520 5690 5110
2550 2520 5670 5110
2540 2510 5720 5110
2550 2500 5660 5110
2540 2500 5660 5120
2560 2510 5680 5120
2550 2510 5720 5120
2550 2510 5730 5110
2560 2520 5660 5110
2560 2510 5680 5100
2560 2520 5680 5110
2550 2510 5640 5110
