1570 4690 4120 5950
1590 4690 4120 5940
1550 4680 4120 5930
1570 4680 4110 5940
1560 4670 4110 5940
1580 4670 4110 5940
1620 4670 4120 5940
1630 4670 4110 5930
1570 4670 4110 5930
1590 4670 4110 5940
1580 4670 4110 5940
1580 4680 4110 5940
1560 4680 4110 5930
1580 4680 4100 5930
1580 4680 4110 5920
1590 4680 4110 5920
1600 4670 4100 5930
1590 4670 4100 5940
1610 4680 4100 5940
1610 4680 4110 5950
1630 4670 4110 5940
1580 4670 4110 5940
1590 4660 4100 5930
1620 4660 4110 5930
1610 4660 4110 5930
1580 4670 4110 5940
1580 4670 4110 5930
1550 4670 4100 5940
1600 4660 4100 5950
1560 4660 4110 5940
1560 4660 4110 5940
1560 4660 4110 5950
1560 4660 4110 5950
1550 4670 4110 5940
1530 4680 4100 5940
1560 4690 4100 5950
1580 4690 4110 5960
1570 4690 4110 5950
1610 4690 4110 5950
1610 4690 4120 5950
1600 4680 4120 5950
1550 4680 4110 5950
1610 4680 4110 5960
1610 4680 4110 5960
1550 4680 4100 5960
1540 4670 4100 5960
1560 4660 4110 5940
1600 4660 4110 5940
1580 4680 4110 5930
1600 4680 4110 5930
1590 4680 4110 5940
1520 4680 4110 5940
1540 4680 4110 5950
1550 4680 4110 5950
1540 4680 4110 5960
1570 4680 4120 5950
1580 4680 4110 5950
1570 4680 4110 5960
1570 4680 4110 5950
1600 4680 4100 5940
1600 4680 4100 5950
1610 4680 4110 5940
1590 4680 4120 5940
1580 4660 4120 5950
1590 4660 4110 5940
1640 4660 4110 5940
1630 4660 4110 5930
1580 4660 4110 5950
1550 4670 4120 5950
1620 4670 4130 5940
1610 4680 4130 5940
1620 4680 4120 5940
1560 4680 4120 5940
1550 4680 4120 5940
1610 4680 4110 5940
1580 4680 4110 5950
1570 4690 4110 5940
1100 5180 4110 5940
1100 5190 4110 5930
1100 5120 4110 5930
1100 5120 4110 5940
1100 5130 4110 5940
1090 5120 4110 5940
1100 5120 4110 5940
1100 5120 4100 5940
1110 5190 4100 5930
1100 5130 4100 5940
1100 5130 4100 5940
1100 5140 4100 5940
1100 5130 4100 5930
1100 5170 4110 5920
1110 5130 4110 5930
1120 5140 4110 5930
1120 5180 4110 5940
1110 5180 4110 5950
1100 5120 4110 5950
1090 5120 4100 5940
1110 5130 4100 5940
1110 5190 4100 5940
1110 5150 4090 5950
1100 5180 4090 5950
1090 5140 4100 5950
1100 5140 4100 5950
1100 5140 4100 5950
1090 5180 4100 5950
1090 5120 4100 5950
1080 5190 4110 5940
1080 5160 4110 5940
1090 5140 4110 5950
1090 5160 4100 5950
1090 5160 4100 5940
1090 5180 4110 5940
1090 5160 4110 5940
1100 5170 4110 5940
1110 5180 4110 5940
1110 5180 4110 5940
1110 5130 4120 5940
1100 5160 4120 5950
1090 5170 4120 5950
1090 5140 4120 5950
1100 5140 4120 5950
1100 5160 4120 5960
1100 5160 4120 5950
1100 5180 4120 5940
1120 5150 4110 5960
1120 5140 4110 5940
1120 5200 4100 5930
1100 5150 4100 5930
1100 5160 4110 5930
1100 5200 4110 5930
1100 5200 4110 5930
1100 5200 4110 5940
1110 5150 4120 5940
1110 5160 4120 5950
1110 5140 4120 5950
1110 5160 4110 5950
1110 5180 4110 5950
1100 5160 4110 5950
1100 5140 4110 5950
1100 5140 4110 5950
1090 5160 4120 5950
1110 5210 4110 5950
1100 5210 4100 5960
1100 5170 4100 5970
1090 5170 4100 5970
1090 5160 4110 5960
1090 5140 4110 5960
1080 5150 4110 5950
1110 5140 4110 5950
1120 5180 4110 5950
1100 5190 4120 5960
1100 5140 4110 5960
1110 5210 4100 5950
1120 5160 4100 5960
