2280 3670 4360 5250
2280 3640 4350 5250
2240 3630 4360 5240
2240 3650 4360 5240
2280 3640 4360 5240
2320 3670 4370 5240
2280 3670 4370 5240
2320 3640 4370 5240
2310 3640 4380 5240
2320 3630 4390 5240
2280 3640 4380 5240
2280 3650 4370 5240
2270 3650 4360 5260
2330 3640 4350 5250
2280 3640 4360 5260
2260 3640 4370 5250
2320 3640 4360 5260
2280 3650 4350 5250
2300 3650 4360 5250
2230 3650 4350 5260
2290 3650 4360 5240
2290 3650 4360 5240
2300 3650 4360 5240
2300 3640 4360 5240
2230 3630 4350 5230
2230 3640 4350 5240
2260 3640 4360 5240
2320 3640 4350 5240
2300 3630 4370 5260
2280 3640 4370 5260
2290 3640 4370 5250
2270 3630 4370 5250
2280 3650 4360 5250
2260 3650 4350 5250
2290 3630 4350 5240
2330 3650 4350 5240
2290 3680 4350 5240
2300 3680 4350 5240
2270 3690 4350 5240
2330 3690 4350 5250
2310 3680 4350 5240
2270 3670 4360 5240
2330 3680 4350 5240
2300 3670 4350 5240
2280 3670 4360 5240
2280 3670 4360 5250
2260 3670 4350 5240
2260 3670 4350 5240
2260 3670 4350 5230
2260 3650 4350 5230
2280 3650 4350 5230
2320 3650 4350 5230
2320 3650 4350 5230
2260 3670 4350 5230
2260 3670 4350 5250
2300 3670 4360 5250
2260 3670 4350 5250
2320 3670 4350 5250
2260 3650 4340 5250
2300 3650 4340 5250
2280 3650 4340 5250
2300 3670 4340 5250
2300 3650 4340 5250
2280 3680 4340 5250
2260 3680 4340 5260
2320 3650 4340 5260
2300 3650 4340 5260
2300 3640 4350 5240
2280 3640 4350 5240
2300 3640 4340 5230
2320 3640 4350 5240
2260 3630 4350 5240
2300 3630 4350 5240
2280 3630 4350 5240
2320 3630 4350 5230
2280 3640 4340 5230
2320 3640 4350 5230
2320 3640 4350 5240
2290 3640 4350 5230
2270 3640 4350 5230
2310 3640 4350 5230
2310 3640 4350 5230
2290 3640 4350 5230
2280 3650 4340 5230
2320 3650 4340 5230
2260 3650 4350 5230
2280 3640 4350 5230
2330 3640 4360 5230
2330 3650 4350 5230
2260 3640 4360 5230
2280 3640 4350 5230
2270 3630 4350 5230
2290 3630 4350 5240
2280 3650 4350 5240
1780 4150 4350 5250
1780 4150 4350 5250
1780 4150 4350 5240
1800 4110 4350 5230
1800 4160 4340 5240
1800 4100 4340 5240
1800 4110 4350 5240
1800 4160 4350 5230
1770 4160 4360 5230
1770 4110 4350 5240
1780 4150 4360 5230
1800 4090 4360 5230
1780 4130 4360 5230
1770 4110 4360 5240
1780 4130 4350 5240
1770 4130 4350 5240
1780 4130 4340 5240
1780 4190 4340 5250
1800 4170 4340 5240
1800 4110 4340 5240
1800 4140 4340 5240
1800 4130 4350 5240
1800 4170 4350 5240
1800 4170 4350 5240
1820 4110 4350 5240
1810 4110 4350 5230
1810 4170 4350 5230
1800 4130 4350 5230
1800 4110 4350 5230
1800 4160 4350 5230
1780 4100 4340 5230
1780 4090 4340 5230
1780 4090 4340 5240
1780 4130 4340 5240
1780 4150 4340 5240
1780 4130 4350 5230
1780 4090 4350 5230
1800 4130 4360 5230
1800 4110 4360 5240
1800 4150 4370 5240
1780 4090 4370 5240
1780 4150 4370 5240
1800 4150 4360 5230
1810 4160 4360 5250
1800 4120 4360 5240
1780 4120 4350 5230
1780 4090 4350 5230
1800 4110 4350 5230
1780 4090 4350 5240
1800 4110 4350 5240
1800 4090 4350 5240
1800 4120 4360 5240
1800 4130 4350 5240
1780 4130 4350 5240
1800 4190 4350 5240
1800 4190 4360 5240
1800 4130 4350 5240
1780 4100 4360 5240
1780 4120 4360 5240
1780 4140 4350 5240
1780 4110 4350 5240
1800 4120 4350 5240
1800 4140 4350 5250
1800 4100 4350 5250
1810 4130 4350 5240
1800 4170 4350 5240
1800 4110 4350 5240
1800 4160 4350 5240
1800 4090 4350 5240
1800 4090 4360 5240
1800 4110 4350 5240
1780 4090 4350 5240
1780 4140 4350 5240
1780 4160 4340 5240
1780 4080 4350 5250
1780 4100 4350 5250
1800 4080 4350 5250
1800 4090 4350 5250
1800 4150 4360 5250
1800 4150 4360 5250
1800 4120 4350 5250
1800 4120 4350 5240
1800 4160 4350 5240
1800 4150 4350 5240
1810 4130 4340 5230
1800 4170 4350 5230
1800 4130 4350 5230
1800 4150 4350 5230
1800 4140 4350 5230
1780 4150 4340 5230
