2640 2640 4690 4740
2640 2660 4740 4740
2640 2650 5370 4740
2640 2650 5480 4740
2640 2670 5320 4740
2640 2670 5210 4740
2650 2670 5120 4740
2650 2640 5370 4740
2650 2640 5480 4740
2650 2640 5570 4740
2650 2640 5640 4740
2650 2650 5710 4740
2650 2640 5780 4730
2660 2640 5890 4740
2650 2630 5860 4740
2640 2640 5790 4740
2650 2640 5390 4730
2650 2660 5560 4730
2650 2670 5370 4730
2640 2670 5360 4730
2640 2660 5440 4730
2640 2670 5540 4730
2640 2650 5610 4730
2650 2650 5620 4730
2640 2640 5630 4730
2630 2660 5570 4730
2650 2650 5580 4720
2640 2670 5330 4730
2650 2660 5370 4720
2650 2650 5300 4720
2650 2640 5170 4720
2650 2650 5060 4720
2660 2650 5030 4720
2650 2670 4880 4730
2630 2660 4860 4730
2630 2660 4860 4730
2640 2670 5270 4730
2640 2660 5370 4740
2650 2670 5450 4740
2650 2660 5510 4730
2650 2660 5550 4740
2650 2650 5660 4740
2650 2650 5100 4740
2640 2650 4870 4740
2640 2650 4850 4740
2640 2650 4920 4750
2640 2650 5290 4750
2640 2660 5450 4740
2650 2670 5650 4720
2660 2680 5640 4730
2650 2680 5670 4730
2640 2670 5490 4740
2640 2670 5610 4730
2640 2680 5680 4730
2640 2670 5690 4730
2640 2670 5730 4730
2640 2660 6890 4720
2650 2670 6750 4730
2650 2660 5560 4730
2650 2650 5510 4730
2650 2650 5560 4730
2650 2650 6320 4720
2640 2650 6180 4730
2650 2650 6090 4730
2650 2650 6060 4730
2650 2650 5040 4730
2660 2660 5010 4740
2660 2660 4950 4750
2660 2660 4910 4750
2650 2650 4930 4750
2650 2650 4850 4750
2650 2650 4820 4750
2650 2640 4790 4730
2650 2640 4770 4730
2650 2640 4950 4730
2650 2640 5090 4740
2650 2650 6810 4740
2650 2650 6220 4740
2650 2650 5820 4740
2660 2650 5520 4740
2660 2650 5330 4740
2650 2650 4680 4940
2650 2660 4670 4880
2640 2660 4670 4930
2630 2660 4680 4930
2630 2660 4680 4950
2630 2660 4680 4960
2640 2660 4670 4950
2640 2660 4660 4930
2650 2660 4660 4920
2650 2650 4670 4930
2630 2660 4670 4880
2630 2650 4670 4840
2640 2650 4670 4830
2640 2660 4670 4850
2640 2660 4670 4850
2640 2650 4670 4870
2650 2660 4670 4870
2650 2660 4670 4880
2640 2660 4670 4950
2650 2660 4670 5040
2630 2660 4670 5130
2640 2660 4670 5050
2650 2660 4680 5000
2650 2660 4680 4830
2660 2660 4680 4820
2660 2650 4680 4840
2650 2660 4680 4960
2660 2650 4680 5170
2640 2650 4680 5130
2650 2660 4680 5090
2660 2650 4670 5450
2660 2650 4680 5500
2640 2650 4680 5450
2640 2650 4670 5410
2640 2660 4680 5460
2650 2650 4680 5490
2640 2650 4680 5480
2650 2650 4670 5470
2660 2640 4660 5480
2650 2640 4670 5260
2660 2640 4670 5100
2650 2640 4660 4990
2650 2640 4660 4990
2650 2650 4650 5140
2650 2650 4660 5240
2650 2650 4660 5130
2650 2650 4670 5000
2650 2660 4670 4810
2650 2660 4670 4790
2650 2660 4670 4800
2650 2660 4670 4970
2650 2660 4680 5110
2650 2650 4680 5210
2650 2650 4680 5100
2650 2650 4690 5010
2630 2660 4690 4860
2630 2660 4690 4830
2630 2640 4690 4840
2650 2640 4690 4810
2650 2650 4690 4820
2650 2650 4690 4800
2660 2650 4690 4840
2660 2650 4680 4970
2650 2650 4680 5120
2650 2650 4680 5090
2650 2650 4680 5060
2640 2660 4680 4970
2640 2660 4680 4990
2630 2660 4690 5200
2620 2660 4680 5190
2630 2660 4680 5140
2630 2650 4680 5020
2630 2650 4680 4950
2630 2650 4680 4890
2630 2650 4680 4850
2630 2660 4680 4820
2640 2660 4690 4800
2640 2650 4680 4860
2640 2640 4680 4880
2640 2640 4680 4890
2650 2640 4680 4870
