2890 3020 4230 4330
2890 3030 4240 4330
2890 3030 4240 4330
2880 3000 4230 4330
2880 2990 4240 4330
2880 2980 4240 4330
2870 3060 4240 4320
2880 3080 4240 4320
2880 3060 4250 4320
2870 3090 4250 4320
2880 3090 4230 4310
2880 3090 4240 4310
2880 3070 4230 4310
2890 3070 4230 4310
2890 3060 4240 4320
2900 3050 4230 4320
2890 3070 4230 4320
2880 3070 4240 4320
2880 3080 4240 4320
2880 3080 4250 4320
2890 3060 4240 4310
2890 3070 4240 4320
2880 3070 4240 4320
2890 3080 4250 4320
2890 3110 4250 4320
2890 3100 4240 4320
2890 3100 4240 4310
2880 3110 4250 4300
2880 3120 4260 4300
2890 3110 4250 4310
2880 3080 4240 4320
2880 3070 4250 4330
2880 3070 4250 4330
2880 3080 4250 4330
2870 3090 4240 4330
2870 3060 4250 4330
2870 3070 4240 4320
2870 3090 4250 4320
2870 3080 4250 4320
2860 3060 4250 4320
2870 3080 4250 4320
2870 3060 4250 4320
2870 3050 4260 4320
2870 3030 4260 4320
2880 3050 4250 4320
2870 3050 4250 4320
2880 3070 4240 4320
2890 3080 4240 4320
2890 3080 4240 4310
2890 3080 4240 4320
2880 3100 4250 4310
2890 3110 4240 4310
2890 3130 4240 4310
2890 3120 4250 4310
2890 3090 4240 4320
2900 3060 4240 4320
2890 3060 4240 4320
2880 3060 4240 4320
2880 3060 4250 4310
2880 3050 4250 4290
2880 3050 4240 4290
2880 3050 4250 4300
2880 3070 4270 4310
2880 3050 4250 4320
2880 3060 4260 4310
2890 3000 4240 4320
2880 2990 4240 4320
2870 3050 4250 4300
2870 3010 4240 4330
2880 3010 4250 4330
2890 3010 4240 4330
2880 3030 4250 4330
2880 3080 4250 4330
2870 3080 4250 4330
2880 3090 4250 4330
2880 3110 4240 4330
2870 3100 4230 4330
2880 3090 4240 4330
2880 3100 4240 4320
2870 3130 4230 4320
2880 3100 4230 4320
2890 3060 4230 4330
2880 3090 4230 4330
2890 3080 4240 4320
2890 3100 4250 4320
2890 3130 4240 4320
2880 3130 4230 4320
2880 3140 4240 4330
2890 3120 4230 4330
2880 3100 4230 4330
2870 3090 4230 4330
2870 3090 4240 4330
2870 3100 4240 4330
2870 3090 4240 4330
2880 3080 4250 4320
2870 2840 4240 4840
2870 2840 4250 4960
2880 2850 4260 5060
2880 2850 4260 5130
2870 2850 4270 5200
2870 2840 4250 5200
2870 2840 4260 5250
2880 2860 4230 5350
2880 2860 4240 5310
2890 2860 4250 5260
2880 2860 4240 5230
2880 2850 4240 5230
2880 2850 4230 5230
2890 2860 4210 5080
2890 2850 4210 4920
2890 2850 4220 4790
2890 2850 4240 4640
2880 2840 4230 4610
2880 2840 4240 4570
2880 2840 4230 4560
2890 2840 4240 4530
2890 2830 4240 4520
2890 2830 4240 4500
2890 2840 4240 4530
2890 2860 4260 4550
2890 2850 4260 4560
2890 2850 4270 4520
2880 2850 4260 4470
2880 2850 4250 4460
2890 2850 4250 4450
2880 2850 4250 4450
2880 2850 4260 4490
2870 2850 4260 4460
2870 2850 4270 4460
2880 2850 4270 4460
2880 2850 4250 4440
2880 2850 4250 4460
2880 2840 4250 4470
2870 2850 4230 4460
2870 2840 4230 4530
2880 2840 4250 4540
2870 2840 4260 4560
2870 2840 4260 4570
2870 2830 4260 4740
2870 2830 4260 4830
2880 2830 4260 4830
2870 2840 4260 4810
2870 2830 4260 4670
2870 2830 4260 4610
2860 2830 4250 4550
2880 2830 4250 4560
2880 2830 4250 4550
2870 2840 4240 4580
2880 2840 4240 4560
2870 2850 4240 4690
2880 2850 4230 4800
2880 2850 4240 4830
2880 2850 4240 4750
2880 2850 4240 4690
2870 2850 4230 4670
2870 2850 4230 4660
2860 2840 4230 4660
2860 2830 4230 4650
2870 2840 4240 4650
2870 2830 4250 4610
2870 2840 4240 4580
