3160 3650 3890 3860
3160 3590 3890 3860
3160 3590 3880 3860
3160 3640 3870 3860
3170 3660 3880 3860
3170 3620 3870 3860
3170 3600 3870 3850
3160 3610 3880 3860
3160 3650 3870 3860
3160 3620 3870 3860
3160 3590 3870 3860
3160 3640 3870 3860
3160 3630 3880 3860
3160 3590 3880 3870
3160 3590 3870 3860
3160 3610 3860 3860
3160 3590 3860 3860
3160 3590 3870 3860
3160 3590 3880 3860
3170 3580 3870 3860
3160 3640 3870 3860
3160 3650 3870 3860
3160 3590 3870 3870
3160 3620 3870 3870
3150 3580 3870 3860
3140 3610 3870 3850
3140 3640 3870 3860
3150 3640 3880 3850
3160 3600 3870 3850
3160 3610 3880 3860
3150 3670 3870 3870
3140 3610 3870 3860
3160 3600 3880 3870
3150 3620 3870 3860
3150 3670 3870 3860
3160 3670 3880 3870
3160 3640 3880 3870
3160 3630 3870 3860
3160 3630 3870 3870
3160 3630 3860 3870
3170 3600 3880 3870
3170 3640 3880 3870
3170 3620 3880 3870
3170 3620 3870 3860
3170 3640 3870 3870
3170 3660 3870 3870
3160 3650 3870 3870
3160 3670 3870 3850
3150 3610 3880 3850
3150 3610 3890 3850
3150 3650 3880 3850
3150 3620 3870 3850
3150 3600 3880 3850
3160 3630 3880 3850
3160 3600 3860 3860
3170 3590 3870 3850
3170 3640 3870 3850
3170 3600 3880 3850
3160 3610 3870 3850
3150 3610 3870 3850
3150 3140 4330 3860
3160 3140 4360 3860
3170 3140 4330 3860
3170 3130 4360 3860
3170 3140 4390 3860
3170 3130 4360 3860
3150 3130 4350 3860
3150 3120 4400 3860
3160 3120 4370 3860
3160 3130 4330 3850
3160 3130 4330 3850
3160 3130 4350 3860
3150 3140 4400 3870
3140 3150 4340 3870
3160 3150 4400 3860
3160 3140 4370 3860
3170 3150 4350 3860
3170 3130 4370 3860
3180 3140 4400 3850
3180 3140 4370 3850
3170 3140 4360 3850
3160 3140 4370 3860
3170 3130 4360 3860
3160 3130 4350 3860
3160 3140 4360 3860
3150 3150 4410 3860
3160 3140 4360 3860
3160 3150 4350 3860
3150 3140 4380 3860
3160 3150 4400 3860
3150 3150 4350 3860
3160 3150 4340 3860
3160 3150 4390 3860
3160 3150 4330 3870
3160 3150 4370 3860
3150 3140 4390 3860
3150 3150 4390 3850
3150 3150 4340 3840
3160 3150 4360 3840
3150 3150 4340 3840
3150 3150 4360 3840
3150 3140 4350 3850
3150 3140 4360 3850
3160 3140 4370 3850
3150 3140 4400 3850
3150 3140 4340 3850
3160 3140 4370 3850
3170 3140 4350 3850
3160 3150 4380 3850
3160 3140 4340 3860
3170 3160 4330 3860
3180 3160 4350 3860
3180 3160 4390 3860
3180 3150 4350 3860
3180 3140 4400 3860
3180 3130 4350 3860
3170 3140 4360 3850
3160 3140 4330 3850
3150 3130 4400 3860
3160 3130 4390 3850
3160 3140 4350 3850
3150 3140 4360 3850
3140 3140 4380 3840
3140 3140 4340 3850
3140 3140 4340 3860
3160 3140 4360 3850
3150 3130 4360 3850
3150 3130 4340 3840
3150 3130 4390 3850
3150 3140 4390 3860
3150 3140 4330 3860
3160 3130 4330 3860
3160 3130 4380 3860
3160 3140 4340 3860
3170 3140 4360 3860
3160 3130 4320 3860
3160 3140 4380 3860
3160 3140 4370 3860
3160 3140 4380 3850
3160 3140 4340 3850
3160 3140 4390 3850
3150 3150 4410 3860
3160 3140 4360 3860
3160 3140 4330 3870
3170 3140 4370 3870
3170 3140 4350 3870
3170 3130 4350 3870
3170 3120 4350 3860
