3600 3440 3510 3440
3720 3440 3510 3440
3740 3440 3500 3450
3710 3430 3510 3440
3700 3430 3510 3440
3690 3430 3510 3440
3680 3420 3530 3440
3700 3420 3520 3440
3740 3430 3510 3440
3770 3430 3500 3450
3800 3430 3520 3440
3790 3440 3520 3440
3780 3440 3500 3430
3780 3440 3490 3440
3780 3440 3490 3430
3770 3440 3490 3440
3790 3430 3490 3440
3780 3430 3500 3440
3740 3440 3520 3450
3730 3440 3500 3440
3710 3430 3490 3450
3730 3430 3500 3450
3740 3430 3490 3450
3760 3430 3490 3450
3770 3430 3500 3450
3780 3450 3510 3450
3790 3440 3510 3450
3790 3440 3500 3460
3790 3430 3500 3450
3800 3430 3510 3450
3810 3430 3520 3450
3820 3430 3520 3450
3810 3430 3520 3450
3800 3440 3510 3450
3790 3440 3510 3450
3780 3440 3520 3450
3780 3450 3510 3450
3770 3440 3510 3450
3780 3430 3520 3450
3790 3430 3510 3450
3790 3430 3510 3460
3790 3430 3510 3460
3790 3440 3520 3450
3800 3430 3510 3440
3790 3420 3510 3440
3780 3420 3490 3440
3810 3420 3500 3450
3820 3420 3510 3450
3820 3420 3510 3450
3780 3440 3510 3450
3780 3440 3520 3450
3780 3440 3520 3450
3800 3440 3520 3450
3790 3450 3510 3450
3780 3440 3490 3440
3760 3440 3500 3440
3740 3450 3490 3450
3730 3450 3510 3450
3730 3450 3510 3450
3720 3450 3510 3450
3730 3460 3500 3450
3720 3450 3490 3450
3730 3450 3490 3440
3720 3440 3500 3440
3720 3450 3490 3440
3700 3450 3490 3440
3700 3450 3490 3440
3700 3460 3490 3450
3710 3470 3480 3450
3720 3470 3490 3450
3740 3470 3500 3450
3750 3450 3510 3450
3750 3450 3520 3450
3750 3440 3520 3450
3750 3460 3520 3460
3740 3450 3520 3460
3720 3440 3520 3460
3700 3440 3520 3460
3540 3420 3490 3640
3530 3440 3500 3730
3530 3430 3500 3730
3530 3440 3490 3820
3530 3430 3490 3980
3530 3430 3490 3940
3530 3430 3500 3870
3530 3430 3490 3840
3540 3420 3500 3800
3520 3420 3520 3920
3520 3420 3520 4000
3520 3440 3510 3890
3520 3460 3510 3890
3540 3450 3510 3880
3550 3440 3510 3870
3540 3460 3520 3910
3540 3460 3510 3960
3550 3460 3510 3930
3550 3440 3510 3990
3550 3430 3510 4040
3550 3430 3500 4000
3550 3430 3520 3950
3530 3420 3520 3890
3540 3410 3510 3810
3540 3430 3510 3760
3540 3430 3510 3770
3530 3420 3510 3800
3530 3440 3520 3740
3530 3450 3510 3740
3530 3440 3500 3730
3530 3430 3510 3730
3520 3430 3500 3730
3530 3420 3510 3730
3530 3430 3500 3700
3530 3430 3500 3690
3530 3430 3500 3690
3540 3420 3500 3720
3540 3410 3510 3730
3540 3410 3510 3730
3540 3410 3500 3740
3520 3410 3510 3730
3510 3410 3510 3710
3500 3430 3500 3720
3520 3430 3510 3740
3520 3430 3510 3750
3520 3430 3510 3750
3520 3420 3510 3750
3530 3420 3510 3760
3530 3430 3500 3770
3520 3420 3490 3770
3530 3410 3490 3760
3530 3410 3500 3780
3530 3430 3500 3780
3530 3420 3500 3780
3540 3430 3500 3760
3530 3420 3520 3740
3530 3420 3520 3710
3530 3430 3520 3690
3540 3440 3530 3680
3550 3440 3520 3790
3550 3430 3500 3910
3550 3440 3520 3960
3550 3440 3520 4040
3540 3450 3520 4060
3540 3440 3510 3810
3540 3430 3510 3730
3550 3430 3510 3680
3540 3440 3500 3640
3530 3450 3500 3590
3530 3430 3510 3580
3530 3430 3510 3580
3540 3440 3500 3580
3540 3430 3500 3580
3540 3420 3510 3600
3540 3420 3510 3610
3550 3420 3510 3610
3550 3420 3510 3620
3550 3430 3510 3640
3550 3440 3510 3650
3540 3430 3510 3650
3540 3440 3510 3650
3540 3430 3510 3670
3540 3420 3500 3670
3550 3450 3510 3680
3540 3440 3510 3680
3530 3440 3510 3690
3520 3450 3500 3690
3530 3440 3500 3690
3540 3440 3500 3690
3530 3440 3490 3690
3530 3440 3480 3680
3520 3450 3480 3650
3520 3440 3480 3640
