3950 4080 3180 3100
3950 4080 3170 3100
3950 4080 3170 3100
3940 4130 3170 3100
3940 4070 3170 3100
3930 4040 3160 3090
3930 4000 3150 3090
3930 4010 3150 3100
3930 4020 3160 3100
3940 4060 3180 3090
3940 4370 3170 3090
3950 4440 3170 3090
3980 4390 3170 3090
3950 4170 3180 3090
3950 4160 3170 3090
3950 4160 3160 3090
3950 4160 3160 3090
3950 4170 3160 3090
3950 4130 3160 3090
3950 4160 3160 3090
3950 4140 3160 3090
3950 4130 3180 3090
3950 4150 3170 3090
3950 4110 3170 3090
3950 4100 3180 3080
3950 4080 3190 3080
3960 4080 3200 3080
3950 4080 3200 3090
3950 4080 3190 3090
3950 4080 3180 3090
3950 4070 3170 3090
3950 4070 3170 3090
3950 4070 3170 3090
3950 4070 3180 3100
3950 4070 3170 3110
3950 3940 3170 3100
3940 3930 3180 3100
3950 3920 3170 3100
3960 3990 3160 3090
3960 3990 3180 3090
3950 4000 3170 3090
3950 4030 3160 3090
3950 4060 3160 3090
3960 4060 3150 3090
3950 4040 3160 3100
3950 4030 3170 3100
3950 4030 3170 3090
3960 4030 3180 3090
3950 4040 3180 3090
3950 4040 3170 3090
3950 4040 3180 3090
3950 4040 3170 3090
3950 4020 3180 3090
3950 3990 3160 3100
3960 4000 3160 3100
3960 4020 3160 3110
3950 4040 3160 3110
3950 4040 3170 3110
3950 4030 3170 3110
3950 4030 3160 3110
3950 4030 3160 3110
3950 4000 3180 3100
3950 4020 3180 3100
3950 4050 3170 3100
3950 4080 3190 3100
3950 4080 3190 3100
3940 4040 3200 3090
3940 4040 3200 3100
3940 4030 3200 3100
3930 4040 3190 3110
3950 4050 3180 3120
3940 4080 3170 3110
3960 3820 3680 3090
3960 3820 3730 3100
3950 3820 3740 3100
3950 3820 3610 3100
3950 3830 3720 3100
3960 3820 3760 3090
3950 3820 3680 3090
3950 3810 3640 3090
3960 3810 3640 3090
3980 3810 3680 3080
3980 3800 3640 3080
3980 3800 3580 3080
3990 3800 3480 3070
3980 3810 3440 3070
3990 3820 3380 3080
3960 3820 3600 3080
3960 3820 3470 3080
3960 3830 3380 3090
3940 3820 3300 3090
3940 3820 3320 3090
3940 3820 3290 3090
3950 3820 3270 3090
3950 3810 3240 3090
3960 3810 3230 3090
3960 3800 3360 3090
3960 3820 3330 3100
3980 3820 3330 3110
3990 3810 3510 3090
3990 3810 3560 3080
3990 3810 3590 3080
3990 3810 3610 3100
3980 3810 3650 3080
3960 3810 3680 3090
3950 3810 3790 3080
3960 3810 3870 3080
3960 3820 3920 3080
3950 3820 3950 3090
3950 3820 3860 3100
3960 3820 3860 3110
3980 3820 3500 3100
3960 3820 3480 3100
3950 3810 3540 3100
3950 3800 3690 3100
3950 3810 3700 3090
3950 3820 3610 3100
3960 3820 3570 3090
3960 3820 3580 3090
3960 3820 3460 3090
3960 3820 3360 3090
3950 3820 3410 3090
3940 3820 3330 3090
3950 3810 3410 3090
3950 3810 3450 3090
3950 3810 3450 3090
3960 3820 3560 3100
3960 3820 3580 3100
3950 3810 3670 3090
3960 3820 3780 3100
3960 3820 3790 3100
3960 3820 3810 3090
3980 3810 3830 3090
3950 3800 3790 3090
3950 3800 3790 3080
3960 3800 3680 3090
3950 3800 3700 3090
3960 3800 3730 3090
3960 3820 3840 3090
3950 3820 3710 3100
3950 3820 3670 3100
3960 3820 3630 3100
3950 3820 3600 3100
3960 3820 3580 3100
3950 3830 3570 3090
