4420 4260 2850 2860
4570 4260 2840 2860
4520 4260 2840 2870
4490 4270 2840 2870
4460 4270 2830 2870
4430 4260 2840 2870
4490 4260 2830 2870
4560 4250 2830 2860
4620 4240 2830 2860
4640 4240 2830 2860
4560 4250 2830 2860
4520 4250 2830 2860
4600 4250 2840 2860
4630 4250 2850 2870
4650 4260 2850 2870
4670 4260 2840 2870
4670 4260 2850 2870
4680 4260 2850 2860
4600 4240 2840 2860
4490 4250 2840 2860
4470 4250 2850 2870
4440 4260 2840 2870
4430 4260 2840 2870
4410 4260 2830 2870
4530 4260 2850 2860
4500 4260 2850 2860
4460 4250 2840 2860
4550 4260 2830 2860
4520 4260 2840 2860
4470 4260 2850 2860
4480 4260 2860 2860
4520 4260 2860 2860
4470 4260 2850 2860
4680 4260 2850 2860
4610 4260 2850 2860
4490 4250 2840 2860
4460 4250 2840 2860
4470 4250 2840 2860
4460 4260 2840 2870
4510 4250 2850 2870
4560 4250 2850 2870
4560 4250 2850 2870
4550 4250 2850 2870
4580 4260 2850 2870
4570 4260 2840 2870
4580 4260 2850 2870
4570 4250 2850 2870
4570 4250 2850 2870
4620 4260 2850 2870
4600 4260 2850 2870
4570 4270 2840 2860
4560 4270 2850 2870
4540 4270 2850 2870
4540 4270 2850 2870
4540 4270 2850 2870
4490 4240 2840 2870
4500 4250 2840 2870
4760 4250 2850 2870
4870 4250 2850 2870
4700 4260 2850 2860
4640 4260 2850 2860
4620 4260 2840 2860
4570 4260 2850 2860
4510 4260 2840 2860
4520 4260 2840 2860
4660 4260 2840 2870
4690 4260 2850 2870
4830 4260 2840 2870
4970 4270 2850 2870
4950 4270 2860 2870
4780 4270 2860 2870
4700 4260 2860 2860
4650 4260 2860 2860
4620 4260 2850 2860
4800 4260 2840 2860
4700 4260 2840 2860
4620 4260 2840 2860
4710 4250 2840 2860
4820 4270 2830 2860
4920 4270 2830 2870
4990 4260 2840 2870
4830 4260 2830 2870
4950 4270 2840 2870
5100 4270 2840 2870
4880 4270 2840 2870
4740 4270 2840 2870
4670 4270 2840 2870
4310 4640 2860 2880
4310 4770 2860 2870
4300 4910 2860 2870
4310 5020 2850 2870
4310 5050 2840 2870
4310 5070 2850 2870
4310 5060 2840 2880
4300 5050 2840 2880
4310 5050 2850 2870
4310 5020 2850 2870
4310 4860 2850 2870
4320 4840 2840 2870
4320 4920 2830 2870
4310 4950 2840 2860
4300 4980 2850 2860
4320 4730 2860 2860
4320 4850 2850 2860
4320 4940 2840 2860
4320 5000 2840 2870
4320 4870 2850 2870
4320 4970 2850 2880
4310 5020 2850 2870
4300 5050 2840 2870
4310 5040 2830 2870
4310 5040 2830 2860
4300 5050 2840 2860
4290 5060 2840 2860
4310 5030 2840 2860
4310 4710 2850 2850
4300 4620 2840 2850
4300 4550 2850 2860
4310 4520 2850 2860
4320 4490 2850 2860
4320 4500 2850 2860
4310 4630 2850 2860
4310 4710 2850 2850
4310 4730 2850 2850
4320 4680 2850 2860
4320 4650 2850 2870
4320 4610 2850 2870
4320 4550 2850 2870
4320 4560 2840 2870
4320 4600 2850 2870
4320 4630 2850 2870
4320 4640 2850 2870
4320 4640 2850 2870
4330 4630 2850 2870
4320 4640 2850 2870
4320 4650 2850 2870
4310 4660 2850 2870
4310 4670 2840 2870
4310 4680 2840 2870
4310 4700 2850 2870
4310 4740 2850 2870
4310 4770 2840 2870
4320 4760 2840 2870
4320 4770 2840 2870
4320 4810 2850 2880
4320 4890 2850 2880
4330 4940 2840 2880
4300 5060 2850 2880
4300 5000 2850 2880
4310 5030 2840 2880
4300 4910 2850 2880
4290 4950 2840 2870
4300 4920 2850 2870
4320 4840 2840 2870
4320 4820 2840 2870
4320 4840 2850 2870
4320 4880 2840 2870
4320 4830 2840 2870
4320 4860 2840 2870
4320 4890 2850 2870
4320 4930 2850 2870
4320 4930 2850 2870
4320 4740 2840 2880
4320 4690 2850 2880
4320 4730 2850 2880
4320 4770 2840 2870
4320 4750 2850 2870
4320 4720 2850 2870
4320 4700 2840 2870
4320 4700 2830 2870
4320 4710 2840 2870
4310 4700 2850 2870
4300 4660 2850 2870
4310 4630 2840 2870
