4740 5010 2600 2680
4730 5140 2610 2680
4730 5180 2610 2680
4730 5210 2610 2670
4730 5200 2610 2670
4720 5150 2610 2680
4730 5110 2610 2670
4740 5080 2610 2670
4750 5060 2610 2660
4730 5060 2610 2660
4730 5060 2610 2660
4730 5050 2610 2670
4740 5050 2610 2680
4750 5090 2610 2670
4760 5150 2610 2670
4760 5150 2600 2670
4760 5110 2600 2670
4760 5080 2610 2670
4750 5030 2610 2670
4760 4980 2610 2680
4730 4960 2610 2670
4710 5000 2620 2670
4720 5070 2620 2680
4710 5060 2610 2680
4730 5040 2610 2680
4720 4970 2610 2670
4740 5030 2610 2680
4740 5020 2600 2680
4720 5010 2610 2680
4730 5000 2610 2680
4730 4960 2610 2660
4720 5030 2610 2650
4730 5060 2600 2660
4730 5040 2600 2660
4720 5090 2600 2670
4740 5170 2610 2660
4750 5180 2600 2670
4740 5150 2610 2670
4740 5130 2610 2670
4740 5110 2610 2670
4730 5100 2620 2660
4720 5090 2620 2670
4720 5060 2620 2670
4730 5030 2620 2670
4730 5030 2620 2680
4730 5040 2620 2680
4740 5070 2620 2680
4750 5080 2620 2670
4750 4970 2620 2670
4730 4950 2620 2660
4730 4940 2610 2650
4720 4930 2610 2650
4740 5030 2620 2650
4730 5290 2620 2660
4740 5240 2630 2670
4730 4940 2610 2680
4720 4960 2610 2680
4710 5120 2620 2670
4720 5060 2620 2670
4710 5000 2620 2670
4720 5230 2620 2670
4720 5350 2610 2670
4720 5430 2610 2670
4730 5390 2600 2660
4750 5240 2600 2660
4740 5120 2600 2660
4730 5040 2610 2660
4730 5280 2620 2660
4730 5150 2620 2660
4740 5060 2630 2660
4740 5070 2630 2650
4740 5050 2630 2660
4730 5020 2630 2660
4720 4990 2630 2660
4730 4920 2630 2670
4730 4890 2630 2670
4750 5100 2630 2670
4740 4760 2590 2870
4740 4760 2590 2860
4730 4760 2590 2860
4730 4760 2600 2860
4730 4760 2600 2870
4740 4750 2620 2890
4740 4750 2620 2890
4740 4750 2620 2860
4740 4750 2620 2840
4750 4750 2610 2830
4730 4750 2600 2860
4740 4750 2610 2850
4740 4740 2610 2870
4730 4740 2610 2930
4730 4740 2610 2930
4740 4740 2610 2880
4720 4740 2610 2900
4710 4740 2600 2860
4710 4740 2590 2850
4720 4740 2600 2850
4730 4740 2610 2850
4740 4750 2610 2870
4750 4760 2600 3000
4750 4760 2610 2980
4750 4760 2600 2940
4740 4750 2600 3070
4730 4750 2590 3110
4730 4750 2600 3110
4730 4750 2600 3130
4710 4740 2610 2970
4710 4760 2610 2930
4720 4760 2600 2910
4730 4760 2600 2880
4740 4750 2600 2870
4730 4750 2600 2850
4740 4750 2600 2840
4720 4760 2610 2840
4730 4760 2600 2860
4730 4750 2610 2880
4730 4750 2610 2910
4740 4750 2610 2940
4740 4750 2610 2950
4750 4750 2620 2940
4750 4750 2620 2940
4760 4750 2620 2930
4740 4750 2620 2930
4730 4750 2620 2940
4740 4750 2610 2980
4740 4750 2620 2990
4730 4750 2610 2970
4700 4750 2600 2960
4730 4750 2610 2950
4730 4750 2610 2930
4740 4760 2600 2920
4730 4760 2600 2920
4730 4760 2600 2930
4740 4760 2610 3000
4740 4760 2620 3030
4730 4760 2620 3030
4720 4750 2590 3010
4720 4750 2590 3010
4730 4750 2600 3060
4740 4750 2600 3050
4720 4750 2600 3010
4720 4750 2600 2970
4730 4750 2600 2950
4740 4750 2600 3030
4740 4750 2590 3100
4720 4750 2600 3210
4720 4750 2590 3310
4730 4740 2600 3380
4730 4730 2610 3000
4710 4740 2610 3110
4720 4740 2610 3090
4740 4760 2610 3030
4730 4750 2610 3070
4730 4750 2610 3070
4730 4750 2610 3100
4730 4740 2620 3100
4740 4750 2620 3080
4740 4750 2610 3050
4730 4750 2600 3010
4710 4740 2600 2980
4710 4750 2600 2960
4710 4750 2600 2940
4710 4750 2600 2930
4710 4740 2610 2970
4720 4740 2600 2990
4710 4740 2600 3010
4710 4750 2610 3010
4710 4750 2600 3010
4710 4740 2600 3010
4720 4750 2600 3070
4730 4750 2600 3030
4730 4740 2610 2990
4740 4740 2610 2940
4750 4750 2610 2900
4750 4760 2600 3150
4750 4750 2590 3060
4750 4750 2600 2980
4740 4750 2610 2930
4740 4760 2610 2890
4720 4760 2610 2850
4730 4760 2600 3030
4730 4750 2600 3210
4720 4740 2600 3110
4720 4740 2600 2950
4730 4750 2610 2940
4720 4770 2610 2970
4730 4760 2610 2970
4730 4760 2600 2990
4740 4750 2600 3000
4730 4740 2600 3010
4720 4740 2600 3010
4720 4740 2600 3020
4710 4750 2610 3050
4730 4750 2610 3070
4720 4740 2600 3070
4720 4740 2600 3080
4720 4750 2600 3080
4720 4750 2600 3090
4730 4750 2600 3100
4720 4750 2600 3110
4720 4760 2610 3100
4720 4750 2610 3080
4740 4740 2620 3080
4750 4740 2610 3090
4730 4740 2600 3080
4730 4740 2600 3110
4740 4740 2610 2950
4740 4740 2610 2870
