5200 5610 2500 2510
5190 5620 2500 2510
5210 5640 2500 2510
5210 5620 2500 2510
5210 5620 2490 2510
5210 5640 2490 2510
5210 5630 2490 2520
5210 5680 2490 2510
5210 5620 2490 2510
5210 5700 2490 2510
5200 5690 2490 2510
5200 5630 2490 2510
5200 5680 2490 2510
5200 5680 2490 2510
5200 5630 2490 2510
5200 5620 2490 2510
5200 5640 2490 2510
5200 5640 2490 2510
5200 5620 2490 2510
5190 5660 2490 2510
5190 5640 2490 2520
5190 5680 2490 2510
5200 5620 2490 2510
5200 5650 2490 2510
5200 5660 2500 2510
5200 5660 2500 2510
5190 5620 2500 2510
5200 5690 2500 2510
5210 5620 2490 2520
5210 5640 2490 2520
5210 5660 2500 2520
5200 5620 2500 2520
5200 5630 2500 2520
5210 5640 2500 2520
5210 5610 2510 2520
5200 5610 2510 2520
5200 5650 2510 2520
5200 5630 2510 2520
5200 5670 2500 2520
5200 5610 2500 2520
5210 5610 2500 2520
5210 5680 2500 2520
5210 5620 2500 2520
5210 5640 2500 2510
5210 5660 2500 2510
5210 5680 2500 2510
5210 5680 2490 2510
5210 5640 2480 2510
5210 5660 2480 2510
5210 5680 2490 2510
5200 5630 2480 2510
5200 5690 2490 2510
5200 5650 2490 2510
5200 5670 2480 2510
5210 5650 2490 2510
5210 5680 2490 2520
5230 5680 2490 2520
5230 5660 2490 2520
5230 5650 2480 2510
5230 5660 2490 2510
5230 5680 2490 2510
5230 5640 2490 2510
5230 5680 2490 2510
5210 5670 2490 2520
5230 5650 2490 2520
5210 5660 2490 2520
5210 5640 2500 2520
5210 5640 2500 2510
5210 5670 2500 2510
5210 5670 2500 2510
5210 5680 2500 2510
5210 5620 2500 2520
5210 5620 2500 2520
5210 5690 2490 2520
5210 5620 2500 2520
5210 5640 2500 2520
5210 5620 2500 2520
5210 5640 2500 2520
5200 5640 2500 2520
5190 5620 2500 2520
5200 5620 2500 2510
5200 5640 2500 2510
5200 5680 2490 2520
5210 5680 2500 2510
5210 5690 2500 2510
5210 5650 2500 2520
5210 5690 2500 2520
5230 5680 2490 2510
5240 5640 2490 2510
5230 5630 2490 2510
5210 5610 2490 2510
5210 5150 3010 2510
5210 5150 2950 2510
5190 5160 2990 2510
5200 5160 3000 2510
5210 5160 3000 2510
5210 5160 2960 2520
5210 5160 2940 2520
5210 5160 3000 2510
5210 5170 2950 2510
5210 5170 2950 2510
5200 5170 2950 2510
5210 5160 2950 2510
5200 5160 3010 2510
5210 5160 2950 2510
5210 5160 2990 2510
5210 5160 3010 2510
5210 5160 2950 2510
5210 5160 2950 2510
5210 5160 2960 2510
5210 5160 3010 2510
5200 5160 3010 2510
5190 5160 2970 2510
5190 5160 2970 2510
5190 5160 3000 2510
5190 5160 2980 2510
5190 5160 2980 2510
5190 5160 2960 2500
5200 5160 2960 2500
5210 5160 2990 2500
5190 5160 2970 2500
5190 5160 2950 2510
5190 5160 2960 2510
5190 5160 3010 2510
5200 5170 2970 2510
5200 5170 2980 2510
5210 5170 2980 2510
5210 5160 3020 2510
5210 5160 2960 2510
5210 5170 3020 2510
5200 5170 3020 2510
5200 5170 2960 2510
5210 5170 3020 2520
5200 5160 3010 2510
5190 5160 3010 2510
5190 5160 2990 2510
5190 5170 2970 2510
5190 5170 2950 2510
5200 5170 2940 2510
5210 5170 2980 2500
5210 5170 2950 2500
5200 5170 2960 2500
5210 5170 3020 2500
5200 5170 2960 2510
5210 5170 2980 2510
5200 5170 3000 2510
5230 5170 2960 2510
5230 5170 2980 2520
5200 5170 3000 2520
5200 5170 2960 2510
5210 5160 3020 2510
5210 5160 3020 2510
5210 5160 3000 2510
5200 5160 2980 2520
5200 5170 3010 2510
5200 5180 2950 2500
5200 5170 3010 2500
5200 5160 2960 2510
5200 5160 3020 2520
5200 5170 3000 2500
5210 5160 2950 2500
5210 5160 3010 2500
5210 5160 2950 2500
5210 5160 2950 2510
5210 5170 2980 2510
5210 5170 3020 2510
5210 5170 3020 2510
5210 5170 3020 2510
5210 5160 2980 2510
5210 5150 3020 2510
5200 5150 3000 2510
5210 5150 2960 2510
5210 5150 2980 2500
5210 5150 3020 2500
5210 5150 2960 2510
5210 5150 3020 2510
5230 5150 2970 2510
5210 5150 2980 2510
5210 5150 3010 2510
5210 5150 2950 2500
