5490 5460 2980 2020
5490 5510 2980 2010
5480 5470 2980 2000
5480 5450 3000 2010
5490 5450 3000 2010
5500 5470 2980 2010
5500 5470 2970 2010
5500 5470 2990 2010
5490 5510 2990 2000
5480 5450 2990 2000
5490 5500 2990 2010
5490 5480 2980 2010
5490 5520 2990 2010
5490 5470 2990 2000
5490 5450 2980 2010
5490 5470 2980 2000
5500 5450 2990 2000
5500 5480 2980 2000
5500 5450 2990 1990
5500 5490 2990 2000
5500 5490 3000 2010
5490 5430 3000 2000
5490 5510 3000 2010
5500 5470 3000 2010
5500 5500 2990 2010
5500 5480 2990 2020
5490 5440 2980 2020
5490 5450 2970 2030
5490 5440 2990 2040
5490 5450 2970 2020
5490 5430 2970 2030
5490 5430 2970 2020
5490 5490 2970 2020
5490 5500 2980 2010
5490 5450 3000 2020
5490 5470 2990 2020
5500 5450 2990 2020
5500 5520 2990 2020
5490 5460 3010 2030
5490 5440 2990 2010
5500 5490 2980 2010
5500 5490 2980 2000
5500 5450 3000 2010
5490 5460 3010 2020
5490 5520 2990 2020
5490 5450 2970 2000
5490 5480 2990 2000
5490 5490 2990 2010
5480 5480 2990 2020
5480 5520 2990 2020
5480 5520 2980 2020
5480 5480 2990 2020
5490 5460 2980 2010
5480 5510 2980 1990
5480 5440 2980 1990
5480 5440 2990 1990
5480 5440 2990 1990
5480 5470 3000 1990
5480 5450 3020 2000
5480 5510 3010 2000
5480 5510 3000 2000
5480 5470 2990 2010
5480 5490 2980 2010
5480 5510 2990 2010
5480 5450 2970 2010
5480 5460 2970 2000
5490 5520 2990 2010
5490 5510 2980 2000
5490 5460 2990 2000
5480 5460 2960 2010
5480 5470 2950 2000
5490 5490 2980 2000
5490 5470 2970 2000
5490 5470 2970 2010
5490 5510 2980 2020
5490 5450 2970 2020
5490 4990 3460 2010
5490 5000 3460 2010
5490 5000 3480 2010
5490 5000 3490 2000
5490 5000 3450 2010
5490 4990 3490 2020
5490 4980 3490 2010
5490 4980 3480 2000
5500 4990 3500 2000
5500 4990 3430 2000
5490 4980 3480 2010
5490 4990 3450 2000
5490 4990 3460 2010
5490 4990 3450 2000
5500 4980 3450 2010
5500 4980 3480 2020
5500 4990 3470 2010
5500 4980 3440 2020
5500 4990 3460 2020
5500 4990 3420 2010
5510 4990 3430 2000
5500 5000 3500 2010
5490 4990 3430 2020
5490 4990 3450 2020
5500 4990 3490 2010
5500 4990 3480 2010
5500 4990 3500 2010
5500 4980 3490 2020
5500 4990 3470 1990
5500 4990 3470 1990
5500 4990 3500 2010
5500 4990 3510 2010
5500 4990 3520 2000
5500 4990 3520 2000
5500 4990 3500 2000
5500 4990 3440 1990
5500 4990 3490 1990
5500 4990 3470 1990
5500 4990 3470 1990
5500 4990 3470 1980
5490 5000 3460 1990
5490 4990 3440 1990
5500 4990 3460 1990
5500 4990 3450 1990
5500 5000 3470 1990
5490 4990 3480 2000
5490 4990 3440 2000
5490 4990 3480 1980
5500 4990 3470 1990
5500 4990 3470 2000
5490 4990 3460 2000
5490 4990 3460 2000
5490 4990 3470 2000
5490 4990 3430 2010
5490 4990 3420 2000
5490 5000 3440 2000
5490 5000 3440 2000
5490 4990 3420 2000
5490 4990 3440 2010
5490 4990 3440 2000
5490 5000 3480 1990
5490 4990 3450 2000
5490 4990 3450 1990
5490 4990 3510 1990
5490 4990 3500 1990
5490 4980 3480 2000
5490 4980 3500 1990
5490 4990 3490 2000
5490 4990 3500 2000
5490 4990 3440 2000
5490 4990 3480 1990
5500 4990 3520 1990
5500 4990 3480 1990
5500 5000 3460 1990
