5060 4820 3130 2160
5060 5000 3130 2170
5050 5100 3150 2180
5050 4940 3140 2180
5050 4810 3150 2190
5050 4770 3130 2180
5050 4700 3150 2170
5050 4660 3140 2170
5040 4630 3130 2170
5050 4810 3140 2180
5050 4860 3140 2180
5040 4960 3130 2180
5040 4870 3130 2180
5040 4990 3140 2180
5040 5030 3130 2180
5050 5030 3140 2180
5050 5010 3150 2180
5060 4850 3140 2180
5060 4760 3150 2180
5060 4710 3140 2180
5060 4880 3150 2180
5060 5050 3150 2160
5050 5050 3140 2160
5060 5150 3140 2180
5060 5170 3150 2190
5060 5190 3150 2190
5060 5110 3150 2180
5060 5100 3150 2180
5060 4990 3150 2180
5060 5140 3140 2180
5050 5150 3150 2180
5050 5140 3140 2180
5050 5130 3140 2180
5050 5120 3130 2180
5050 5130 3140 2180
5050 5130 3140 2180
5050 5130 3130 2170
5050 5120 3130 2170
5060 5090 3130 2170
5060 5080 3130 2180
5060 5090 3140 2170
5050 5090 3150 2160
5050 5090 3150 2160
5050 5100 3160 2170
5050 5100 3160 2170
5050 5110 3160 2170
5050 5110 3160 2170
5050 5110 3160 2160
5050 5110 3160 2170
5040 5090 3140 2170
5040 5070 3140 2170
5040 5070 3150 2170
5040 5090 3130 2170
5040 5100 3140 2170
5050 5100 3140 2170
5050 5070 3150 2170
5050 5060 3150 2170
5040 5050 3140 2170
5050 5070 3150 2160
5050 5070 3150 2160
5060 5070 3150 2180
5060 5070 3160 2190
5060 5080 3150 2190
5050 5070 3150 2190
5050 5080 3150 2190
5050 5070 3150 2180
5050 5070 3150 2170
5050 5060 3140 2170
5050 5060 3150 2170
5040 5060 3150 2160
5040 5060 3150 2170
5050 5050 3130 2170
5060 5030 3120 2170
5060 5040 3140 2180
5060 5050 3140 2180
5050 5070 3120 2170
5050 5060 3120 2170
5050 5010 3110 2160
5050 5050 3120 2170
5050 4950 3120 2170
5050 4880 3120 2170
5050 4950 3140 2170
5050 4850 3150 2170
5050 5050 3150 2180
5030 4450 3300 2150
5030 4450 3370 2150
5040 4450 3680 2160
5030 4450 3570 2170
5030 4440 3750 2180
5020 4440 3620 2180
5020 4440 3580 2190
5020 4440 3580 2170
5020 4440 3610 2170
5020 4440 3570 2170
5050 4440 3550 2180
5050 4450 3620 2180
5050 4450 3700 2180
5050 4440 3610 2180
5050 4440 3570 2180
5060 4430 3390 2170
5050 4440 3260 2170
5050 4450 3230 2180
5060 4450 3280 2180
5060 4430 3300 2180
5070 4440 3310 2180
5070 4420 3300 2180
5070 4440 3290 2170
5070 4440 3300 2160
5070 4450 3320 2170
5070 4450 3320 2170
5070 4450 3310 2170
5070 4450 3310 2170
5070 4440 3310 2180
5070 4440 3330 2170
5060 4440 3300 2180
5060 4430 3300 2170
5060 4430 3260 2160
5050 4440 3270 2160
5050 4450 3520 2160
5060 4440 3440 2170
5050 4440 3400 2170
5050 4440 3410 2170
5040 4450 3390 2170
5030 4440 3340 2180
5030 4440 3340 2180
5040 4430 3330 2180
5040 4440 3320 2180
5040 4440 3320 2180
5050 4440 3330 2180
5050 4440 3330 2180
5050 4440 3340 2170
5050 4450 3370 2180
5050 4430 3370 2190
5050 4440 3370 2190
5040 4440 3370 2190
5040 4430 3370 2190
5050 4440 3370 2190
5050 4430 3370 2180
5050 4440 3370 2180
5050 4440 3370 2190
5050 4430 3360 2190
5050 4430 3340 2190
5050 4440 3330 2190
5050 4430 3330 2190
5050 4430 3320 2180
5050 4440 3320 2190
5060 4440 3320 2190
5060 4450 3320 2190
5060 4450 3310 2180
5050 4450 3300 2180
5050 4430 3290 2180
5050 4440 3290 2180
5050 4440 3290 2190
5040 4440 3310 2170
5040 4440 3320 2160
5040 4420 3320 2180
5050 4430 3310 2180
5050 4430 3290 2180
5050 4440 3280 2170
5050 4430 3270 2170
5040 4430 3270 2160
5040 4440 3280 2160
5040 4450 3290 2160
5030 4440 3320 2160
5020 4440 3330 2170
5020 4430 3380 2180
5030 4430 3390 2180
5030 4440 3400 2190
5020 4430 3390 2170
5030 4440 3380 2170
5030 4430 3390 2160
