2610 3810 3920 4870
2600 3800 3920 4880
2600 3800 3920 4870
2560 3820 3920 4870
2580 3820 3920 4870
2570 3820 3930 4860
2540 3810 3920 4860
2530 3810 3920 4860
2540 3820 3910 4860
2540 3800 3920 4860
2530 3800 3930 4860
2540 3800 3920 4860
2530 3800 3920 4860
2530 3800 3920 4860
2530 3800 3920 4850
2530 3800 3920 4850
2540 3800 3920 4860
2600 3820 3920 4860
2550 3820 3920 4870
2530 3820 3920 4870
2520 3820 3930 4870
2550 3820 3930 4870
2550 3820 3930 4870
2570 3820 3930 4880
2570 3820 3930 4880
2590 3820 3930 4880
2580 3820 3920 4880
2560 3810 3920 4870
2540 3810 3920 4860
2550 3810 3920 4860
2550 3810 3920 4860
2550 3820 3920 4860
2530 3820 3920 4870
2530 3820 3930 4870
2570 3820 3920 4870
2550 3820 3910 4860
2540 3830 3920 4850
2540 3820 3920 4850
2550 3820 3920 4850
2530 3830 3920 4860
2600 3830 3910 4860
2570 3840 3920 4870
2550 3830 3920 4870
2540 3830 3920 4880
2570 3820 3930 4880
2590 3820 3920 4870
2600 3830 3930 4860
2530 3820 3930 4860
2590 3800 3930 4860
2550 3800 3930 4870
2560 3800 3930 4860
2570 3800 3920 4860
2530 3800 3930 4860
2590 3820 3930 4860
2550 3820 3930 4860
2570 3810 3910 4860
2560 3820 3910 4860
2540 3820 3910 4860
2600 3810 3920 4870
2550 3810 3920 4860
2530 3810 3920 4860
2560 3810 3920 4870
2520 3800 3920 4870
2510 3800 3920 4870
2580 3810 3920 4870
2570 3820 3920 4860
2530 3820 3920 4860
2590 3820 3910 4860
2550 3830 3910 4860
2550 3820 3910 4860
2550 3810 3910 4860
2590 3820 3910 4870
2590 3830 3910 4870
2550 3840 3920 4860
2580 3840 3930 4860
2550 3840 3930 4860
2600 3850 3930 4860
2550 3850 3920 4870
2550 3860 3920 4870
2530 3830 3910 4860
2570 3830 3910 4860
2540 3820 3920 4860
2530 3830 3920 4860
2550 3830 3920 4860
2570 3820 3920 4860
2550 3820 3910 4870
2540 3810 3920 4870
2560 3830 3920 4870
2600 3830 3920 4860
2560 3830 3920 4870
2600 3820 3920 4870
2610 3830 3920 4870
2610 3820 3930 4880
2550 3820 3930 4870
2090 4300 3920 4870
2090 4280 3920 4870
2090 4270 3910 4870
2080 4320 3910 4870
2080 4300 3910 4870
2080 4300 3910 4870
2080 4290 3890 4870
2070 4290 3900 4870
2080 4290 3910 4870
2080 4340 3910 4870
2080 4280 3900 4880
2070 4330 3890 4890
2080 4300 3890 4890
2090 4280 3900 4890
2090 4350 3900 4880
2090 4320 3910 4880
2080 4290 3910 4870
2070 4300 3910 4870
2070 4300 3920 4880
2070 4290 3920 4870
2070 4270 3920 4870
2080 4330 3910 4870
2090 4310 3920 4860
2090 4290 3910 4860
2090 4320 3900 4860
2080 4320 3890 4860
2080 4320 3890 4860
2080 4290 3880 4860
2090 4270 3890 4860
2090 4290 3890 4860
2090 4310 3890 4860
2090 4270 3900 4870
2090 4270 3900 4870
2090 4330 3900 4860
2090 4270 3900 4860
2080 4320 3900 4860
2080 4330 3890 4860
2080 4350 3890 4870
2080 4330 3890 4870
2090 4300 3890 4860
2090 4300 3890 4860
2090 4290 3880 4860
2090 4360 3890 4860
2090 4290 3880 4860
2080 4280 3880 4870
2090 4290 3890 4860
2080 4280 3890 4860
2080 4330 3890 4860
2080 4270 3900 4860
2070 4300 3890 4870
2070 4300 3890 4870
2070 4330 3890 4870
2080 4290 3900 4860
2080 4300 3900 4860
2070 4270 3900 4860
2080 4330 3910 4860
2070 4300 3910 4860
2070 4280 3900 4860
2070 4330 3900 4860
2070 4290 3890 4860
2070 4310 3890 4870
2070 4280 3890 4860
2070 4310 3890 4860
2070 4340 3890 4870
2070 4320 3890 4870
2080 4310 3890 4870
2070 4300 3890 4870
2080 4330 3890 4870
2070 4280 3890 4870
2070 4350 3900 4860
2070 4350 3900 4860
2070 4340 3900 4860
2070 4280 3900 4870
2070 4300 3900 4870
2070 4270 3900 4870
2080 4300 3900 4870
2070 4280 3900 4870
2080 4300 3900 4860
2070 4290 3900 4870
2090 4310 3900 4870
2090 4290 3910 4870
2110 4310 3920 4860
2090 4300 3910 4860
2110 4320 3910 4860
2110 4340 3910 4860
2090 4270 3910 4860
2090 4290 3910 4860
2090 4280 3910 4860
2090 4350 3900 4860
2110 4320 3900 4870
2110 4290 3900 4870
2090 4280 3900 4860
2090 4300 3890 4860
2110 4310 3890 4860
2110 4320 3890 4860
2110 4300 3890 4870
2110 4320 3880 4860
2090 4280 3890 4860
2090 4330 3900 4870
