4990 3990 3330 2440
5110 3980 3330 2460
5130 3960 3330 2450
5190 3960 3320 2460
5180 3960 3320 2470
5140 3980 3320 2470
5100 3980 3330 2470
5020 3960 3330 2470
5410 3960 3320 2480
5120 3960 3320 2460
5090 3980 3330 2460
5130 3960 3330 2450
5200 3960 3330 2450
5300 3950 3330 2460
5280 3950 3330 2470
5150 3960 3330 2470
5180 3960 3330 2460
5000 3960 3330 2460
4980 3960 3330 2460
5150 3990 3330 2460
5240 4000 3330 2470
5090 3990 3330 2460
4970 3980 3330 2460
5010 3990 3330 2450
5090 3990 3330 2470
5090 4000 3330 2450
4990 3990 3330 2460
4950 3980 3330 2460
4880 3980 3330 2470
4890 3960 3320 2470
4910 3960 3320 2450
4910 3980 3320 2460
4870 3980 3320 2470
4840 3980 3320 2470
4790 3980 3320 2470
4820 3980 3320 2480
4910 3980 3320 2470
4940 3980 3320 2460
4940 3960 3320 2450
5060 3980 3320 2450
5120 3980 3320 2440
5110 3980 3320 2450
5100 4000 3320 2470
5160 3990 3330 2460
5200 3980 3330 2460
5180 3980 3330 2470
5140 3990 3330 2460
5110 3980 3330 2470
5090 3980 3330 2470
5090 3960 3330 2460
5130 3960 3330 2460
5180 3950 3330 2460
5200 3950 3330 2470
5240 3950 3330 2460
5290 3980 3330 2470
5120 3980 3330 2460
5070 3980 3330 2460
5040 3980 3330 2470
5020 3980 3330 2470
4990 3980 3330 2460
4980 3980 3330 2450
4980 4000 3330 2450
5000 3990 3320 2470
5020 3980 3320 2480
5100 3980 3320 2480
5120 3980 3320 2490
5150 3980 3320 2470
5170 3980 3320 2470
5150 3960 3330 2460
5160 3960 3330 2450
5140 3960 3330 2460
5130 3980 3330 2470
5130 3980 3330 2470
5120 3980 3330 2470
5100 3980 3330 2480
5130 3990 3330 2480
5150 3990 3330 2460
5110 3980 3330 2470
5620 3990 3330 2460
5380 3990 3330 2450
4650 3960 3320 2640
4660 3980 3330 2630
4660 3960 3330 2600
4650 3960 3320 2630
4640 3980 3330 2700
4640 3980 3330 2660
4650 3980 3330 2700
4630 3980 3320 2750
4630 3980 3330 2700
4640 3980 3330 2770
4640 3980 3330 2910
4660 3980 3330 2720
4650 3980 3330 2830
4630 3980 3330 2780
4630 3980 3330 2800
4630 3960 3330 2780
4640 3960 3330 2760
4630 3960 3330 2750
4630 3980 3320 2720
4630 3960 3310 2690
4640 3960 3310 2760
4640 3980 3310 2770
4630 3990 3310 2780
4630 3990 3320 2810
4630 3980 3320 2810
4630 3980 3320 2840
4630 3960 3330 2810
4630 3980 3330 2770
4630 3980 3330 2770
4640 3990 3330 2760
4650 3990 3330 2750
4640 3990 3330 2680
4640 3980 3330 2680
4650 3980 3320 2660
4640 3960 3320 2680
4620 3960 3320 2680
4620 3980 3320 2710
4610 3980 3320 2680
4620 3980 3320 2670
4620 3990 3330 2640
4630 3980 3330 2760
4630 3960 3320 2790
4640 3980 3320 2810
4630 3960 3330 2840
4640 3980 3330 2830
4630 3980 3330 2830
4630 3980 3330 2830
4630 4000 3330 2830
4630 4000 3330 2800
4650 4000 3330 2800
4650 3990 3330 2790
4640 3990 3330 2800
4640 3990 3330 2810
4630 3990 3330 2810
4620 3960 3330 2810
4630 3980 3320 2820
4640 3980 3320 2780
4640 3980 3320 2740
4640 3980 3320 2750
4630 3980 3320 2750
4620 3980 3320 2780
4610 3980 3330 2810
4610 3960 3320 2800
4610 3990 3330 2800
4630 3990 3330 2820
4640 3990 3330 2820
4640 3990 3330 2850
4640 3980 3340 2880
4630 3980 3330 2900
4630 3980 3330 2930
4640 3980 3330 2940
4630 3960 3320 3000
4630 3960 3330 3060
4630 3960 3320 2990
4630 3960 3320 2900
4640 3960 3330 2870
4630 3980 3360 2840
4620 3980 3360 2830
4620 3980 3340 2880
4630 3960 3330 2980
4630 3980 3340 3010
4630 3990 3330 2970
4630 3990 3330 2850
4620 3990 3330 2850
4620 3980 3330 2810
4620 3980 3310 2760
4630 3960 3320 2750
4630 3960 3320 2760
4630 3980 3310 2790
4620 3980 3310 2940
4630 3980 3310 2820
4640 3980 3310 2850
4650 3980 3310 2990
4640 3960 3300 2990
4630 3980 3320 3050
4630 3990 3330 3240
4630 3980 3330 3330
