4390 3550 3560 2710
4400 3550 3560 2710
4410 3550 3550 2710
4410 3560 3550 2710
4410 3570 3550 2720
4420 3570 3550 2740
4380 3570 3550 2740
4390 3570 3550 2740
4390 3560 3560 2720
4410 3560 3550 2710
4400 3560 3550 2740
4430 3560 3550 2720
4480 3570 3560 2720
4510 3560 3560 2740
4540 3550 3550 2750
4550 3560 3550 2740
4570 3560 3550 2740
4570 3560 3550 2740
4580 3560 3550 2720
4550 3540 3550 2720
4530 3550 3550 2710
4490 3560 3550 2710
4490 3550 3550 2720
4530 3550 3550 2720
4500 3560 3550 2720
4490 3560 3550 2720
4500 3560 3560 2720
4500 3560 3560 2740
4510 3560 3560 2720
4530 3570 3560 2740
4530 3570 3560 2740
4550 3570 3560 2740
4560 3570 3560 2740
4570 3570 3570 2710
4560 3560 3560 2720
4550 3560 3560 2720
4580 3560 3560 2740
4680 3560 3580 2720
4690 3560 3570 2720
4690 3570 3570 2740
4700 3570 3570 2740
4740 3560 3570 2740
4720 3560 3560 2750
4730 3560 3550 2720
4720 3560 3550 2740
4700 3560 3550 2720
4670 3560 3560 2710
4700 3560 3550 2710
4720 3560 3550 2710
4720 3560 3550 2720
4740 3560 3550 2720
4720 3570 3550 2740
4690 3580 3550 2740
4700 3580 3550 2720
4700 3570 3550 2720
4700 3570 3550 2740
4740 3550 3550 2720
4730 3550 3540 2720
4720 3550 3540 2720
4700 3550 3540 2710
4680 3550 3540 2700
4660 3550 3550 2700
4650 3550 3550 2700
4660 3550 3550 2710
4660 3550 3550 2720
4650 3550 3550 2710
4660 3560 3550 2720
4640 3550 3550 2720
4640 3550 3550 2710
4640 3550 3550 2710
4660 3560 3550 2700
4680 3560 3550 2700
4690 3550 3550 2700
4690 3550 3550 2710
4690 3550 3550 2710
4690 3550 3550 2700
4670 3550 3550 2700
4670 3560 3550 2700
4670 3570 3550 2700
4660 3570 3550 2700
4670 3570 3540 2700
4670 3570 3550 2700
4640 3560 3550 2710
4520 3560 3550 2740
4510 3570 3550 2700
4530 3570 3550 2710
4530 3570 3550 2710
4520 3560 3550 2720
4530 3560 3560 2740
4540 3560 3560 2720
4580 3570 3560 2700
4560 3570 3560 2710
4520 3570 3550 2710
4490 3570 3550 2700
4480 3560 3550 2700
4490 3560 3550 2710
4510 3560 3550 2720
4470 3570 3550 2740
4250 3570 3790 2710
4250 3570 3760 2710
4250 3570 3770 2720
4250 3570 3770 2740
4260 3570 3790 2740
4270 3570 3800 2720
4270 3570 3840 2710
4260 3570 3850 2710
4270 3570 3860 2710
4270 3570 3860 2740
4270 3580 3840 2740
4270 3580 3830 2740
4250 3580 3860 2720
4240 3580 3890 2720
4230 3580 3920 2720
4240 3580 3960 2720
4270 3580 3900 2740
4260 3580 3840 2720
4250 3560 3820 2720
4240 3570 3820 2720
4240 3570 3800 2710
4240 3570 3800 2720
4250 3560 3860 2720
4250 3560 3900 2720
4250 3560 3940 2720
4240 3560 4030 2710
4230 3560 4110 2720
4240 3560 4030 2710
4240 3560 3990 2710
4240 3560 3910 2710
4240 3560 3940 2720
4240 3560 3880 2740
4240 3570 3830 2750
4230 3570 3790 2750
4240 3570 3780 2740
4230 3570 3760 2740
4240 3560 3770 2740
4250 3560 3770 2720
4260 3570 3780 2720
4250 3560 3780 2720
4260 3560 3800 2720
4270 3560 3950 2720
4260 3570 3870 2720
4250 3570 3900 2720
4240 3570 3860 2740
4240 3570 3960 2740
4230 3570 4020 2720
4230 3570 4030 2710
4230 3570 4020 2710
4240 3570 4020 2720
4240 3570 4020 2720
4250 3570 4000 2740
4250 3570 3960 2740
4250 3560 3880 2720
4240 3550 3830 2740
4250 3550 3830 2740
4240 3550 3840 2740
4240 3550 3830 2740
4240 3560 3820 2720
4250 3560 3830 2720
4250 3560 3830 2740
4240 3560 3820 2720
4230 3560 3800 2720
4250 3560 3780 2720
4240 3570 3770 2740
4240 3560 3760 2740
4240 3560 3740 2740
4240 3560 3750 2750
4250 3560 3740 2740
4250 3560 3730 2720
4250 3560 3740 2720
4260 3560 3730 2720
4250 3560 3740 2720
4260 3560 3770 2740
4250 3560 3770 2740
4260 3560 3750 2740
4250 3560 3750 2750
4250 3560 3760 2740
4250 3560 3760 2740
4250 3560 3770 2740
4250 3560 3780 2740
4260 3560 3790 2720
