3870 3190 4270 3120
3880 3180 4190 3120
3870 3180 4170 3120
3870 3180 4140 3110
3870 3180 4140 3110
3860 3180 4250 3100
3860 3180 4240 3100
3870 3180 4220 3100
3870 3180 4230 3110
3880 3180 4210 3110
3870 3180 4210 3100
3870 3180 4310 3100
3870 3180 4260 3100
3870 3170 4230 3100
3870 3170 4120 3120
3870 3170 4090 3110
3870 3170 4080 3110
3870 3170 4090 3120
3870 3170 4160 3110
3870 3170 4210 3110
3870 3170 4220 3110
3880 3170 4220 3110
3880 3170 4220 3110
3870 3170 4210 3110
3870 3170 4200 3110
3870 3160 4190 3110
3870 3160 4190 3110
3880 3160 4230 3110
3880 3160 4260 3110
3880 3170 4270 3120
3880 3170 4260 3120
3880 3180 4300 3110
3870 3180 4310 3110
3870 3180 4300 3110
3870 3180 4290 3120
3880 3190 4290 3120
3880 3190 4270 3100
3880 3190 4270 3110
3870 3190 4260 3100
3870 3180 4260 3100
3870 3180 4250 3100
3870 3180 4240 3100
3870 3180 4240 3110
3870 3180 4240 3110
3870 3180 4220 3100
3880 3180 4220 3100
3870 3170 4170 3100
3870 3170 4200 3110
3880 3170 4230 3110
3880 3160 4240 3100
3880 3160 4260 3110
3870 3170 4230 3110
3880 3170 4220 3120
3870 3170 4220 3120
3860 3180 4210 3120
3860 3180 4200 3120
3860 3180 4200 3120
3860 3180 4190 3120
3870 3180 4180 3120
3870 3180 4160 3110
3870 3180 4170 3110
3870 3190 4170 3120
3870 3190 4170 3100
3870 3190 4160 3110
3860 3180 4130 3110
3890 3170 4140 3100
3880 3170 4130 3100
3890 3170 4130 3100
3890 3170 4130 3110
3890 3170 4120 3110
3890 3170 4120 3110
3870 3170 4130 3110
3880 3170 4130 3120
3870 3170 4140 3120
3870 3170 4230 3110
3880 3170 4160 3110
3870 3170 4150 3120
3870 3180 4150 3110
3870 3180 4170 3110
3870 3180 4180 3110
3860 3180 4170 3110
3860 3170 4170 3110
3860 3170 4170 3100
3860 3170 4160 3100
3880 3170 4160 3100
3860 3170 4160 3110
3860 3170 4150 3110
3860 3170 4150 3110
3860 3170 4150 3100
3860 3170 4140 3110
3870 3170 4130 3110
3870 3170 4130 3110
3870 3170 4140 3110
3860 3170 4150 3110
3870 3170 4180 3110
3870 3170 4190 3110
3860 3180 4200 3110
3850 3180 4200 3110
3850 3180 4210 3110
3860 3180 4200 3110
3860 3180 4180 3100
3880 3180 3830 3430
3880 3170 3820 3430
3870 3170 3830 3420
3880 3170 3840 3390
3870 3160 3830 3370
3880 3160 3840 3360
3880 3160 3840 3380
3880 3170 3840 3460
3860 3170 3840 3530
3860 3170 3840 3430
3860 3170 3840 3370
3850 3170 3840 3520
3860 3170 3840 3500
3880 3170 3830 3480
3870 3170 3830 3480
3880 3170 3830 3620
3890 3170 3830 3450
3880 3170 3820 3420
3870 3180 3820 3430
3870 3180 3820 3430
3870 3180 3820 3440
3860 3180 3840 3450
3870 3180 3830 3450
3870 3180 3830 3460
3870 3180 3830 3470
3860 3180 3820 3490
3860 3180 3820 3500
3860 3170 3830 3500
3840 3170 3820 3510
3850 3170 3820 3520
3860 3180 3820 3510
3850 3180 3820 3510
3850 3180 3820 3500
3860 3180 3820 3470
3860 3190 3820 3460
3870 3180 3820 3450
3860 3180 3820 3470
3870 3180 3830 3460
3870 3180 3830 3450
3880 3180 3830 3450
3880 3180 3830 3440
3870 3180 3830 3440
3900 3190 3820 3420
3860 3180 3840 3640
3870 3170 3840 3610
3870 3180 3820 3530
3850 3180 3820 3420
3850 3180 3830 3360
3870 3180 3820 3340
3870 3180 3830 3320
3870 3180 3830 3390
3870 3180 3830 3420
3880 3180 3830 3450
3880 3180 3830 3450
3890 3170 3830 3460
3880 3170 3820 3440
3880 3180 3820 3410
3880 3170 3820 3410
3880 3170 3820 3430
3870 3180 3820 3450
3880 3180 3820 3470
3880 3170 3810 3490
3880 3170 3820 3500
3860 3170 3830 3520
3870 3170 3830 3540
3880 3170 3840 3560
3880 3180 3840 3570
3880 3180 3840 3570
3880 3180 3830 3550
3880 3180 3830 3500
3870 3190 3830 3440
3870 3190 3830 3390
3860 3190 3830 3330
3880 3180 3840 3330
3880 3180 3840 3310
3890 3170 3840 3310
3880 3170 3840 3310
3880 3170 3840 3300
3880 3170 3840 3280
3870 3170 3840 3320
3860 3160 3830 3370
3870 3170 3820 3380
3860 3170 3830 3380
3860 3170 3820 3410
3870 3170 3820 3440
3890 3170 3820 3490
3900 3170 3830 3510
3890 3170 3820 3520
3890 3170 3830 3520
3880 3170 3840 3480
3880 3170 3850 3460
3860 3170 3860 3460
3880 3170 3860 3460
3880 3170 3830 3480
3880 3170 3830 3510
