3590 3320 4140 3580
3590 3440 4140 3580
3590 3550 4130 3580
3580 3640 4130 3570
3580 3710 4130 3570
3580 3770 4130 3570
3590 3820 4130 3570
3590 3700 4130 3570
3590 3770 4130 3570
3590 3860 4130 3570
3590 3640 4130 3570
3580 3600 4130 3570
3580 3480 4130 3570
3570 3420 4130 3570
3570 3430 4140 3570
3570 3330 4130 3570
3580 3240 4130 3570
3580 3310 4130 3570
3590 3330 4130 3570
3600 3010 4140 3580
3600 2970 4130 3580
3590 2970 4130 3580
3580 2980 4130 3580
3590 3050 4140 3580
3590 3060 4140 3580
3590 3100 4130 3580
3590 3150 4130 3580
3590 3230 4130 3580
3600 3420 4150 3580
3590 3550 4150 3580
3590 3410 4160 3580
3590 3450 4160 3570
3590 3340 4160 3570
3580 3410 4150 3570
3580 3510 4150 3570
3580 3590 4140 3570
3580 3690 4140 3580
3580 3620 4140 3580
3580 3650 4140 3580
3580 3680 4130 3580
3580 3690 4140 3580
3580 3740 4130 3580
3580 3750 4140 3580
3580 3590 4130 3580
3580 3750 4140 3580
3580 3770 4140 3580
3580 3770 4130 3570
3580 3780 4140 3570
3580 3570 4140 3570
3580 3370 4120 3570
3580 3280 4120 3570
3580 3290 4130 3570
3580 3610 4130 3570
3580 3670 4130 3560
3570 3610 4130 3560
3570 3580 4130 3560
3570 3490 4150 3570
3580 3540 4150 3580
3580 3580 4150 3570
3580 3620 4140 3570
3580 3630 4130 3580
3570 3550 4130 3570
3570 3530 4130 3580
3570 3530 4130 3580
3570 3520 4140 3580
3580 3520 4130 3570
3580 3520 4130 3570
3580 3520 4140 3570
3580 3510 4140 3570
3580 3560 4140 3570
3580 3610 4140 3570
3580 3690 4140 3570
3570 3730 4140 3570
3570 3750 4140 3580
3580 3720 4140 3580
3580 3750 4130 3580
3580 3680 4130 3580
3580 3710 4130 3570
3580 3710 4130 3570
3580 3720 4130 3570
3580 3730 4130 3570
3580 3710 4130 3570
3590 3740 4130 3570
3590 3750 4140 3570
3590 3690 4130 3570
3580 3610 4130 3570
3580 3530 4130 3570
3580 3570 4130 3570
3580 3630 4140 3570
3590 2820 4130 3700
3600 2820 4130 3890
3590 2820 4140 4250
3580 2820 4130 4260
3580 2820 4140 4230
3580 2820 4130 4210
3580 2820 4140 4250
3580 2820 4150 4220
3580 2820 4140 4100
3590 2820 4150 4310
3580 2820 4150 4440
3590 2820 4140 4320
3580 2830 4140 4140
3580 2820 4140 4140
3580 2820 4130 4100
3580 2830 4140 4140
3580 2830 4140 4030
3580 2830 4140 3940
3580 2820 4130 3900
3580 2820 4140 3880
3580 2820 4130 3870
3580 2830 4140 3890
3580 2830 4150 3790
3580 2830 4140 3770
3580 2830 4140 3760
3580 2830 4130 3760
3580 2830 4140 3760
3580 2840 4130 3770
3580 2830 4130 3770
3590 2830 4130 3760
3580 2830 4130 3760
3580 2830 4130 3760
3580 2830 4130 3780
3590 2830 4130 3790
3590 2830 4140 3780
3580 2830 4140 3770
3580 2830 4140 3800
3580 2840 4130 3850
3580 2830 4140 3940
3590 2840 4140 4050
3590 2840 4140 3980
3580 2830 4140 3910
3580 2830 4130 3860
3590 2830 4140 3830
3590 2820 4130 3810
3590 2820 4130 3800
3580 2820 4130 3790
3580 2820 4140 3780
3590 2820 4130 3800
3590 2820 4120 3820
3590 2820 4130 3840
3590 2810 4130 3820
3590 2810 4130 3800
3590 2820 4140 3790
3580 2820 4140 3790
3580 2830 4150 3790
3580 2830 4130 3780
3580 2830 4140 3770
3580 2830 4140 3760
3570 2830 4140 3780
3570 2830 4140 3780
3570 2830 4140 3770
3580 2830 4130 3770
3580 2830 4120 3900
3580 2830 4140 3930
3580 2830 4130 3980
3570 2840 4130 3950
3570 2830 4130 3850
3570 2820 4150 3770
3570 2820 4130 3770
3580 2820 4140 3760
3580 2820 4130 3780
3590 2830 4170 3930
3590 2830 4170 3950
3590 2830 4160 3940
3570 2830 4150 3810
3570 2840 4130 3810
3570 2840 4140 3830
3570 2830 4140 3860
3580 2830 4140 4030
3580 2830 4150 3950
3580 2830 4150 3920
3580 2830 4150 3860
3590 2830 4150 3820
3580 2830 4160 3780
3580 2830 4160 3760
3580 2830 4150 3730
3580 2830 4160 3700
3590 2830 4160 3700
3580 2830 4160 3710
3590 2830 4150 3770
3590 2830 4150 3800
3580 2820 4150 3810
3580 2830 4130 3990
3580 2840 4130 4110
3580 2840 4130 3930
3580 2840 4130 3840
3580 2830 4130 3870
3590 2830 4130 3870
3590 2830 4140 3850
3580 2830 4130 3770
