3470 2490 4610 4070
3670 2500 4610 4070
3800 2480 4610 4070
3880 2470 4600 4070
3940 2490 4580 4070
4050 2480 4580 4080
4080 2470 4580 4070
4080 2480 4580 4070
4080 2480 4600 4070
4050 2480 4610 4070
4030 2480 4610 4070
4040 2480 4610 4070
3850 2510 4600 4070
3950 2500 4610 4070
3820 2490 4610 4070
4020 2480 4610 4080
4050 2480 4610 4080
3880 2490 4610 4080
4010 2500 4580 4080
4080 2490 4620 4080
4120 2490 4620 4080
4160 2490 4610 4080
4180 2490 4600 4080
4230 2490 4600 4070
4270 2490 4600 4070
4300 2490 4600 4070
4330 2460 4600 4080
4360 2460 4610 4080
4380 2470 4610 4080
4380 2480 4610 4080
4380 2500 4610 4080
4380 2500 4610 4080
4410 2500 4610 4080
4460 2490 4600 4080
4520 2490 4600 4080
4370 2480 4600 4070
4220 2500 4600 4080
4160 2480 4580 4080
4140 2490 4600 4080
4090 2480 4580 4080
4080 2470 4580 4080
4080 2470 4570 4080
4090 2470 4580 4080
4110 2490 4570 4080
4120 2480 4570 4080
4140 2490 4580 4080
4150 2490 4580 4080
4150 2480 4580 4090
4080 2490 4580 4080
4090 2480 4580 4080
4110 2490 4570 4070
4120 2500 4580 4070
4320 2500 4580 4070
4650 2500 4580 4070
4630 2490 4600 4070
4470 2480 4600 4070
4450 2490 4600 4070
4420 2490 4600 4080
4400 2470 4600 4080
4380 2480 4600 4080
4410 2470 4600 4090
4460 2480 4600 4090
4520 2470 4600 4080
4570 2460 4610 4070
4620 2480 4610 4080
4770 2480 4600 4080
4780 2490 4600 4070
4520 2500 4600 4070
4690 2510 4580 4070
4640 2510 4580 4070
4470 2500 4580 4070
4390 2480 4600 4070
4410 2490 4600 4070
4430 2500 4580 4070
4450 2500 4580 4070
4460 2510 4570 4060
4260 2510 4580 4060
4230 2490 4580 4060
4100 2490 4580 4060
4000 2490 4580 4060
4060 2500 4580 4070
4000 2500 4600 4070
4250 2480 4600 4080
4300 2470 4610 4080
4330 2500 4600 4080
3230 2600 4610 4070
3230 2610 4600 4060
3230 2700 4610 4070
3240 2670 4610 4070
3230 2660 4610 4060
3240 2720 4610 4060
3240 2670 4600 4060
3240 2670 4600 4060
3240 2670 4600 4060
3240 2670 4600 4060
3240 2680 4600 4070
3220 2690 4600 4070
3220 2700 4600 4070
3220 2670 4600 4080
3230 2830 4600 4080
3230 2850 4620 4070
3230 3160 4580 4080
3230 3200 4580 4060
3230 3090 4580 4060
3230 3050 4580 4060
3230 2970 4600 4060
3240 2890 4600 4080
3240 2860 4600 4080
3250 2880 4600 4080
3250 2880 4610 4080
3250 2900 4610 4080
3250 2920 4600 4080
3240 2820 4600 4080
3240 2790 4580 4080
3230 2750 4600 4070
3230 2780 4600 4070
3230 2790 4580 4080
3230 2750 4600 4080
3230 2700 4600 4080
3230 2660 4600 4080
3230 2630 4610 4080
3230 2740 4600 4060
3250 2740 4620 4050
3250 2740 4620 4050
3250 2740 4620 4050
3230 2760 4600 4060
3240 2750 4580 4060
3240 2750 4600 4050
3240 2770 4600 4060
3240 2780 4600 4070
3240 2790 4600 4070
3240 2800 4600 4070
3240 2800 4600 4070
3240 2800 4610 4070
3240 2810 4610 4070
3240 2820 4610 4070
3240 2830 4610 4070
3240 2830 4610 4070
3240 2830 4610 4070
3240 2830 4600 4070
3250 2840 4580 4070
3240 2850 4610 4070
3240 2860 4610 4070
3240 2890 4610 4070
3240 2910 4610 4070
3230 2910 4600 4070
3240 2910 4600 4070
3240 2890 4600 4070
3240 2870 4600 4070
3230 2820 4600 4070
3220 2790 4600 4060
3220 2720 4610 4060
3220 2670 4610 4060
3220 2770 4610 4060
3220 2790 4580 4060
3220 2790 4580 4080
3220 2780 4600 4080
3220 2760 4610 4080
3230 2720 4580 4080
3220 2750 4580 4070
3220 2780 4580 4070
3220 2790 4600 4070
3220 2880 4580 4070
3220 2860 4570 4070
3220 2880 4580 4060
3210 2860 4600 4060
3210 2870 4600 4060
3220 2870 4600 4060
3220 2810 4600 4060
3220 2760 4600 4060
3220 2750 4580 4060
3220 2720 4600 4060
3230 2720 4610 4060
3240 2710 4610 4070
3240 2740 4600 4070
3240 2760 4600 4070
3240 2760 4580 4070
3240 2760 4580 4060
3230 2640 4600 4070
3220 2630 4600 4070
3220 2610 4600 4070
3230 2620 4610 4070
