3060 2570 4990 4500
3060 2570 4990 4500
3070 2540 5000 4490
3070 2540 5000 4480
3090 2650 4980 4470
3090 2720 4980 4470
3080 2740 4980 4480
3070 2610 4980 4490
3070 2580 4980 4490
3050 2530 5000 4500
3050 2500 5000 4500
3060 2510 5000 4500
3060 2560 5000 4500
3060 2630 4990 4500
3070 2680 4990 4510
3060 2720 4990 4510
3060 2750 4980 4510
3060 2750 4990 4510
3060 2720 4990 4520
3060 2660 4980 4520
3060 2680 4980 4510
3050 2590 4980 4500
3030 2580 4980 4500
3050 2580 4990 4500
3070 2590 5010 4500
3080 2620 5010 4500
3070 2650 4980 4500
3070 2640 4990 4500
3080 2620 5000 4490
3080 2610 5010 4490
3070 2610 5010 4490
3070 2600 5000 4490
3060 2600 5000 4490
3050 2600 5000 4490
3050 2610 5000 4490
3050 2610 5000 4490
3060 2610 5000 4490
3050 2610 4980 4490
3050 2610 5000 4490
3060 2590 5000 4490
3070 2590 5000 4490
3070 2590 5010 4500
3060 2590 5000 4510
3080 2600 5000 4500
3080 2610 5000 4500
3070 2610 5000 4500
3080 2600 5000 4490
3080 2590 5000 4490
3050 2590 5000 4490
3030 2580 5000 4490
3050 2580 5000 4500
3060 2580 5000 4510
3050 2570 5000 4510
3070 2570 5000 4500
3080 2570 5000 4500
3080 2590 5000 4490
3080 2590 4990 4490
3090 2590 4990 4490
3070 2580 5000 4490
3070 2570 5000 4500
3050 2570 5000 4490
3050 2550 5000 4500
3060 2540 5000 4510
3060 2540 4990 4510
3060 2530 4980 4500
3070 2520 4990 4510
3060 2520 4990 4520
3060 2520 4990 4520
3050 2520 4970 4520
3060 2530 4970 4520
3030 2530 4990 4510
3060 2540 4990 4520
3060 2540 4990 4510
3070 2550 4990 4510
3080 2530 4990 4510
3070 2540 4990 4510
3070 2560 4990 4510
3050 2560 5000 4500
3060 2580 5000 4500
3080 2580 4990 4510
3080 2550 5000 4510
3080 2540 4990 4500
3070 2540 5000 4500
3080 2550 5000 4510
3070 2560 5000 4520
3070 2560 4990 4520
3070 2580 4990 4520
3070 2590 5000 4520
3090 2600 4980 4510
3080 2590 4990 4510
3070 2590 4980 4500
3060 2590 4990 4500
3050 2590 4990 4510
3060 2240 5180 4490
3070 2240 5150 4480
3070 2240 5170 4490
3070 2240 5450 4490
3060 2240 5370 4490
3060 2230 5550 4490
3060 2230 5540 4490
3060 2230 5500 4500
3070 2220 5440 4500
3070 2230 5680 4490
3060 2230 5820 4490
3060 2230 5920 4480
3060 2220 5900 4480
3070 2220 5690 4480
3070 2210 5450 4470
3060 2210 5370 4490
3030 2230 5250 4490
3060 2230 5250 4500
3050 2230 5230 4500
3060 2230 5290 4500
3050 2230 5280 4490
3060 2230 5240 4490
3050 2230 5210 4490
3060 2230 5250 4480
3050 2220 5280 4480
3030 2220 5310 4480
3050 2220 5320 4490
3060 2230 5410 4490
3050 2230 5760 4490
3060 2220 5410 4490
3070 2220 5380 4480
3080 2230 5350 4480
3080 2240 5340 4470
3060 2240 5340 4470
3060 2230 5590 4470
3060 2230 5490 4470
3060 2220 5550 4480
3060 2240 5400 4480
3060 2240 5360 4480
3060 2230 5330 4480
3070 2240 5310 4470
3070 2240 5310 4470
3070 2240 5310 4480
3070 2240 5320 4480
3070 2240 5320 4480
3070 2240 5330 4470
3070 2240 5340 4490
3070 2240 5360 4480
3060 2240 5890 4490
3060 2230 5950 4480
3060 2220 6000 4480
3060 2220 6020 4480
3060 2240 6020 4490
3070 2230 6010 4480
3070 2240 5980 4480
3080 2240 5950 4490
3070 2230 5690 4490
3070 2240 5470 4480
3070 2240 5490 4490
3080 2240 5330 4490
3070 2250 5260 4490
3080 2240 5200 4480
3080 2240 5160 4490
3060 2240 5180 4490
3050 2240 5230 4480
3060 2240 5430 4480
3070 2240 5490 4490
3080 2240 5410 4490
3070 2240 5350 4490
3070 2240 5300 4490
3080 2230 5240 4480
3060 2230 5190 4490
3030 2240 5150 4490
3030 2240 5190 4490
3060 2230 5350 4490
3070 2230 5330 4500
3050 2230 5420 4500
3050 2230 5340 4500
3050 2230 5340 4500
3070 2230 5410 4490
3060 2230 5440 4490
3070 2230 5560 4500
3070 2230 5610 4490
3070 2230 5680 4480
