3120 2070 5430 4930
3150 2070 5430 4920
3170 2070 5420 4930
3180 2070 5420 4940
3190 2070 5420 4940
3190 2070 5410 4940
3190 2080 5410 4940
3200 2070 5400 4950
3200 2070 5400 4950
3200 2070 5410 4940
3190 2070 5410 4950
3200 2070 5420 4950
3190 2070 5420 4940
3200 2070 5420 4940
3190 2070 5420 4940
3170 2080 5420 4940
3190 2080 5420 4930
3190 2070 5420 4930
3170 2070 5420 4940
3180 2070 5420 4940
3200 2070 5410 4940
3410 2080 5410 4940
3640 2070 5410 4940
3860 2070 5410 4940
4020 2080 5410 4940
4110 2090 5410 4930
4190 2080 5410 4940
4240 2070 5420 4930
4240 2070 5420 4930
4220 2070 5420 4920
4240 2070 5420 4940
4230 2070 5420 4940
4220 2070 5420 4940
4210 2070 5420 4930
4200 2070 5410 4930
4210 2070 5410 4930
4230 2070 5420 4920
4230 2070 5420 4930
4200 2070 5420 4940
4230 2070 5420 4950
4230 2080 5420 4950
3890 2070 5420 4940
3540 2060 5410 4950
3450 2060 5420 4940
3380 2060 5410 4950
3290 2050 5410 4940
3270 2050 5420 4950
3260 2050 5410 4950
3250 2070 5410 4950
3210 2070 5410 4940
3190 2070 5410 4930
3190 2080 5410 4930
3160 2070 5410 4930
3160 2070 5410 4940
3170 2070 5420 4940
3160 2070 5420 4940
3150 2070 5420 4930
3160 2070 5420 4930
3160 2070 5420 4930
3180 2070 5410 4940
3170 2070 5410 4920
3400 2070 5410 4930
3320 2070 5410 4930
3280 2070 5410 4930
3250 2070 5400 4940
3230 2070 5410 4930
3230 2070 5410 4930
3210 2070 5410 4940
3610 2070 5420 4930
3500 2070 5430 4920
3440 2080 5430 4920
3380 2070 5430 4940
3340 2080 5420 4940
3330 2070 5430 4940
3310 2070 5430 4940
3310 2080 5420 4940
3300 2070 5420 4940
3270 2070 5410 4950
3250 2070 5410 4960
3240 2070 5410 4940
3250 2070 5410 4930
3260 2080 5410 4930
3330 2070 5400 4930
3300 2070 5410 4930
3280 2080 5410 4930
3270 2070 5420 4930
3360 2060 5410 4950
3300 2080 5420 4940
3290 2070 5420 4940
3290 2070 5420 4940
3280 2070 5420 4940
3270 2070 5430 4940
3250 2070 5430 4940
3190 2070 5430 4940
2950 2080 5410 5270
2950 2070 5410 5270
2950 2070 5410 5250
2950 2070 5410 5230
2940 2070 5400 5210
2940 2080 5410 5200
2940 2080 5410 5200
2940 2070 5410 5200
2940 2070 5410 5190
2940 2060 5410 5210
2940 2070 5410 5270
2940 2090 5410 5290
2930 2090 5410 5290
2930 2090 5410 5300
2930 2080 5410 5310
2930 2070 5410 5300
2940 2060 5410 5290
2940 2060 5410 5330
2930 2060 5410 5370
2940 2080 5410 5390
2940 2080 5410 5370
2940 2070 5410 5370
2950 2070 5410 5410
2950 2070 5420 5440
2950 2070 5420 5470
2960 2070 5420 5430
2960 2080 5420 5400
2960 2070 5410 5430
2960 2080 5400 5390
2960 2080 5400 5260
2960 2080 5410 5290
2960 2080 5410 5370
2950 2080 5410 5210
2950 2080 5420 5090
2950 2070 5420 5090
2950 2080 5420 5170
2950 2080 5420 5190
2960 2070 5420 5110
2960 2080 5420 5100
2950 2070 5430 5120
2950 2070 5430 5180
2950 2070 5430 5190
2950 2080 5430 5190
2940 2070 5430 5200
2950 2070 5420 5210
2940 2070 5410 5230
2940 2070 5410 5230
2950 2070 5420 5230
2950 2070 5420 5230
2940 2070 5430 5200
2940 2070 5410 5210
2930 2070 5410 5230
2930 2070 5400 5230
2930 2070 5400 5210
2930 2070 5410 5190
2930 2070 5420 5170
2930 2070 5420 5140
2940 2070 5420 5140
2950 2070 5420 5140
2950 2070 5410 5130
2950 2070 5410 5130
2940 2070 5410 5110
2940 2070 5410 5100
2950 2070 5410 5100
2950 2070 5410 5090
2950 2080 5420 5090
2950 2070 5430 5090
2950 2070 5430 5110
2950 2070 5420 5110
2960 2070 5420 5110
2960 2080 5420 5100
2960 2080 5420 5080
2960 2080 5410 5070
2960 2070 5410 5070
2960 2080 5400 5070
2960 2080 5400 5130
2960 2070 5400 5090
2970 2070 5400 5100
2960 2080 5410 5060
2950 2070 5410 5030
2950 2070 5410 5010
2950 2070 5410 5000
2940 2070 5410 5000
2940 2070 5420 5000
2950 2070 5420 4980
2950 2070 5420 4960
2950 2070 5420 4960
2950 2080 5420 4960
2950 2080 5420 4950
2940 2080 5420 4950
2940 2080 5420 4970
2940 2070 5420 5000
2940 2070 5420 5050
2940 2070 5420 5080
2940 2070 5410 5080
2940 2070 5400 5060
2940 2070 5400 5060
2940 2070 5400 5060
2940 2070 5400 5070
