3550 1970 5700 4690
3550 1950 5700 4690
3550 1990 5690 4710
3550 2010 5690 4720
3560 1950 5690 4710
3560 1940 5690 4710
3560 1940 5690 4710
3560 1940 5690 4710
3560 1930 5690 4710
3560 1970 5690 4710
3560 1970 5690 4700
3560 1970 5690 4700
3560 1970 5690 4700
3560 1980 5690 4700
3550 1970 5690 4700
3550 1990 5690 4700
3560 1990 5690 4710
3560 1930 5690 4720
3560 1970 5700 4710
3560 1980 5700 4710
3550 1920 5700 4710
3550 1970 5700 4700
3550 1920 5700 4700
3550 1920 5700 4700
3550 1960 5700 4700
3560 2010 5700 4700
3560 1990 5700 4700
3570 1930 5700 4700
3570 1990 5700 4700
3550 1970 5700 4690
3550 2010 5700 4680
3550 2020 5700 4680
3550 1980 5690 4680
3550 2020 5680 4680
3550 1960 5680 4680
3560 1980 5680 4690
3560 1980 5690 4680
3560 1950 5690 4680
3560 1950 5690 4680
3560 2010 5690 4680
3560 2000 5690 4700
3550 1930 5690 4700
3550 1990 5690 4700
3550 1950 5690 4710
3550 1930 5700 4710
3560 1990 5700 4710
3560 2010 5700 4710
3560 2000 5700 4710
3560 1950 5700 4710
3560 1970 5700 4700
3560 1930 5700 4700
3570 1990 5700 4700
3570 1930 5700 4700
3570 1950 5700 4700
3570 1920 5690 4690
3570 1910 5690 4700
3570 1910 5690 4700
3560 1940 5690 4700
3560 1920 5690 4710
3550 1950 5690 4690
3550 1990 5690 4710
3550 2010 5690 4710
3560 1970 5690 4710
3560 1990 5690 4710
3560 1990 5690 4710
3560 1970 5690 4710
3560 1950 5690 4710
3570 1920 5690 4710
3570 1950 5690 4710
3570 1990 5690 4710
3570 1950 5690 4710
3570 1970 5690 4700
3570 1990 5690 4700
3570 1930 5690 4710
3560 1980 5690 4690
3570 1940 5700 4690
3570 1920 5700 4690
3570 1950 5700 4690
3570 1970 5700 4700
3570 1970 5700 4710
3570 1990 5690 4710
3570 2010 5690 4700
3570 1950 5690 4710
3580 1990 5680 4710
3580 2010 5680 4710
3580 1990 5680 4710
3580 1960 5690 4690
3580 1960 5690 4700
3570 1960 5690 4700
3570 1990 5690 4710
3570 1970 5690 4710
3560 1970 5690 4710
3560 1950 5690 4710
3560 1970 5690 4710
3560 1940 5690 4700
3570 1920 5690 4710
3570 1950 5690 4710
3560 1930 5690 4710
3560 1970 5690 4710
3560 1920 5690 4710
3560 1960 5690 4690
3570 1920 5690 4690
3570 1470 6210 4680
3570 1470 6170 4680
3570 1470 6160 4700
3560 1470 6210 4700
3560 1470 6170 4700
3570 1470 6190 4700
3570 1460 6200 4700
3570 1470 6150 4700
3570 1470 6210 4720
3580 1470 6210 4720
3570 1460 6150 4700
3570 1470 6150 4720
3570 1460 6150 4710
3570 1460 6170 4710
3560 1490 6190 4710
3560 1500 6220 4700
3560 1500 6160 4690
3560 1490 6190 4690
3560 1470 6210 4710
3560 1460 6150 4700
3560 1460 6210 4700
3560 1460 6210 4710
3550 1470 6150 4710
3550 1470 6200 4710
3550 1460 6200 4700
3550 1450 6160 4710
3550 1460 6150 4710
3550 1470 6190 4710
3550 1490 6150 4720
3560 1470 6170 4710
3560 1470 6210 4710
3560 1470 6190 4710
3560 1470 6170 4700
3560 1460 6150 4700
3560 1460 6210 4700
3560 1470 6150 4710
3560 1460 6160 4720
3550 1470 6210 4710
3550 1470 6170 4720
3560 1470 6170 4710
3570 1450 6160 4710
3570 1460 6200 4700
3560 1470 6200 4700
3560 1470 6150 4700
3560 1490 6180 4710
3570 1500 6200 4710
3560 1500 6170 4720
3560 1490 6210 4710
3570 1490 6210 4710
3570 1460 6190 4730
3570 1470 6150 4710
3560 1490 6170 4720
3560 1460 6180 4700
3560 1460 6200 4700
3550 1470 6160 4710
3550 1470 6160 4710
3550 1470 6160 4710
3550 1470 6160 4710
3550 1470 6210 4710
3550 1460 6170 4700
3550 1470 6150 4710
3550 1470 6210 4710
3560 1460 6170 4710
3560 1470 6210 4700
3550 1490 6200 4690
3550 1490 6140 4690
3550 1490 6170 4700
3560 1490 6190 4690
3560 1470 6190 4700
3550 1470 6150 4700
3550 1470 6150 4690
3550 1460 6210 4690
3550 1470 6170 4700
3550 1470 6150 4710
3550 1470 6220 4710
3550 1470 6180 4700
3550 1450 6180 4700
3550 1470 6160 4700
3550 1470 6220 4700
3550 1490 6160 4710
3560 1490 6160 4720
3550 1500 6160 4720
3550 1490 6160 4720
