3690 2240 5230 4240
3690 2210 5230 4240
3700 2270 5230 4240
3710 2270 5230 4230
3700 2210 5230 4230
3700 2280 5230 4240
3690 2260 5210 4240
3690 2240 5210 4240
3700 2270 5210 4240
3700 2210 5240 4240
3700 2220 5250 4240
3700 2230 5250 4250
3680 2220 5230 4240
3680 2200 5210 4250
3680 2260 5240 4250
3680 2240 5240 4250
3680 2240 5210 4250
3690 2220 5210 4240
3690 2230 5210 4240
3690 2270 5230 4240
3690 2230 5230 4250
3680 2230 5230 4250
3650 2290 5210 4240
3650 2290 5210 4240
3670 2250 5210 4240
3670 2250 5210 4250
3670 2270 5240 4250
3690 2290 5240 4240
3690 2270 5250 4240
3690 2220 5240 4240
3690 2260 5230 4240
3690 2240 5210 4230
3690 2270 5210 4240
3690 2270 5210 4250
3680 2280 5240 4240
3680 2210 5240 4240
3690 2230 5230 4250
3690 2270 5230 4250
3690 2270 5240 4240
3690 2230 5240 4240
3690 2250 5230 4240
3690 2270 5230 4230
3690 2270 5240 4230
3690 2230 5240 4230
3690 2230 5240 4240
3690 2260 5240 4250
3690 2220 5240 4250
3690 2220 5240 4240
3700 2250 5230 4240
3700 2240 5240 4240
3700 2210 5240 4240
3700 2220 5240 4240
3700 2270 5240 4240
3700 2210 5250 4240
3690 2240 5240 4240
3690 2220 5230 4250
3690 2230 5230 4250
3690 2210 5210 4250
3680 2270 5210 4240
3680 2250 5200 4240
3680 2210 5210 4250
3680 2260 5210 4260
3680 2240 5210 4260
3690 2260 5210 4250
3690 2210 5230 4260
3690 2210 5210 4260
3690 2240 5210 4250
3690 2260 5210 4240
3700 2260 5230 4240
3700 2200 5230 4240
3700 2230 5230 4260
3700 2230 5250 4260
3700 2230 5250 4250
3690 2240 5250 4260
3690 2280 5240 4260
3680 2210 5240 4260
3690 2210 5240 4260
3690 2260 5230 4250
3690 2260 5230 4250
3690 2210 5230 4250
3690 2250 5210 4240
3690 2250 5210 4240
3690 2200 5210 4240
3690 2240 5210 4240
3690 2240 5210 4240
3690 2210 5210 4250
3690 2210 5210 4240
3700 2210 5210 4250
3700 2270 5200 4250
3690 2220 5200 4240
3690 2240 5200 4250
3690 2210 5200 4240
3690 2230 5200 4240
3690 2230 5200 4240
3690 2270 5200 4240
3690 1760 5200 4700
3680 1750 5200 4700
3690 1750 5200 4700
3700 1740 5230 4700
3690 1740 5210 4740
3690 1740 5210 4700
3690 1740 5210 4760
3690 1750 5210 4720
3680 1750 5230 4700
3680 1750 5210 4720
3680 1760 5210 4700
3690 1760 5210 4700
3690 1760 5210 4760
3690 1760 5210 4700
3700 1750 5200 4720
3690 1750 5210 4760
3690 1750 5210 4700
3690 1750 5210 4750
3680 1750 5210 4750
3680 1760 5210 4730
3680 1750 5210 4770
3690 1750 5230 4750
3700 1750 5230 4750
3690 1760 5240 4730
3690 1760 5240 4720
3700 1760 5240 4740
3700 1750 5250 530
3690 1760 5240 4750
3690 1760 5230 4740
3690 1750 5250 4770
3690 1770 5240 4770
3690 1780 5230 4770
3700 1770 5230 4710
3700 1760 5230 4720
3710 1770 5230 4770
3710 1770 5230 4700
3700 1770 5240 4700
3700 1760 5240 4700
3700 1750 5230 4750
3700 1740 5210 4760
3700 1750 5210 4700
3700 1750 5210 4770
3700 1770 5210 4730
3690 1760 5230 4750
3690 1770 5230 4780
3680 1770 5230 4740
3680 1760 5230 4740
3680 1750 5210 4780
3680 1750 5210 4770
3690 1760 5230 4770
3690 1760 5230 4730
3690 1750 5230 4770
3690 1750 5230 4710
3700 1750 5210 4790
3700 1750 5210 4730
3700 1770 5210 4780
3700 1760 5210 4720
3690 1760 5210 4750
3690 1750 5210 4760
3690 1740 5230 4780
3690 1740 5210 4720
3690 1750 5210 4740
3690 1760 5210 4750
3690 1760 5210 4730
3690 1760 5210 4750
3690 1760 5210 4730
3690 1760 5210 4710
3690 1760 5210 4730
3680 1770 5240 4710
3690 1760 5240 4720
3690 1760 5230 4760
3690 1760 5240 4700
3690 1760 5230 4760
3690 1760 5230 4720
3690 1750 5210 4750
3700 1750 5210 4770
3700 1750 5210 4710
3700 1750 5210 4770
3690 1760 5210 4700
3690 1750 5210 4760
3680 1750 5210 4740
3680 1750 5210 4700
3690 1740 5210 4700
3690 1740 5210 4700
3700 1740 5210 4720
3700 1760 5230 4760
3700 1760 5230 4730
3700 1750 5210 4710
3690 1750 5240 4730
3680 1760 5240 4730
3690 1760 5240 4710
3690 1750 5230 4710
3700 1770 5240 4730
3700 1770 5210 4710
3700 1760 5230 4740
3700 1760 5210 4720
