3840 2670 4850 3830
3840 2690 4850 3820
3840 2670 4850 3820
3850 2540 4850 3830
3860 2460 4850 3820
3860 2520 4850 3820
3860 2530 4860 3810
3860 2540 4860 3820
3860 2520 4850 3820
3860 2440 4850 3820
3860 2400 4860 3850
3860 2370 4860 3850
3850 2290 4860 3820
3840 2580 4860 3820
3850 2540 4860 3820
3850 2500 4870 3820
3850 2470 4860 3810
3850 2460 4870 3820
3850 2440 4860 3810
3850 2520 4860 3810
3850 2560 4850 3820
3850 2580 4860 3830
3860 2570 4860 3820
3860 2540 4860 3830
3860 2540 4850 3840
3870 2480 4860 3830
3860 2430 4860 3840
3860 2520 4860 3840
3850 2430 4860 3830
3860 2360 4860 3820
3860 2340 4860 3830
3860 2340 4860 3830
3860 2310 4860 3830
3860 2300 4850 3820
3860 2310 4850 3810
3860 2350 4860 3810
3870 2380 4860 3810
3870 2360 4860 3810
3870 2570 4860 3810
3850 2780 4860 3810
3850 2920 4860 3820
3840 2760 4860 3820
3840 2600 4870 3800
3840 2510 4860 3800
3840 2450 4860 3800
3850 2420 4860 3800
3860 2390 4860 3800
3860 2370 4850 3810
3840 2780 4840 3820
3840 2900 4840 3810
3850 2940 4840 3810
3830 2950 4850 3830
3840 2870 4850 3820
3840 2910 4850 3820
3840 2940 4860 3830
3860 2800 4860 3830
3860 2760 4860 3830
3860 2720 4860 3820
3850 2700 4860 3840
3850 2750 4860 3840
3850 2820 4860 3830
3850 2870 4860 3830
3850 2940 4870 3820
3850 3130 4870 3820
3860 3140 4870 3830
3850 2910 4860 3840
3850 2940 4870 3830
3850 2900 4870 3830
3850 2720 4860 3830
3850 2600 4860 3820
3840 2650 4860 3830
3850 2540 4860 3830
3850 2440 4860 3830
3840 2400 4850 3820
3840 2370 4850 3830
3850 2360 4850 3820
3850 2340 4850 3820
3860 2340 4850 3820
3870 2360 4850 3830
3860 2350 4850 3840
3850 2750 4850 3840
3850 2660 4850 3810
3850 2050 4850 5890
3850 2050 4860 5330
3850 2050 4860 4920
3850 2060 4860 4620
3850 2070 4870 4680
3850 2070 4880 4320
3850 2080 4870 4420
3850 2070 4860 4290
3850 2070 4860 4200
3850 2060 4860 4150
3840 2040 4860 4080
3840 2040 4860 4070
3850 2040 4860 4010
3860 2040 4860 4010
3850 2040 4860 4030
3850 2030 4850 4010
3850 2030 4850 4020
3850 2030 4850 4020
3860 2040 4850 4040
3860 2040 4850 4020
3860 2050 4850 4020
3860 2050 4860 4170
3850 2060 4860 4390
3850 2050 4860 4300
3840 2050 4860 4220
3840 2040 4850 4170
3840 2030 4850 4150
3860 2040 4860 4420
3860 2050 4860 4600
3860 2050 4860 4530
3860 2060 4860 4160
3860 2060 4860 4120
3850 2060 4870 4110
3860 2050 4860 4090
3860 2050 4860 4080
3850 2050 4860 4070
3860 2050 4860 4060
3850 2050 4870 4060
3850 2060 4870 4040
3850 2050 4870 4320
3850 2050 4870 4380
3850 2060 4870 4250
3850 2050 4870 4130
3860 2060 4870 4100
3860 2060 4860 4080
3870 2050 4860 4050
3880 2050 4860 4040
3870 2060 4860 4030
3870 2070 4860 4030
3870 2070 4870 4030
3870 2070 4860 4040
3860 2070 4860 4040
3840 2060 4860 4070
3840 2060 4860 4060
3850 2070 4860 4070
3850 2060 4860 4070
3860 2060 4860 4070
3860 2070 4860 4070
3840 2060 4860 4070
3840 2050 4860 4070
3840 2040 4870 4050
3850 2040 4860 4040
3850 2040 4860 4040
3840 2040 4860 4040
3840 2040 4860 4030
3850 2040 4860 4020
3850 2040 4860 4020
3850 2040 4850 4010
3850 2040 4850 4030
3850 2040 4850 4030
3860 2050 4860 4020
3860 2050 4870 4010
3860 2060 4870 4020
3860 2060 4860 4010
3860 2050 4860 4010
3850 2050 4860 3990
3850 2050 4850 4010
3850 2050 4850 4010
3860 2050 4850 4010
3860 2050 4850 4020
3850 2060 4850 4030
3850 2060 4850 4040
3850 2060 4850 4020
3840 2050 4850 4020
3840 2050 4850 4040
3850 2050 4860 4000
3850 2040 4860 4000
3850 2040 4860 4030
3840 2040 4870 4020
3850 2040 4860 4020
3850 2040 4860 4040
3840 2040 4860 4040
3850 2040 4860 4050
3860 2050 4850 4050
3850 2050 4850 4060
3850 2050 4850 4040
3860 2050 4850 4010
3850 2040 4860 4020
3850 2050 4860 4030
3840 2050 4860 4040
3850 2050 4860 4040
3850 2040 4860 4020
3860 2060 4860 4030
3860 2060 4860 4050
3860 2060 4860 4060
3860 2060 4860 4030
3850 2060 4860 4000
3850 2070 4860 4010
3860 2070 4860 4010
3860 2060 4860 4000
3860 2060 4860 4000
3840 2050 4850 4030
3840 2050 4850 4030
3840 2050 4850 4030
3850 2050 4850 4040
3850 2050 4860 4030
3850 2050 4860 4030
3850 2060 4860 4020
3850 2060 4860 4030
3850 2060 4860 4030
3850 2050 4860 4010
3860 2050 4860 4030
3860 2060 4860 4030
3860 2060 4860 4040
3860 2050 4860 4040
3860 2050 4860 4050
3860 2050 4860 4050
3860 2050 4860 4040
3860 2050 4860 4350
3860 2050 4860 4710
