2960 4060 3460 4540
2900 4060 3450 4540
2930 4060 3460 4520
2950 4070 3470 4540
2970 4060 3470 4540
2950 4050 3470 4540
2930 4040 3470 4540
2930 4050 3470 4540
2960 4060 3470 4540
2920 4050 3460 4540
2900 4050 3460 4540
2920 4060 3460 4540
2910 4050 3460 4540
2890 4060 3460 4540
2910 4060 3460 4540
2920 4060 3460 4540
2940 4070 3460 4540
2930 4060 3460 4540
2960 4060 3460 4540
2940 4060 3470 4540
2960 4060 3470 4540
2960 4070 3470 4540
2900 4070 3470 4540
2920 4070 3480 4540
2920 4060 3480 4540
2970 4060 3480 4540
2940 4060 3480 4540
2940 4060 3470 4540
2930 4070 3470 4540
2900 4060 3470 4540
2950 4050 3460 4540
2970 4040 3460 4540
2950 4040 3460 4540
2900 4060 3470 4540
2920 4060 3470 4530
2970 4060 3470 4530
2960 4060 3470 4530
2960 4050 3460 4530
2900 4040 3460 4530
2900 4050 3460 4530
2920 4040 3460 4530
2920 4040 3460 4530
2940 4050 3460 4530
2970 4050 3460 4540
2970 4050 3460 4540
2900 4050 3460 4540
2950 4040 3460 4540
2940 4050 3460 4540
2920 4060 3460 4530
2910 4070 3460 4530
2940 4070 3470 4540
2940 4060 3470 4540
2890 4060 3470 4530
2900 4050 3460 4540
2960 4050 3460 4540
2890 4050 3470 4540
2940 4050 3460 4540
2910 4040 3460 4530
2950 4030 3470 4530
2900 4040 3470 4530
2940 4050 3460 4540
2890 4060 3460 4540
2910 4060 3460 4540
2920 4050 3460 4540
2900 4050 3460 4540
2960 4040 3460 4530
2900 4050 3460 4530
2900 4050 3460 4530
2940 4060 3460 4530
2940 4060 3460 4540
2900 4060 3460 4540
2920 4070 3460 4540
2960 4070 3460 4540
2920 4060 3460 4550
2960 4060 3460 4540
2940 4060 3460 4540
2910 4060 3460 4550
2910 4060 3460 4540
2880 4060 3460 4540
2910 4060 3460 4540
2910 4070 3460 4540
2940 4070 3460 4540
2950 4070 3460 4540
2890 4070 3460 4540
2890 4060 3460 4540
2950 4050 3460 4540
2950 4050 3460 4540
2960 4060 3460 4540
2440 4530 3460 4540
2450 4520 3460 4540
2450 4580 3460 4540
2450 4540 3460 4540
2450 4510 3460 4540
2450 4530 3460 4540
2450 4580 3460 4530
2450 4560 3460 4530
2450 4590 3460 4530
2450 4550 3460 4530
2450 4550 3470 4540
2440 4580 3470 4540
2430 4540 3470 4540
2430 4560 3470 4530
2430 4530 3460 4540
2430 4520 3450 4550
2430 4540 3450 4550
2430 4580 3460 4550
2430 4520 3460 4540
2430 4580 3460 4540
2440 4580 3460 4540
2450 4560 3460 4540
2440 4540 3460 4540
2440 4590 3460 4540
2440 4590 3460 4540
2440 4570 3460 4530
2440 4570 3460 4530
2440 4520 3460 4540
2440 4550 3460 4540
2430 4500 3470 4540
2440 4500 3460 4540
2450 4510 3460 4540
2450 4530 3460 4540
2450 4520 3460 4540
2450 4510 3470 4540
2450 4530 3470 4540
2440 4540 3470 4540
2440 4500 3470 4540
2430 4550 3470 4540
2450 4520 3460 4540
2450 4510 3460 4540
2450 4530 3460 4540
2450 4540 3460 4540
2450 4530 3460 4540
2440 4520 3460 4540
2440 4520 3460 4530
2440 4520 3460 4540
2440 4520 3460 4550
2450 4580 3450 4540
2450 4580 3450 4540
2440 4560 3450 4530
2440 4570 3460 4530
2440 4580 3460 4540
2440 4580 3460 4540
2440 4510 3450 4540
2440 4550 3450 4540
2440 4580 3460 4530
2420 4510 3460 4530
2430 4490 3460 4540
2430 4500 3460 4530
2430 4540 3470 4540
2430 4510 3470 4540
2440 4530 3470 4540
2440 4510 3470 4540
2440 4540 3470 4540
2440 4510 3470 4540
2450 4540 3470 4540
2450 4530 3470 4540
2450 4510 3470 4540
2440 4530 3470 4540
2440 4560 3470 4540
2440 4540 3470 4550
2440 4580 3470 4550
2430 4550 3470 4540
2430 4530 3470 4540
2430 4530 3470 4540
2440 4510 3470 4540
2450 4550 3470 4540
2440 4570 3470 4540
2440 4560 3460 4540
2440 4560 3460 4540
2430 4520 3460 4540
2420 4560 3460 4540
2420 4520 3460 4540
2420 4580 3450 4540
2420 4540 3450 4530
2420 4530 3450 4530
