4230 2490 4510 3300
4300 2500 4500 3300
4240 2480 4510 3300
4290 2480 4500 3310
4330 2480 4500 3300
4330 2470 4500 3300
4340 2480 4510 3300
4340 2480 4510 3300
4370 2490 4510 3300
4430 2480 4510 3300
4490 2480 4510 3300
4550 2480 4500 3300
4580 2480 4510 3300
4610 2480 4520 3300
4610 2490 4520 3300
4640 2490 4530 3300
4640 2470 4540 3300
4650 2480 4530 3310
4550 2470 4530 3310
4550 2480 4520 3310
4500 2480 4520 3310
4360 2490 4520 3300
4260 2490 4520 3300
4230 2490 4520 3300
4210 2480 4520 3310
4160 2490 4510 3310
4270 2480 4510 3320
4290 2470 4500 3320
4310 2480 4510 3320
4330 2470 4520 3320
4350 2480 4520 3320
4480 2470 4500 3310
4400 2490 4510 3300
4470 2480 4500 3310
4570 2470 4500 3300
4580 2480 4510 3290
4600 2480 4520 3310
4620 2480 4520 3310
4620 2500 4520 3300
4620 2490 4520 3310
4600 2470 4520 3320
4610 2480 4510 3320
4610 2480 4520 3310
4620 2490 4510 3310
4630 2490 4520 3310
4620 2490 4520 3290
4620 2500 4520 3290
4610 2480 4520 3290
4620 2490 4520 3300
4620 2490 4520 3300
4620 2490 4520 3300
4600 2490 4520 3300
4540 2490 4520 3300
4520 2490 4520 3300
4550 2480 4520 3300
4600 2480 4520 3300
4620 2490 4530 3310
4620 2490 4530 3300
4610 2490 4530 3300
4600 2490 4520 3300
4580 2490 4520 3300
4560 2490 4530 3300
4530 2490 4520 3300
4530 2490 4530 3300
4560 2480 4530 3300
4570 2480 4530 3300
4550 2490 4530 3300
4540 2490 4540 3300
4540 2470 4540 3300
4550 2470 4530 3300
4550 2480 4520 3300
4540 2470 4520 3300
4530 2480 4530 3300
4530 2470 4520 3310
4530 2470 4510 3310
4540 2480 4510 3310
4550 2490 4510 3300
4090 2810 4520 3300
4110 2840 4510 3320
4120 2880 4520 3320
4110 2880 4530 3320
4120 2820 4530 3310
4120 2750 4520 3310
4110 2810 4510 3310
4110 3010 4510 3310
4100 3150 4510 3300
4110 3320 4500 3300
4100 3400 4510 3300
4100 3450 4510 3300
4110 3400 4500 3290
4110 3370 4510 3300
4120 3390 4510 3300
4110 3140 4520 3300
4100 3230 4520 3300
4110 3290 4520 3300
4110 3330 4510 3300
4110 3370 4520 3300
4110 3400 4520 3300
4110 3400 4520 3300
4100 3440 4520 3300
4100 3400 4510 3290
4090 3420 4500 3290
4090 3390 4500 3290
4090 3270 4510 3290
4090 3250 4510 3290
4090 3310 4500 3300
4090 3380 4520 3300
4100 3390 4520 3300
4090 3390 4520 3300
4090 3370 4520 3300
4100 3360 4520 3300
4120 3330 4520 3300
4120 3330 4520 3300
4110 3330 4510 3310
4110 3310 4500 3310
4090 3310 4500 3310
4100 3240 4500 3300
4100 3270 4500 3290
4100 3270 4510 3290
4100 3280 4500 3290
4090 3300 4510 3290
4090 3300 4510 3290
4090 3330 4510 3290
4100 3340 4520 3290
4100 3340 4520 3300
4100 3360 4520 3300
4110 3340 4520 3300
4100 3340 4520 3300
4100 3340 4510 3300
4090 3370 4500 3300
4100 3390 4500 3300
4110 3410 4500 3300
4100 3410 4500 3300
4090 3430 4500 3300
4110 3440 4500 3300
4110 3430 4500 3300
4100 3330 4500 3300
4090 3330 4500 3300
4100 3330 4510 3290
4100 3340 4510 3290
4100 3360 4510 3290
4100 3380 4510 3300
4090 3410 4520 3300
4090 3430 4520 3300
4090 3390 4520 3300
4090 3140 4520 3300
4090 2980 4520 3300
4110 2900 4520 3300
4120 2860 4510 3300
4110 2950 4510 3310
4120 3050 4510 3310
4110 3120 4510 3310
4100 3140 4520 3310
4090 3190 4520 3300
4090 3190 4520 3300
4090 3200 4520 3300
4090 3170 4520 3300
4090 3090 4520 3300
4080 3140 4520 3300
4090 3170 4520 3310
4090 3200 4520 3310
4110 3210 4520 3310
4110 3240 4520 3300
4110 3290 4520 3300
4120 3330 4520 3310
4130 3120 4520 3310
4130 2970 4520 3300
