4380 3270 4160 2880
4380 3270 4170 2870
4370 3720 4180 2860
4370 3680 4180 2850
4360 3690 4180 2860
4360 3640 4180 2850
4380 3630 4180 2850
4380 3520 4180 2850
4380 3430 4170 2840
4380 3490 4180 2850
4380 3580 4160 2850
4380 3670 4160 2850
4390 3760 4150 2860
4390 4060 4140 2850
4370 4010 4170 2840
4360 3980 4170 2860
4370 3800 4170 2860
4380 3740 4170 2850
4390 3790 4170 2840
4400 3700 4170 2850
4400 3410 4170 2850
4400 3410 4170 2860
4400 3340 4170 2850
4400 3380 4170 2850
4380 3600 4160 2850
4380 3740 4170 2850
4390 3820 4180 2840
4380 3850 4180 2850
4380 3830 4170 2860
4360 3800 4170 2860
4360 3730 4180 2860
4360 3680 4170 2860
4360 3690 4170 2850
4360 3740 4170 2850
4350 3790 4170 2860
4350 3770 4170 2870
4360 3700 4170 2850
4370 3810 4170 2850
4380 3810 4170 2850
4380 3680 4170 2850
4370 3580 4170 2850
4370 3570 4170 2850
4370 3400 4170 2850
4360 3360 4160 2850
4360 3530 4170 2850
4370 3650 4170 2840
4360 3750 4180 2840
4360 3780 4170 2850
4370 3800 4180 2850
4370 3450 4170 2860
4360 3370 4170 2860
4360 3320 4170 2850
4360 3300 4170 2850
4350 3270 4170 2850
4360 3260 4170 2850
4350 3270 4170 2850
4360 3250 4180 2850
4370 3230 4170 2850
4360 3220 4160 2850
4370 3210 4160 2850
4370 3320 4160 2850
4370 3400 4170 2850
4370 3530 4170 2840
4370 3620 4170 2860
4360 3510 4180 2860
4360 3420 4180 2850
4360 3360 4170 2850
4350 3290 4170 2850
4370 3450 4170 2860
4370 3560 4170 2860
4370 3530 4170 2860
4370 3640 4170 2850
4380 3740 4170 2840
4370 3830 4170 2840
4370 4010 4180 2840
4370 4030 4180 2860
4370 4050 4180 2870
4370 4040 4170 2850
4340 2920 4700 2850
4360 2920 4690 2830
4370 2920 4690 2840
4360 2920 4790 2840
4360 2920 4840 2840
4370 2920 4850 2840
4370 2920 4820 2860
4370 2920 4770 2850
4360 2920 4750 2850
4350 2920 4750 2840
4360 2920 4720 2840
4350 2910 4680 2830
4350 2910 4680 2840
4340 2910 4680 2830
4340 2920 5100 2850
4340 2920 5210 2840
4350 2900 5060 2840
4350 2890 5160 2850
4360 2900 5000 2860
4340 2900 5130 2850
4340 2900 5040 2870
4350 2900 5010 2870
4350 2900 4790 2850
4340 2910 4650 2860
4350 2920 4580 2850
4360 2920 4530 2850
4370 2910 4480 2850
4370 2910 4450 2860
4370 2910 4450 2850
4370 2910 4430 2860
4370 2910 4410 2860
4360 2910 4420 2860
4350 2910 4410 2860
4350 2910 4410 2860
4360 2920 4390 2850
4370 2920 4380 2860
4360 2920 4390 2850
4350 2910 4390 2850
4350 2910 4390 2850
4360 2910 4410 2860
4350 2900 4500 2860
4350 2900 4520 2850
4350 2910 4500 2850
4350 2910 4720 2850
4350 2920 4770 2850
4350 2920 4920 2850
4350 2930 4920 2840
4350 2910 4760 2850
4350 2910 4940 2850
4360 2910 4870 2850
4350 2910 4930 2850
4370 2920 4790 2860
4370 2910 4740 2860
4360 2910 4730 2850
4360 2910 4830 2850
4360 2910 4770 2850
4360 2900 4840 2860
4350 2910 4840 2860
4360 2910 4890 2850
4350 2910 4770 2840
4350 2910 4550 2850
4350 2920 4550 2860
4360 2910 4470 2850
4370 2910 4420 2850
4370 2910 4390 2860
4370 2900 4450 2850
4360 2900 4520 2840
4350 2900 4680 2840
4350 2900 4640 2850
4350 2900 4600 2850
4350 2900 4650 2850
4350 2900 4830 2860
4350 2910 4730 2860
4360 2910 4790 2850
4350 2910 4920 2850
4350 2910 4950 2850
