4810 3340 3900 2450
4820 3330 3890 2450
5030 3330 3890 2440
4940 3330 3890 2440
4860 3330 3890 2450
4800 3340 3890 2450
4820 3340 3900 2450
4840 3340 3890 2440
4860 3320 3900 2460
4870 3320 3910 2460
4880 3330 3910 2470
4890 3330 3910 2460
4920 3340 3910 2450
4930 3340 3910 2440
4950 3340 3900 2440
4950 3340 3900 2430
4970 3330 3910 2440
5010 3310 3910 2440
5040 3320 3910 2450
5060 3320 3910 2450
4980 3320 3920 2420
5130 3320 3920 2420
5210 3330 3910 2430
5210 3330 3900 2420
5190 3330 3890 2420
5130 3340 3900 2440
5130 3330 3890 2440
5060 3330 3890 2420
5050 3330 3900 2420
5050 3330 3900 2420
5030 3330 3910 2420
5040 3330 3910 2420
5050 3330 3910 2430
5050 3330 3910 2430
5050 3340 3910 2420
4960 3340 3910 2420
4970 3330 3910 2430
4990 3330 3890 2420
5040 3330 3900 2420
5060 3330 3900 2420
5050 3330 3890 2430
5060 3340 3890 2420
5060 3340 3900 2440
5060 3340 3900 2440
5040 3330 3900 2440
5050 3330 3900 2440
5020 3330 3900 2440
5000 3340 3900 2440
5040 3330 3900 2450
5030 3330 3900 2450
5110 3330 3900 2460
5130 3330 3900 2440
5160 3330 3900 2440
5150 3330 3890 2460
5200 3330 3900 2460
5200 3330 3900 2460
5190 3340 3900 2450
5180 3330 3900 2440
5170 3330 3900 2430
5170 3330 3900 2440
5160 3330 3900 2440
5160 3330 3900 2440
5170 3340 3890 2430
6000 3340 3890 2430
6250 3330 3890 2440
6400 3330 3900 2440
5780 3330 3900 2450
5620 3340 3900 2450
5510 3340 3900 2450
5440 3330 3900 2460
5570 3340 3890 2460
5870 3330 3880 2450
6080 3330 3880 2450
6210 3330 3880 2460
4650 3340 3910 2770
4650 3330 3890 2790
4650 3340 3890 2800
4650 3340 3890 2790
4650 3340 3900 2820
4640 3340 3900 2840
4650 3340 3900 2860
4660 3330 3890 2890
4660 3330 3890 2910
4660 3330 3890 2910
4660 3330 3900 2910
4660 3330 3900 2900
4650 3330 3900 2900
4650 3330 3900 2890
4650 3330 3900 2890
4650 3330 3900 2910
4650 3340 3900 2940
4660 3340 3900 2940
4650 3340 3900 2950
4660 3330 3900 2910
4660 3330 3900 2880
4650 3330 3900 2850
4660 3330 3910 2840
4660 3330 3910 2840
4650 3330 3910 2860
4640 3330 3900 2880
4650 3330 3900 2910
4650 3330 3900 2910
4660 3330 3900 2920
4650 3330 3900 2930
4650 3330 3900 2930
4660 3330 3900 2920
4660 3330 3900 2900
4660 3340 3910 2880
4660 3340 3910 2840
4660 3340 3910 2840
4670 3360 3910 2880
4660 3360 3910 2910
4660 3340 3910 2930
4660 3340 3910 2930
4660 3330 3900 2920
4660 3340 3890 2910
4660 3340 3890 2910
4650 3330 3890 2890
4650 3330 3880 2890
4650 3330 3880 2890
4650 3330 3890 2890
4650 3340 3890 2900
4650 3340 3890 2900
4660 3340 3890 2900
4670 3340 3890 2910
4660 3340 3890 2930
4660 3340 3890 2930
4660 3360 3890 2930
4650 3360 3880 2920
4660 3360 3890 2930
4660 3360 3890 2940
4650 3360 3890 2950
4650 3360 3900 2950
4650 3340 3900 2960
4660 3330 3900 2950
4660 3340 3900 2950
4660 3340 3900 2940
4660 3340 3890 2940
4660 3340 3890 2940
4650 3340 3890 2940
4650 3340 3880 2940
4650 3330 3880 2930
4660 3340 3880 2930
4650 3340 3880 2930
4650 3340 3880 2930
4640 3330 3880 2940
4650 3330 3890 2940
4660 3330 3900 2940
4660 3330 3900 2950
4650 3340 3900 2950
4650 3330 3910 2950
4650 3330 3910 2950
4650 3320 3910 2950
4650 3330 3910 2960
4650 3330 3910 2960
4660 3330 3910 2960
4660 3330 3900 2960
4660 3330 3880 2960
4650 3330 3880 2960
4650 3330 3880 2980
4660 3320 3880 2970
4670 3330 3880 2970
4660 3320 3890 2960
4650 3330 3900 2960
4650 3330 3910 2950
4650 3330 3910 2920
4650 3340 3910 2900
4650 3340 3910 2880
