5190 3790 3750 2050
5160 3780 3750 2050
5230 3780 3750 2040
5410 3780 3740 2050
5360 3790 3740 2060
5320 3790 3750 2050
5450 3800 3760 2050
5430 3800 3750 2050
5410 3800 3750 2050
5390 3800 3750 2050
5410 3800 3750 2050
5400 3800 3740 2050
5370 3780 3740 2060
5330 3780 3750 2060
5320 3770 3740 2050
5310 3770 3740 2050
5300 3780 3750 2050
5420 3750 3740 2050
5360 3750 3750 2060
5320 3780 3750 2060
5290 3770 3750 2050
5370 3770 3750 2050
5780 3800 3750 2060
5680 3800 3750 2050
5580 3800 3750 2050
5550 3800 3750 2060
5440 3810 3750 2060
5350 3790 3750 2060
5350 3790 3750 2060
5330 3790 3760 2060
5330 3800 3760 2060
5340 3800 3760 2050
5350 3800 3750 2050
5350 3810 3750 2050
5350 3810 3750 2050
5350 3810 3750 2050
5350 3810 3750 2050
5350 3790 3750 2050
5350 3790 3750 2050
5340 3790 3750 2050
5360 3790 3750 2050
5360 3790 3750 2050
5330 3790 3750 2050
5310 3790 3750 2050
5490 3790 3750 2060
5340 3790 3750 2060
5330 3790 3750 2070
5310 3800 3750 2070
5310 3800 3750 2070
5300 3790 3750 2060
5300 3800 3750 2050
5290 3790 3750 2050
5290 3790 3760 2050
5290 3790 3760 2050
5290 3770 3750 2050
5290 3790 3740 2050
5290 3780 3740 2060
5280 3790 3750 2060
5280 3790 3750 2060
5280 3790 3760 2060
5290 3790 3760 2050
5290 3790 3740 2050
5290 3780 3740 2050
5290 3780 3750 2050
5290 3770 3750 2060
5290 3770 3750 2060
5290 3790 3750 2050
5300 3790 3750 2050
5310 3790 3750 2050
5290 3790 3760 2050
5290 3800 3760 2050
5340 3790 3750 2050
5390 3790 3750 2050
5380 3790 3750 2050
5330 3790 3760 2050
5290 3790 3760 2060
5280 3800 3760 2060
5270 3800 3760 2050
5260 3790 3750 2040
5260 3790 3750 2040
5260 3780 3750 2040
5280 3790 3750 2040
5280 3790 3750 2040
5280 3790 3750 2050
5290 3800 3750 2050
5290 3790 3750 2050
5290 3790 3750 2050
5270 3800 3750 2050
5030 4190 3740 2060
5030 4210 3740 2060
5020 4130 3740 2060
5010 4410 3750 2050
5020 4350 3750 2050
5020 4320 3750 2060
5030 4250 3740 2060
5010 4240 3750 2050
5010 4270 3750 2060
5010 4290 3760 2070
5010 4240 3760 2070
5010 4220 3760 2060
5000 4220 3760 2070
5000 4370 3760 2070
5010 4180 3750 2060
5010 4160 3750 2060
5010 4160 3750 2060
5010 4140 3750 2060
5010 4120 3750 2060
5010 4090 3760 2050
5010 4200 3760 2050
5020 4460 3760 2050
5020 4500 3760 2040
5020 4420 3760 2040
5020 4370 3760 2040
5010 4310 3760 2050
5010 4220 3760 2060
5010 4160 3750 2060
5000 4080 3760 2060
5000 4160 3760 2050
5000 4210 3750 2060
5000 4190 3750 2060
5000 4340 3750 2050
5010 4330 3750 2050
5020 4330 3750 2050
5030 4360 3750 2050
5020 4420 3750 2070
5030 4290 3750 2070
5020 4200 3750 2070
5020 4160 3750 2070
5030 4140 3750 2070
5020 4080 3760 2060
5010 4030 3750 2060
5010 4060 3750 2060
5020 4080 3750 2050
5030 4060 3750 2050
5020 4010 3750 2050
5020 4070 3750 2050
5020 4150 3750 2050
5010 4090 3750 2050
5010 4250 3750 2050
5010 4150 3750 2050
5010 4120 3750 2050
5010 4100 3750 2060
5010 4070 3740 2060
5010 4090 3740 2050
5020 4100 3740 2050
5020 4140 3740 2050
5020 4170 3730 2060
5010 4230 3730 2050
5010 4250 3730 2050
5000 4120 3740 2050
5010 4090 3750 2050
5010 4190 3750 2050
5010 4230 3750 2060
5010 4230 3750 2060
5020 4240 3750 2050
5010 4250 3750 2050
5010 4250 3750 2050
5020 4260 3750 2050
5020 4290 3750 2050
5030 4300 3750 2050
5030 4270 3750 2050
5020 4240 3740 2050
5030 4210 3740 2060
5020 4200 3740 2060
5030 4210 3740 2050
5030 4220 3740 2050
5030 4230 3750 2060
5030 4260 3750 2070
5030 4300 3750 2070
5020 4360 3740 2070
5020 4450 3750 2060
5020 4490 3750 2060
5020 4510 3750 2050
5010 4190 3740 2050
5010 4120 3750 2050
5010 4080 3750 2050
5010 4120 3760 2050
5010 4070 3750 2060
5010 4110 3750 2050
5010 4150 3750 2050
5010 4240 3760 2050
5010 4320 3770 2050
5010 4390 3770 2050
