5410 4570 3530 1710
5420 4610 3530 1710
5420 4540 3530 1720
5420 4640 3530 1720
5420 4730 3530 1710
5420 4690 3530 1710
5420 4720 3530 1710
5420 4770 3530 1700
5420 4850 3530 1700
5420 5030 3530 1710
5420 4990 3530 1710
5420 4930 3530 1700
5420 4880 3530 1690
5420 4780 3520 1710
5420 4840 3520 1700
5420 4920 3520 1700
5420 4920 3530 1700
5420 4920 3530 1710
5410 4890 3520 1710
5410 4890 3520 1720
5400 4920 3530 1720
5410 4860 3530 1710
5400 4870 3520 1710
5400 4860 3530 1710
5400 4820 3530 1710
5410 4810 3530 1710
5410 4810 3530 1710
5410 4820 3530 1710
5410 5030 3510 1720
5410 4970 3520 1710
5410 4960 3530 1700
5410 4950 3520 1710
5400 4950 3520 1710
5400 5010 3530 1710
5410 5040 3530 1710
5410 5020 3510 1720
5410 5010 3510 1720
5410 4980 3520 1710
5410 4960 3510 1710
5420 4940 3500 1710
5420 4980 3510 1710
5420 5000 3510 1710
5410 5010 3520 1710
5410 5020 3510 1720
5420 5040 3510 1710
5420 5060 3500 1710
5410 5060 3500 1710
5430 5060 3510 1700
5420 5030 3520 1700
5420 5020 3520 1700
5410 5000 3510 1700
5410 4980 3510 1700
5410 4970 3520 1710
5410 4950 3530 1710
5410 4940 3530 1710
5410 4940 3530 1700
5410 4950 3530 1710
5410 4950 3530 1710
5410 4960 3520 1710
5420 4980 3510 1710
5420 4970 3520 1720
5410 4960 3510 1720
5410 4940 3520 1700
5410 4920 3520 1700
5410 4910 3520 1710
5420 4910 3520 1710
5420 4890 3520 1720
5420 4880 3530 1720
5410 4870 3530 1720
5400 4850 3520 1710
5400 4840 3520 1720
5410 4840 3510 1720
5410 4840 3510 1720
5420 4840 3520 1720
5410 4830 3520 1720
5420 4820 3520 1730
5420 4820 3520 1730
5420 4830 3510 1730
5420 4830 3510 1730
5410 4840 3520 1730
5420 4860 3520 1720
5410 4850 3520 1720
5410 4870 3500 1720
5410 4870 3500 1720
5410 4870 3500 1720
5420 4910 3490 1720
5420 4950 3500 1710
5430 4240 3520 2440
5420 4250 3530 2400
5420 4250 3530 2390
5420 4250 3530 2370
5410 4240 3530 2340
5410 4240 3530 2360
5410 4240 3520 2370
5410 4240 3520 2380
5410 4240 3520 2390
5420 4230 3530 2430
5420 4250 3530 2470
5420 4240 3540 2480
5410 4240 3530 2470
5420 4250 3530 2450
5420 4230 3530 2390
5420 4260 3520 2350
5410 4260 3530 2350
5410 4270 3530 2350
5420 4270 3530 2350
5420 4260 3520 2360
5440 4260 3520 2400
5420 4270 3530 2370
5420 4260 3520 2360
5420 4260 3530 2360
5430 4260 3530 2370
5430 4260 3530 2360
5430 4260 3530 2360
5430 4260 3530 2400
5430 4250 3520 2370
5430 4250 3520 2350
5430 4240 3510 2350
5430 4250 3510 2340
5430 4250 3520 2320
5430 4240 3520 2320
5430 4230 3520 2330
5430 4230 3520 2330
5430 4240 3520 2340
5430 4240 3520 2340
5430 4250 3520 2340
5430 4250 3520 2350
5420 4250 3520 2360
5430 4250 3520 2370
5420 4240 3510 2370
5420 4260 3520 2380
5420 4260 3510 2380
5410 4260 3510 2380
5420 4250 3520 2350
5420 4240 3520 2350
5420 4230 3530 2360
5410 4240 3530 2300
5410 4250 3520 2320
5410 4250 3520 2340
5420 4260 3520 2360
5420 4240 3520 2450
5420 4230 3520 2460
5410 4240 3520 2480
5410 4240 3520 2470
5410 4220 3520 2450
5420 4240 3510 2460
5420 4240 3520 2480
5410 4230 3520 2500
5410 4240 3530 2510
5420 4250 3520 2510
5420 4240 3510 2510
5420 4240 3500 2510
5410 4240 3500 2510
5420 4250 3510 2500
5430 4250 3510 2490
5430 4260 3510 2490
5410 4260 3520 2490
5410 4260 3510 2510
5410 4240 3510 2550
5400 4250 3500 2590
5410 4240 3510 2590
5420 4220 3510 2580
5420 4230 3510 2560
5420 4230 3510 2540
5420 4250 3510 2600
5410 4260 3510 2590
5410 4250 3510 2580
5410 4230 3520 2520
5410 4240 3520 2480
5420 4250 3520 2540
5420 4250 3510 2550
5430 4230 3520 2530
5420 4230 3520 2490
5430 4230 3520 2480
5440 4230 3520 2470
5430 4240 3520 2460
