5810 5270 3420 1550
5810 5250 3420 1530
5810 5250 3420 1540
5820 5260 3430 1540
5820 5260 3430 1540
5810 5280 3440 1530
5810 5300 3440 1530
5810 5250 3440 1540
5820 5260 3440 1520
5820 5300 3430 1530
5800 5260 3420 1530
5800 5270 3430 1540
5810 5250 3430 1540
5810 5230 3430 1540
5810 5240 3430 1540
5810 5250 3430 1540
5810 5270 3430 1530
5830 5240 3430 1530
5830 5260 3430 1520
5830 5260 3410 1540
5830 5250 3410 1540
5830 5320 3420 1530
5820 5310 3420 1540
5810 5260 3430 1550
5820 5300 3440 1530
5820 5240 3430 1550
5820 5300 3440 1550
5810 5240 3420 1540
5810 5240 3430 1550
5820 5240 3420 1550
5820 5260 3420 1540
5820 5310 3420 1550
5830 5280 3400 1540
5830 5240 3420 1540
5830 5240 3420 1520
5830 5240 3420 1510
5820 5280 3430 1500
5820 5230 3420 1520
5830 5280 3420 1520
5830 5280 3410 1510
5820 5300 3420 1530
5830 5240 3410 1540
5830 5260 3420 1550
5830 5240 3430 1530
5830 5240 3420 1540
5820 5240 3420 1550
5820 5260 3420 1540
5820 5260 3420 1540
5830 5230 3440 1510
5830 5270 3420 1530
5830 5250 3440 1540
5820 5280 3440 1530
5820 5260 3440 1530
5830 5250 3440 1520
5850 5290 3440 1530
5850 5260 3430 1530
5850 5300 3430 1530
5830 5270 3420 1540
5830 5250 3430 1540
5830 5270 3430 1530
5830 5250 3420 1520
5830 5240 3430 1510
5830 5300 3420 1510
5850 5280 3420 1520
5850 5260 3430 1520
5850 5260 3420 1520
5850 4780 3440 2000
5830 4780 3450 2010
5830 4780 3440 2010
5830 4780 3440 1980
5820 4780 3430 2040
5820 4780 3440 2000
5810 4780 3440 1990
5820 4780 3440 2030
5820 4780 3440 2040
5820 4780 3440 2000
5830 4770 3430 2030
5830 4790 3440 2040
5830 4780 3430 1990
5820 4770 3420 2020
5830 4770 3430 1970
5830 4780 3430 1970
5830 4780 3440 1990
5830 4790 3430 1950
5830 4780 3430 2010
5830 4770 3440 1980
5830 4780 3430 1980
5830 4780 3430 1990
5820 4790 3440 1960
5820 4790 3430 1950
5820 4790 3430 1950
5820 4790 3420 1950
5820 4780 3420 1970
5820 4780 3420 1950
5820 4780 3420 1970
5830 4800 3430 1970
5830 4780 3430 1980
5850 4780 3430 1970
5850 4770 3430 2040
5850 4770 3430 1980
5850 4770 3430 1990
5830 4780 3430 1970
5830 4780 3430 2030
5830 4770 3420 2030
5830 4770 3430 1960
5830 4770 3410 1980
5830 4780 3420 2040
5850 4780 3430 2010
5830 4780 3430 1990
5830 4790 3430 2000
5830 4780 3430 2020
5830 4800 3430 2030
5820 4800 3430 2020
5820 4800 3430 2030
5830 4780 3440 1960
5820 4780 3430 2000
5830 4780 3420 1960
5830 4780 3420 1990
5830 4780 3420 1950
5820 4790 3430 2010
5820 4780 3440 1990
5820 4790 3430 1970
5830 4790 3430 1980
5820 4780 3430 1990
5820 4780 3430 2000
5820 4780 3420 1970
5820 4790 3430 1980
5820 4770 3440 2020
5820 4780 3440 2020
5820 4780 3440 2030
5820 4760 3440 1970
5820 4780 3440 1970
5830 4770 3440 2000
5830 4780 3430 2040
5830 4780 3430 1990
5850 4780 3430 1990
5850 4780 3430 2030
5850 4780 3440 1980
5830 4780 3440 2000
5830 4780 3440 2000
5830 4780 3430 2020
5830 4780 3430 1960
5830 4780 3430 1980
5830 4780 3430 2010
5830 4780 3440 1990
5830 4780 3440 1980
5830 4790 3430 1970
5830 4790 3430 1960
5830 4790 3430 2030
5830 4780 3420 1970
5830 4780 3420 1990
5830 4790 3420 2010
5830 4790 3420 2020
