6120 5030 3990 1070
6120 5080 4000 1050
6130 5080 4000 1060
6140 5030 3990 1060
6140 5030 4000 1060
6140 5050 4000 1070
6140 5050 4000 1080
6140 5030 3990 1070
6160 5070 3990 1080
6140 5070 3990 1070
6140 5030 3990 1080
6130 5070 3990 1060
6130 5010 4000 1050
6130 5030 4000 1050
6130 5030 4000 1060
6120 5070 4010 1050
6120 5070 4010 1060
6120 5050 4010 1070
6140 5050 4010 1060
6140 5040 4010 1060
6140 5040 4010 1070
6140 5040 4010 1080
6130 5040 4010 1070
6130 5030 4010 1090
6120 5090 4010 1100
6120 5080 4010 1090
6140 5060 4010 1080
6120 5010 4010 1080
6120 5010 4010 1080
6120 5050 4010 1090
6120 5050 4010 1090
6120 5050 4010 1090
6110 5020 4000 1090
6120 5040 4000 1100
6120 5060 4000 1090
6120 5030 4000 1080
6120 5080 4000 1070
6120 5020 4000 1060
6120 5070 4000 1050
6120 5020 4000 1080
6120 5030 4000 1090
6140 5030 4000 1090
6140 5020 4000 1090
6140 5050 4000 1070
6140 5070 4000 1070
6140 5050 4000 1060
6160 5040 4010 1090
6160 5080 4010 1100
6140 5040 4000 1080
6140 5020 4000 1080
6130 5040 4000 1060
6120 5090 3990 1060
6120 5090 4000 1070
6130 5030 3990 1090
6130 5030 3990 1090
6130 5030 3990 1090
6130 5030 3990 1080
6130 5040 3990 1070
6130 5040 4000 1060
6130 5030 4000 1050
6130 5030 3990 1050
6130 5020 3990 1080
6120 5070 3990 1070
6130 5040 3990 1060
6120 5070 3990 1060
6110 5050 3990 1060
6120 5060 3990 1060
6120 5060 4000 1040
6130 5040 3990 1070
6130 5060 3990 1060
6120 5030 4000 1060
6120 5040 4000 1060
6120 5060 4000 1070
6120 5040 4000 1060
6130 5020 3990 1070
6120 5020 4000 1080
6120 5080 3990 1070
6120 5010 3990 1060
6120 5080 4000 1050
6130 5010 4000 1080
6130 5080 4000 1060
6130 5050 4000 1080
6120 5060 3990 1080
6120 5060 3990 1090
6120 5080 4000 1110
6120 4560 4010 1580
6120 4550 4010 1530
6110 4550 4010 1540
6120 4560 4010 1590
6120 4550 4010 1540
6130 4550 4000 1560
6130 4550 3990 1540
6130 4550 3990 1550
6130 4550 3990 1590
6130 4550 4000 1600
6140 4550 3990 1620
6160 4550 3990 1560
6140 4550 3990 1530
6140 4550 3990 1570
6130 4570 3990 1580
6130 4550 4000 1570
6140 4550 3990 1590
6140 4560 3980 1560
6140 4560 3980 1580
6140 4550 3990 1560
6140 4550 4000 1600
6130 4570 4010 1520
6130 4570 4010 1530
6130 4560 4010 1520
6120 4560 4020 1510
6120 4560 4010 1600
6120 4560 4010 1590
6130 4570 4000 1550
6130 4570 3990 1540
6130 4570 3980 1520
6140 4570 3980 1550
6140 4570 3950 1550
6140 4560 3950 1560
6140 4570 3950 1560
6130 4560 3950 1530
6120 4550 3990 1590
6110 4560 4010 1560
6110 4550 4010 1590
6120 4560 4020 1580
6130 4570 4030 1590
6130 4570 4030 1600
6140 4570 4020 1560
6130 4560 4020 1530
6130 4540 4030 1520
6130 4550 4030 1560
6120 4550 4030 1540
6130 4550 4030 1550
6130 4570 4030 1550
6130 4580 4020 1600
6130 4560 4020 1580
6110 4560 4020 1560
6110 4570 4020 1590
6110 4570 4010 1580
6120 4560 4010 1600
6120 4570 4020 1600
6120 4580 4020 1590
6130 4560 4020 1580
6130 4560 4020 1530
6130 4580 4020 1510
6130 4580 4020 1530
6130 4580 4020 1530
6140 4580 4010 1560
6140 4570 4010 1580
6130 4580 4000 1560
6130 4570 3990 1590
6140 4580 4000 1520
6140 4580 4000 1540
6130 4560 4000 1530
6140 4570 4010 1550
6130 4580 4010 1600
6140 4570 4010 1530
6140 4560 4020 1560
6140 4560 4020 1560
6140 4560 4010 1560
6140 4560 4010 1590
6140 4560 4010 1530
6140 4550 4010 1540
6140 4550 4010 1550
6140 4560 4000 1520
6140 4560 4000 1540
6140 4560 4010 1520
6140 4560 4010 1530
6160 4560 4020 1550
6160 4550 4020 1560
6140 4550 4020 1580
6140 4550 4010 1520
6140 4550 4010 1550
6130 4570 4010 1540
6140 4570 4010 1540
6140 4560 4010 1580
6140 4560 4010 1550
6160 4550 4010 1550
6160 4550 4010 1560
