5760 4260 4040 1380
5760 4270 4040 1380
5760 4330 4040 1380
5760 4360 4050 1380
5760 4370 4060 1370
5760 4330 4050 1360
5760 4360 4040 1350
5760 4400 4030 1360
5760 4400 4030 1360
5760 4390 4030 1360
5760 4370 4040 1370
5760 4360 4040 1370
5770 4360 4040 1350
5770 4380 4040 1350
5770 4390 4040 1360
5760 4390 4040 1360
5750 4410 4040 1360
5750 4420 4040 1360
5750 4430 4030 1350
5750 4430 4040 1360
5750 4440 4040 1370
5750 4450 4030 1360
5760 4450 4030 1360
5770 4460 4040 1360
5770 4450 4040 1370
5770 4440 4040 1370
5770 4430 4040 1360
5770 4430 4040 1350
5770 4430 4050 1350
5770 4430 4040 1350
5760 4440 4040 1360
5750 4440 4040 1360
5750 4450 4030 1360
5750 4450 4030 1360
5760 4430 4040 1350
5760 4420 4030 1350
5760 4420 4020 1350
5760 4420 4030 1350
5760 4420 4030 1350
5760 4420 4030 1350
5770 4420 4030 1350
5770 4430 4040 1350
5750 4420 4040 1350
5750 4420 4040 1340
5760 4410 4050 1340
5760 4410 4040 1340
5770 4400 4050 1340
5760 4390 4050 1340
5750 4380 4050 1350
5750 4400 4040 1350
5760 4400 4040 1360
5760 4400 4040 1360
5760 4400 4040 1370
5760 4400 4030 1360
5760 4400 4030 1360
5750 4390 4030 1360
5760 4390 4030 1360
5770 4380 4030 1360
5760 4390 4040 1360
5770 4390 4030 1360
5770 4400 4040 1350
5770 4380 4050 1350
5770 4370 4050 1350
5770 4360 4040 1360
5780 4350 4030 1360
5780 4350 4030 1360
5780 4350 4030 1370
5780 4350 4030 1360
5780 4360 4040 1360
5760 4360 4030 1350
5760 4370 4040 1370
5750 4370 4050 1360
5750 4370 4050 1360
5760 4380 4050 1360
5760 4390 4050 1360
5770 4390 4050 1370
5770 4390 4040 1380
5770 4380 4040 1380
5760 4380 4040 1370
5770 4390 4040 1370
5780 4390 4030 1370
5780 4400 4050 1360
5780 4400 4040 1350
5780 4400 4050 1350
5780 4410 4050 1360
5780 4420 4060 1360
5780 4420 4050 1360
5770 4410 4040 1360
5770 4400 4030 1350
5770 4400 4040 1360
5770 4400 4030 1360
5780 4400 4040 1360
5780 4420 4040 1370
5770 4430 4040 1370
5770 4430 4040 1360
5760 4440 4040 1360
5760 4440 4040 1340
5750 4400 4040 1340
5750 4400 4040 1350
5750 4410 4030 1350
5750 4390 4040 1360
5760 4370 4030 1360
5760 4370 4040 1360
5760 4420 4030 1350
5770 4460 4030 1350
5770 4400 4030 1340
5770 4370 4030 1350
5760 4370 4040 1350
5760 4360 4040 1350
5760 4350 4040 1360
5760 4360 4040 1360
5760 4380 4040 1380
5760 4410 4040 1380
5760 4430 4050 1390
5750 4450 4040 1380
5750 4470 4040 1360
5750 4490 4040 1370
5760 4500 4030 1360
5770 4510 4040 1350
5770 4520 4050 1350
5770 4500 4050 1350
5760 4470 4050 1360
5760 4420 4040 1350
5780 4340 4040 1350
5800 4320 4040 1350
5780 4270 4040 1360
5780 4260 4040 1360
5770 4300 4040 1360
5760 4310 4040 1360
5780 4320 4050 1350
5770 4350 4040 1360
5770 4350 4030 1360
5760 4370 4040 1360
5750 4390 4040 1350
5760 4410 4030 1360
5760 4400 4040 1360
5760 4400 4030 1360
5770 4360 4040 1370
5770 4350 4040 1360
5770 4370 4030 1360
5760 4370 4040 1370
5760 4370 4030 1370
5760 4390 4040 1370
5760 4410 4050 1370
5760 4440 4040 1360
5770 4440 4050 1370
5770 4440 4040 1350
5760 4460 4050 1360
5740 4390 4040 1350
5750 4370 4040 1350
5750 4370 4030 1350
5750 4370 4030 1350
5730 4360 4020 1370
5740 4350 4020 1380
5750 4340 4030 1370
5750 4330 4040 1360
5770 4330 4040 1350
5770 4330 4040 1340
5770 4330 4030 1350
5770 4330 4020 1350
5770 4330 4020 1350
5770 4330 4050 1340
5760 4350 4050 1350
5750 4360 4050 1350
5760 4340 4050 1370
5770 4340 4050 1360
5770 4340 4040 1350
5770 4340 4050 1340
5770 4340 4050 1350
5770 4340 4060 1360
5770 4360 4060 1360
5770 4370 4050 1360
5760 4360 4040 1370
5760 4380 4030 1360
5760 4380 4030 1360
5760 4400 4040 1350
5760 4410 4050 1350
5750 4400 4040 1360
5760 4390 4030 1380
5760 4390 4040 1370
5760 4410 4040 1360
5770 4070 4350 1340
5770 4070 4440 1340
5770 4060 4360 1340
5760 4050 4320 1350
5760 4050 4230 1360
5760 4060 4420 1360
5760 4060 4560 1350
5770 4050 4650 1350
5760 4040 4720 1350
5760 4040 4550 1350
5760 4050 4420 1350
5770 4060 4330 1360
5770 4060 4530 1360
5760 4060 4840 1340
5760 4060 4880 1340
5760 4070 4650 1350
5760 4060 4490 1350
5760 4050 4380 1350
5760 4050 4240 1360
5760 4040 4180 1350
5770 4030 4390 1340
5760 4060 4420 1350
5750 4050 4430 1350
5750 4060 4700 1360
5750 4050 4770 1360
5750 4040 4710 1330
5750 4050 4720 1330
5750 4040 4780 1350
5750 4040 4710 1360
5750 4040 4730 1360
5750 4040 4780 1350
5760 4040 4810 1340
5760 4060 4880 1350
5760 4070 4880 1350
5760 4070 4890 1360
5760 4080 4770 1370
5760 4080 4810 1370
5760 4060 4840 1360
5770 4070 4850 1360
5770 4070 4850 1350
5770 4070 4850 1350
5770 4060 4840 1350
5770 4070 4840 1350
5770 4060 4840 1350
5770 4050 4700 1350
5770 4070 4460 1350
5760 4060 4410 1360
5760 4070 4300 1360
5760 4070 4290 1360
5760 4070 4300 1360
5760 4080 4300 1360
5760 4060 4270 1350
5760 4070 4270 1350
5760 4060 4260 1350
5760 4070 4270 1350
5760 4090 4300 1350
5760 4080 4310 1350
5760 4070 4300 1350
5760 4070 4240 1350
5760 4070 4180 1350
5760 4070 4210 1340
5760 4050 4210 1340
5760 4050 4210 1350
5770 4040 4220 1350
5770 4040 4220 1360
5770 4040 4210 1370
5760 4060 4170 1360
5750 4070 4140 1360
5750 4070 4150 1350
5750 4070 4160 1350
5760 4070 4210 1340
5760 4060 4230 1360
5760 4070 4240 1370
5760 4080 4250 1360
5760 4080 4240 1360
5760 4070 4240 1340
5760 4080 4220 1340
5760 4060 4170 1350
5760 4060 4080 1360
5760 4070 4570 1360
5750 4060 4680 1350
5770 4060 4700 1350
5760 4050 4540 1350
5760 4060 4430 1350
5770 4070 4430 1350
5770 4060 4270 1360
5760 4070 4230 1360
5750 4080 4220 1350
5750 4080 4330 1360
5750 4080 4230 1340
5760 4070 4170 1350
5750 4070 4150 1350
5750 4080 4170 1350
5750 4060 4210 1350
5750 4050 4240 1350
5750 4060 4260 1350
5750 4070 4260 1350
5750 4070 4260 1350
5740 4060 4240 1340
5750 4060 4230 1340
5750 4060 4220 1340
5750 4080 4210 1340
5750 4080 4210 1340
5760 4060 4240 1360
5760 4050 4400 1360
5760 4060 4350 1360
5750 4070 4290 1360
5740 4060 4230 1340
5750 4070 4340 1360
5750 4080 4220 1360
5760 4060 4500 1350
5760 4070 4530 1360
5760 4070 4580 1360
5760 4070 4570 1350
5760 4070 4620 1350
5760 4060 4690 1350
5760 4060 4670 1340
5760 4050 4430 1350
5760 4050 4500 1350
5770 4060 4360 1350
5770 4060 4330 1340
5760 4060 4330 1340
5760 4070 4470 1350
5760 4070 4470 1360
5760 4050 4470 1360
5750 4060 4510 1350
5750 4070 4440 1350
5740 4050 4440 1360
5740 4040 4380 1370
5740 4050 4350 1370
5750 4060 4330 1360
5760 4070 4270 1360
5770 4070 4260 1350
5760 4070 4250 1370
5760 4070 4240 1370
5760 4060 4240 1360
5760 4060 4230 1360
5760 4060 4230 1350
5760 4060 4300 1370
5760 4070 4250 1360
5770 4060 4190 1350
5750 4050 4160 1350
5760 4060 4150 1370
5760 4060 4170 70
5770 4070 4200 1370
5760 4070 4230 1370
5760 4060 4220 1360
5750 4060 4220 1360
5760 4060 4220 1360
5760 4060 4220 1360
5760 4060 4240 1340
5770 4070 4260 1330
5770 4070 4230 1340
5760 4070 4230 1350
5760 4070 4230 1350
5760 4060 4220 1350
5750 4050 4220 1350
5750 4050 4230 1350
5750 4050 4320 1340
5750 4060 4360 1350
5760 4060 4410 1360
5760 4060 4410 1350
5770 4050 4380 1360
5770 4050 4340 1360
