5850 3570 4210 1800
6030 3590 4200 1800
6160 3580 4190 1800
5940 3570 4210 1800
6070 3570 4220 1780
6070 3570 4220 1770
5950 3570 4220 1770
5900 3570 4220 1780
5880 3590 4220 1780
5800 3570 4200 1800
5640 3570 4210 1780
5780 3580 4210 1760
5490 3590 4220 1800
5560 3580 4220 1810
5570 3570 4220 1800
5600 3570 4220 1780
5640 3570 4220 1770
5610 3570 4220 1760
5620 3570 4220 1760
5660 3580 4220 1750
5660 3570 4220 1760
5670 3570 4220 1760
5660 3570 4210 1770
5650 3570 4200 1760
5630 3570 4200 1760
5570 3570 4220 1750
5750 3580 4220 1750
5760 3570 4210 1770
5740 3570 4220 1770
5670 3570 4210 1770
5710 3580 4220 1800
5660 3590 4220 1800
5640 3580 4220 1800
5980 3590 4220 1810
6320 3580 4220 1800
6540 3580 4220 1800
6560 3570 4220 1780
6600 3570 4210 1800
6630 3570 4210 1800
6730 3570 4210 1800
6360 3570 4210 1800
6090 3560 4200 1780
6370 3570 4190 1780
6370 3570 4200 1780
6190 3580 4210 1770
6040 3580 4210 1760
5920 3570 4220 1750
5860 3570 4230 1770
5810 3570 4230 1770
5790 3580 4220 1770
5760 3580 4220 1800
5780 3580 4220 1780
5900 3590 4210 1780
6430 3580 4210 1780
6530 3580 4210 1770
6400 3570 4220 1780
6340 3570 4210 1780
6300 3570 4200 1780
6330 3570 4190 1770
6540 3580 4180 1780
6350 3590 4190 1780
6050 3580 4210 1760
5890 3590 4210 1760
6630 3570 4210 1770
6740 3570 4210 1770
6410 3580 4200 1770
6170 3580 4200 1780
6020 3580 4200 1800
6290 3590 4200 1780
6260 3580 4210 1780
6450 3590 4220 1770
6710 3580 4210 1760
6240 3580 4210 1760
6180 3580 4220 1770
6130 3580 4220 1770
6090 3590 4220 1770
6050 3580 4230 1770
5960 3580 4220 1780
5920 3580 4210 1770
5900 3580 4210 1770
5890 3580 4210 1780
5880 3580 4200 1810
5820 3580 4210 1800
5900 3580 4210 1800
5410 3580 4220 2070
5400 3580 4220 2080
5400 3580 4220 2090
5400 3580 4230 2090
5400 3580 4220 2080
5400 3580 4230 2050
5410 3580 4220 2030
5410 3580 4220 2030
5410 3580 4210 2050
5420 3580 4200 2070
5420 3580 4210 2080
5420 3580 4230 2090
5430 3570 4230 2090
5430 3570 4220 2080
5420 3570 4220 2070
5420 3580 4210 2060
5420 3590 4220 2050
5410 3580 4210 2040
5400 3580 4200 2040
5390 3580 4210 2040
5390 3570 4200 2030
5400 3570 4210 2010
5400 3570 4220 2020
5400 3570 4210 2050
5400 3570 4210 2060
5400 3570 4210 2060
5400 3570 4210 2070
5420 3570 4220 2080
5420 3580 4210 2060
5410 3580 4210 2060
5410 3590 4210 2060
5420 3590 4220 2030
5410 3590 4210 2020
5410 3580 4210 2030
5410 3570 4230 2030
5410 3570 4240 2040
5400 3570 4240 2080
5400 3590 4230 2080
5400 3590 4230 2070
5410 3590 4230 2090
5410 3590 4210 2090
5410 3580 4210 2090
5400 3580 4220 2090
5400 3580 4210 2090
5400 3580 4210 2090
5400 3580 4220 2080
5400 3580 4230 2070
5390 3580 4240 2070
5400 3580 4230 2070
5410 3580 4200 2080
5410 3580 4210 2080
5400 3590 4220 2080
5400 3590 4220 2080
5400 3560 4220 2080
5400 3560 4210 2070
5390 3560 4220 2060
5390 3560 4210 2060
5380 3580 4220 2050
5380 3580 4210 2080
5380 3570 4210 2080
5380 3570 4210 2080
5390 3570 4220 2070
5400 3560 4220 2070
5400 3580 4210 2140
5400 3580 4220 2170
5400 3580 4220 2250
5400 3580 4210 2270
5390 3580 4210 2280
5390 3580 4220 2280
5400 3580 4220 2300
5400 3580 4220 2340
5390 3580 4220 2450
5390 3580 4230 2600
5390 3580 4210 2620
5390 3580 4200 2430
5400 3580 4210 2430
5390 3570 4210 2350
5390 3560 4220 2290
5390 3570 4230 2250
5400 3570 4210 2190
5390 3580 4220 2150
5400 3580 4210 2160
5400 3570 4220 2150
5400 3570 4220 2130
5410 3570 4220 2110
5410 3570 4220 2110
5410 3580 4220 2110
5400 3580 4210 2130
5400 3580 4220 2130
5390 3570 4220 2150
5390 3570 4220 2160
5390 3570 4220 2150
5390 3570 4220 2120
5390 3570 4220 2110
5390 3570 4220 2110
5380 3580 4220 2090
5380 3580 4230 2090
5390 3580 4230 2130
5390 3570 4220 2150
5390 3570 4210 2170
5390 3570 4210 2180
