5050 3590 4400 2200
5040 3590 4420 2210
5040 3570 4430 2200
5040 3630 4430 2210
5040 3630 4410 2210
5040 3590 4400 2210
5030 3590 4400 2210
5030 3610 4410 2210
5030 3590 4400 2220
5040 3580 4400 2220
5050 3630 4390 2210
5040 3620 4390 2220
5040 3600 4400 2210
5040 3570 4400 2220
5060 3630 4400 2210
5050 3560 4410 2200
5040 3600 4410 2200
5050 3590 4400 2190
5050 3610 4400 2200
5050 3610 4400 2200
5050 3600 4400 2210
5050 3560 4400 2200
5050 3620 4390 2190
5060 3580 4390 2190
5060 3620 4400 2200
5060 3560 4410 2210
5060 3560 4410 2210
5060 3620 4410 2200
5050 3570 4420 2210
5060 3570 4400 2220
5060 3570 4390 2210
5060 3610 4390 2210
5050 3590 4400 2210
5050 3590 4400 2210
5050 3590 4400 2220
5050 3630 4400 2220
5060 3620 4410 2210
5060 3620 4420 2200
5060 3560 4420 2200
5060 3580 4420 2200
5070 3620 4400 2200
5070 3560 4390 2200
5050 3580 4390 2210
5050 3560 4390 2200
5050 3550 4390 2200
5050 3610 4400 2200
5050 3610 4390 2200
5050 3570 4400 2210
5060 3540 4400 2220
5060 3570 4410 2230
5060 3560 4400 2230
5050 3560 4400 2230
5050 3540 4410 2230
5060 3550 4400 2220
5060 3550 4400 2210
5050 3550 4400 2220
5040 3600 4390 2210
5050 3600 4390 2220
5040 3620 4400 2210
5040 3560 4400 2210
5050 3610 4410 2200
5060 3630 4390 2200
5050 3590 4400 2220
5050 3610 4410 2210
5040 3590 4410 2210
5050 3630 4410 2200
5050 3590 4420 2190
5050 3590 4420 2190
5050 3590 4420 2190
5050 3610 4410 2200
5040 3590 4400 2220
5060 3580 4410 2220
5060 3600 4410 2220
5060 3580 4410 2210
5060 3620 4400 2210
5060 3620 4410 2210
5060 3600 4410 2220
5060 3560 4420 2210
5060 3570 4410 2210
5060 3590 4400 2210
5060 3600 4400 2230
5060 3570 4400 2240
5050 3620 4410 2230
5060 3560 4400 2240
5060 3630 4400 2210
5050 3110 4390 2700
5040 3080 4390 2680
5040 3090 4390 2680
5060 3090 4400 2710
5060 3100 4410 2680
5060 3100 4410 2740
5040 3100 4400 2730
5030 3100 4390 2670
5040 3100 4400 2700
5040 3090 4410 2710
5030 3100 4410 2670
5030 3110 4400 2720
5040 3110 4410 2680
5040 3120 4400 2670
5040 3100 4400 2710
5060 3110 4420 2670
5060 3100 4410 2710
5050 3100 4410 2730
5060 3110 4400 2670
5060 3120 4410 2700
5060 3110 4410 2730
5060 3110 4410 2730
5060 3110 4400 2670
5050 3120 4410 2710
5060 3100 4400 2660
5040 3110 4400 2680
5050 3110 4400 2680
5050 3110 4400 2690
5040 3120 4400 2750
5050 3120 4400 2680
5040 3120 4420 2670
5060 3110 4420 2730
5070 3120 4400 2670
5080 3100 4390 2660
5070 3100 4400 2700
5070 3110 4400 2700
5070 3110 4400 2700
5090 3100 4400 2650
5090 3100 4400 2680
5100 3110 4400 2710
5100 3110 4410 2660
5090 3100 4410 2730
5090 3100 4410 2690
5090 3090 4410 2690
5080 3100 4400 2690
5070 3110 4410 2700
5070 3110 4400 2710
5070 3110 4400 2710
5080 3120 4410 2730
5080 3110 4400 2660
5070 3110 4410 2700
5080 3110 4410 2680
5070 3100 4420 2660
5080 3100 4400 2660
5080 3110 4410 2700
5060 3110 4400 2680
5070 3110 4400 2670
5070 3110 4400 2730
5090 3120 4390 2730
5090 3120 4400 2680
5100 3120 4410 2660
5100 3120 4410 2700
5090 3110 4400 2700
5080 3090 4400 2670
5090 3080 4390 2700
5090 3080 4390 2680
5090 3080 4390 2680
5090 3090 4390 2700
5100 3090 4390 2680
5100 3090 4390 2690
5090 3100 4390 2700
5090 3100 4390 2670
5090 3100 4410 2730
5090 3110 4400 2700
5090 3110 4400 2700
5090 3120 4390 2690
5090 3120 4390 2670
5090 3110 4390 2720
5090 3110 4390 2660
