3310 4320 3010 4210
3290 4300 3020 4220
3350 4300 3020 4200
3300 4310 3020 4210
3300 4310 3020 4200
3290 4310 3010 4210
3260 4310 3020 4210
3260 4310 3030 4200
3300 4310 3030 4190
3300 4310 3030 4200
3280 4310 3030 4210
3300 4300 3030 4220
3320 4310 3020 4210
3270 4310 3020 4230
3270 4310 3020 4230
3270 4310 3020 4210
3300 4320 3020 4210
3280 4320 3020 4220
3340 4320 3020 4240
3330 4320 3020 4220
3270 4320 3020 4230
3300 4330 3020 4210
3340 4330 3020 4200
3270 4330 3020 4200
3320 4330 3020 4190
3280 4330 3010 4200
3260 4330 3000 4190
3260 4330 3000 4190
3330 4330 3010 4200
3280 4330 3000 4210
3320 4330 3000 4220
3310 4330 3010 4210
3290 4330 3010 4200
3290 4330 3010 4200
3270 4330 3010 4210
3260 4330 3010 4220
3300 4330 3010 4210
3270 4330 3010 4220
3280 4330 3010 4220
3350 4320 3010 4220
3300 4330 3010 4200
3310 4330 3020 4190
3320 4330 3020 4190
3310 4330 3010 4210
3340 4330 3010 4210
3310 4330 3020 4200
3280 4330 3020 4200
3330 4330 3020 4210
3290 4320 3010 4210
3310 4320 3020 4210
3310 4320 3020 4230
3300 4320 3020 4230
3300 4320 3010 4220
3300 4320 3010 4220
3300 4320 3010 4220
3320 4320 3010 4200
3340 4320 3010 4200
3340 4320 3010 4220
3340 4320 3010 4220
3280 4330 3010 4220
3320 4330 3010 4220
3330 4330 3010 4210
3300 4330 3010 4220
3330 4330 3020 4200
3350 4330 3010 4210
3350 4330 3010 4220
3320 4330 3010 4210
3330 4320 3010 4200
2810 4840 3020 4200
2810 4840 3020 4220
2820 4800 3020 4220
2820 4780 3020 4230
2810 4820 3020 4230
2810 4800 3020 4220
2820 4800 3020 4210
2820 4840 3020 4210
2820 4800 3020 4210
2820 4780 3020 4210
2820 4820 3030 4220
2830 4820 3020 4200
2840 4800 3020 4210
2850 4840 3020 4220
2830 4790 3020 4220
2830 4790 3020 4230
2830 4770 3020 4230
2820 4790 3010 4220
2830 4830 3010 4220
2820 4810 3010 4220
2810 4830 3020 4220
2820 4840 3020 4220
2820 4840 3020 4220
2820 4800 3010 4220
2820 4780 3010 4210
2810 4840 3010 4210
2810 4780 3010 4200
2810 4820 3010 4210
2810 4800 3010 4200
2810 4840 3000 4210
2820 4780 3010 4210
2820 4840 3010 4220
2820 4800 3020 4230
2810 4780 3020 4200
2810 4840 3020 4190
2800 4840 3020 4180
2810 4820 3020 4170
2830 4840 3020 4190
2830 4840 3020 4190
2820 4800 3020 4210
2820 4790 3010 4210
2820 4810 3010 4200
2820 4850 3010 4200
2810 4810 3000 4200
2830 4840 3000 4190
2830 4800 3000 4200
2830 4820 3000 4190
2820 4790 3000 4200
2830 4830 3000 4220
2810 4800 3000 4220
2810 4800 3000 4210
2810 4800 3000 4200
2830 4800 3000 4210
2820 4840 3010 4190
2810 4820 3010 4180
2810 4780 3010 4200
2810 4800 3010 4220
2830 4840 3010 4230
2820 4800 3010 4230
2820 4820 3020 4210
2820 4810 3020 4200
2820 4830 3020 4210
2820 4810 3010 4210
2830 4850 3020 4200
2830 4790 3020 4210
2820 4810 3020 4210
2820 4810 3010 4210
2820 4790 3010 4220
2820 4810 3020 4230
2820 4790 3020 4220
2820 4810 3020 4220
