4770 2600 4850 2690
4780 2600 4840 2690
4780 2600 4840 2690
4780 2600 4850 2710
4760 2610 4840 2700
4760 2610 4850 2700
4760 2610 4870 2700
4770 2610 4870 2700
4760 2600 4870 2700
4760 2600 4860 2700
4750 2610 4860 2700
4750 2610 4850 2700
4750 2600 4830 2710
4750 2610 4840 2710
4760 2610 4850 2710
4770 2610 4850 2710
4760 2610 4870 2690
4770 2610 4860 2690
4770 2600 4860 2700
4780 2600 4840 2720
4780 2600 4840 2710
4780 2600 4840 2710
4760 2580 4830 2710
4760 2590 4830 2710
4760 2590 4830 2700
4760 2590 4840 2700
4770 2590 4840 2710
4780 2580 4830 2710
4780 2600 4820 2720
4770 2600 4820 2710
4760 2610 4830 2710
4770 2620 4830 2710
4760 2600 4830 2710
4760 2610 4830 2710
4760 2610 4830 2700
4770 2600 4830 2700
4760 2600 4840 2700
4760 2610 4870 2700
4760 2610 4820 2700
4760 2610 4790 2680
4760 2610 4820 2680
4770 2610 4830 2690
4770 2600 4800 2680
4770 2610 4770 2680
4760 2600 4760 2690
4760 2600 4760 2690
4760 2610 4770 2700
4760 2610 4800 2700
4750 2610 4860 2690
4750 2610 4860 2690
4750 2610 4850 2690
4750 2600 4860 2710
4750 2610 4780 2700
4770 2610 4820 2710
4770 2620 4790 2690
4760 2610 4800 2690
4770 2610 4790 2700
4760 2600 4860 2700
4770 2590 4880 2690
4760 2610 4910 2700
4770 2600 4890 2700
4770 2610 4920 2710
4770 2620 4910 2690
4770 2600 4890 2680
4760 2590 4850 2700
4760 2600 4780 2680
4760 2590 4760 2690
4770 2580 4820 2700
4780 2590 4860 2700
4770 2590 4910 2710
4760 2590 4890 2700
4770 2610 4910 2700
4760 2600 4910 2700
4760 2600 4930 2700
4760 2600 4930 2690
4760 2600 4930 2680
4760 2600 4940 2690
4760 2600 4940 2680
4760 2600 4940 2690
4760 2600 4930 2700
4760 2610 4910 2700
4750 2600 4890 2710
4760 2610 4890 2700
4760 2600 4890 2700
4770 2610 4910 2690
4770 2610 4870 2700
4760 2600 4870 2710
4760 2590 4860 2700
4760 2600 4880 2690
4760 2620 4880 2690
4760 2610 4870 2700
4760 2600 4850 2690
4760 2580 4850 2690
4770 2590 4830 2690
4770 2600 4810 2700
4760 2610 4790 2680
4760 2600 4760 2680
4760 2580 4740 2700
4760 2600 4740 2700
4760 2590 4750 2700
4780 2590 4800 2700
4780 2600 4820 2700
4760 2620 4850 2690
4760 2620 4880 2710
4760 2600 4910 2700
4770 2580 4910 2700
4770 2600 4910 2710
4760 2590 4850 2710
4760 2600 4840 2700
4760 2600 4830 2690
4760 2600 4860 2690
4760 2590 4870 2680
4760 2590 4860 2690
4760 2590 4850 2690
4770 2590 4850 2690
4780 2590 4870 2700
4770 2600 4880 2700
4770 2590 4890 2700
4760 2590 4910 2690
4760 2590 4910 2700
4750 2590 4910 2690
4760 2610 4910 2700
4780 2600 4890 2700
4770 2600 4860 2690
4770 2590 4830 2690
4760 2600 4810 2700
4750 2580 4660 3160
4760 2580 4660 3200
4760 2620 4660 2980
4770 2630 4660 2980
4760 2620 4660 2950
4760 2620 4660 2980
4770 2610 4650 3050
4770 2600 4650 3070
4770 2600 4650 3030
4760 2600 4650 3000
4750 2610 4660 2980
4750 2600 4660 2980
4770 2590 4660 2960
4760 2600 4670 2950
4760 2590 4670 2930
4760 2580 4660 2930
4770 2590 4660 3260
4760 2580 4660 3210
4760 2580 4660 3110
4760 2590 4660 3050
4760 2600 4660 3030
4760 2590 4660 3030
4760 2590 4660 3030
4760 2590 4660 3050
4760 2600 4660 3050
4760 2610 4670 3010
4760 2610 4660 3000
4750 2600 4660 2970
4770 2600 4660 2930
4770 2600 4660 2910
4780 2590 4660 2890
4760 2580 4650 2980
4750 2580 4650 3030
4750 2590 4650 3080
4750 2580 4650 3150
4760 2590 4650 3190
4760 2600 4650 3110
4760 2610 4650 3070
4760 2610 4650 3050
4760 2600 4650 2970
4760 2600 4650 3080
4760 2600 4650 3030
4760 2610 4650 3070
4760 2610 4650 3080
4750 2610 4640 3080
4760 2600 4640 3050
4770 2600 4650 3000
4770 2600 4650 2980
4760 2600 4650 2990
4760 2580 4650 2990
4760 2580 4650 2990
4750 2590 4650 2990
4750 2590 4650 2990
4760 2600 4650 2960
4760 2610 4650 2930
4760 2620 4650 2930
4760 2620 4650 2920
4760 2620 4650 2930
4760 2600 4650 3340
4760 2590 4650 3490
4760 2590 4650 3370
4760 2600 4650 3260
4760 2590 4650 3150
4750 2590 4650 3160
4750 2590 4650 3090
4750 2600 4660 3010
4750 2600 4660 3000
4760 2610 4660 3070
4760 2600 4660 3060
4760 2590 4660 3060
4750 2600 4670 3080
4750 2600 4670 3060
4760 2600 4660 3050
4770 2610 4660 3180
4760 2600 4660 3170
4760 2600 4660 3170
4760 2600 4650 3160
4760 2610 4650 3170
4760 2610 4650 3130
4760 2610 4650 3110
4760 2610 4650 3080
4750 2600 4660 3000
4750 2600 4670 2980
