4520 2470 4940 3170
4530 2490 4940 3170
4550 2490 4930 3170
4530 2540 4920 3170
4530 2600 4930 3180
4540 2630 4920 3180
4540 2590 4930 3180
4530 2560 4930 3170
4530 2530 4930 3170
4520 2500 4930 3180
4520 2500 4920 3180
4500 2620 4930 3170
4500 2700 4930 3160
4500 2700 4930 3160
4500 2720 4930 3160
4520 2680 4930 3160
4500 2590 4950 3160
4500 2540 4950 3160
4510 2540 4950 3170
4520 2560 4950 3170
4520 2680 4950 3170
4520 2700 4940 3170
4520 2840 4940 3180
4520 2970 4940 3180
4530 3050 4940 3180
4530 2570 4930 3190
4540 2380 4930 3180
4540 2380 4930 3180
4540 2430 4940 3170
4540 2450 4940 3180
4530 2450 4940 3170
4540 2460 4940 3160
4540 2450 4940 3160
4530 2470 4940 3170
4540 2450 4940 3180
4520 2460 4940 3170
4530 2460 4940 3170
4530 2450 4940 3180
4540 2460 4940 3190
4540 2470 4940 3190
4540 2470 4940 3190
4540 2670 4940 3190
4530 2510 4940 3170
4520 2490 4940 3180
4520 2470 4940 3180
4520 2450 4940 3180
4520 2440 4940 3170
4530 2450 4940 3170
4540 2540 4940 3170
4530 2510 4940 3170
4520 2480 4940 3160
4500 2470 4940 3140
4510 2470 4940 3150
4520 2480 4940 3150
4530 2470 4940 3160
4530 2450 4940 3160
4530 2450 4940 3160
4530 2470 4940 3150
4520 2480 4950 3150
4520 2480 4950 3150
4530 2500 4940 3160
4520 2510 4940 3170
4520 2510 4940 3180
4520 2500 4960 3170
4530 2500 4960 3160
4530 2500 4950 3160
4520 2480 4950 3170
4530 2470 4940 3170
4520 2460 4940 3170
4530 2450 4940 3170
4530 2460 4940 3170
4520 2480 4940 3160
4530 2510 4950 3160
4530 2140 4940 3300
4530 2120 4940 3330
4530 2110 4930 3370
4520 2120 4930 3370
4520 2130 4920 3360
4520 2140 4930 3360
4530 2140 4930 3340
4540 2140 4930 3360
4540 2140 4920 3380
4530 2150 4920 3410
4530 2150 4930 3410
4540 2150 4930 3400
4540 2160 4940 3380
4540 2140 4940 3360
4520 2130 4940 3600
4510 2130 4940 3570
4500 2130 4940 3530
4500 2130 4940 3490
4520 2130 4940 3500
4520 2140 4940 3480
4510 2120 4940 3420
4510 2120 4940 3410
4510 2120 4940 3370
4530 2120 4930 3360
4520 2130 4930 3440
4520 2130 4920 3430
4520 2130 4920 3420
4530 2120 4930 3420
4530 2120 4930 3440
4540 2120 4920 3460
4540 2110 4920 3470
4530 2110 4930 3510
4520 2150 4920 3430
4520 2140 4930 3420
4530 2140 4930 3400
4530 2150 4930 3390
4520 2150 4940 3400
4530 2150 4930 3400
4530 2160 4930 3400
4530 2150 4930 3390
4540 2140 4930 3370
4540 2130 4930 3360
4540 2130 4910 3330
4540 2130 4910 3330
4540 2130 4910 3340
4540 2130 4910 3360
4530 2110 4910 3390
4520 2130 4920 3430
4510 2120 4930 3430
4500 2120 4930 3430
4500 2130 4930 3390
4500 2140 4930 3370
4500 2140 4930 3360
4510 2130 4930 3370
4530 2130 4920 3380
4530 2130 4930 3330
4530 2130 4920 3330
4540 2140 4920 3330
4530 2130 4920 3320
4520 2130 4920 3320
4510 2140 4920 3330
4500 2130 4920 3330
4520 2120 4930 3330
4520 2120 4930 3360
4520 2130 4930 3390
4520 2130 4910 3570
4530 2140 4910 3570
4520 2140 4910 3480
4520 2140 4910 3450
4530 2140 4920 3410
4540 2150 4920 3410
4530 2150 4920 3420
4520 2150 4930 3440
4530 2150 4930 3410
4540 2150 4930 3360
4540 2150 4920 3340
4540 2150 4920 3340
4540 2150 4920 3340
4530 2160 4920 3340
4530 2150 4920 3340
4530 2140 4920 3370
4530 2150 4920 3380
4520 2150 4930 3380
4520 2150 4930 3380
4520 2140 4930 3370
4520 2130 4930 3370
4510 2150 4920 3370
4530 2150 4930 3360
4530 2140 4930 3360
4540 2140 4920 3380
4540 2140 4920 3370
4540 2140 4930 3380
4550 2150 4930 3390
4540 2150 4930 3390
