4850 1640 5280 3710
4850 1640 5290 3710
4870 1650 5290 3700
4890 1640 5300 3700
4910 1640 5300 3700
4920 1640 5290 3700
4850 1640 5280 3700
4810 1640 5280 3710
4760 1640 5290 3720
4730 1650 5270 3720
4710 1650 5260 3710
4750 1660 5280 3710
4770 1660 5270 3710
4790 1670 5260 3710
4800 1650 5270 3710
4810 1650 5280 3710
4770 1670 5270 3720
4700 1670 5260 3710
4690 1660 5260 3710
4680 1660 5270 3710
4640 1650 5280 3710
4630 1660 5290 3720
4640 1650 5300 3720
4670 1640 5300 3720
4720 1630 5300 3720
4760 1630 5300 3720
4800 1630 5300 3720
4800 1640 5280 3720
4810 1660 5290 3720
4780 1670 5290 3720
4760 1660 5290 3710
4740 1670 5280 3710
4720 1680 5280 3710
4700 1680 5290 3710
4700 1660 5290 3720
4710 1670 5290 3720
4710 1660 5270 3710
4700 1660 5260 3720
4690 1660 5270 3730
4680 1650 5280 3730
4660 1650 5290 3730
4650 1650 5300 3730
4670 1650 5300 3720
4680 1640 5310 3720
4650 1650 5310 3710
4640 1660 5310 3720
4630 1660 5310 3720
4610 1660 5310 3720
4600 1660 5310 3720
4600 1660 5290 3720
4610 1650 5290 3720
4610 1650 5280 3720
4610 1660 5280 3720
4610 1650 5270 3720
4620 1670 5280 3710
4620 1670 5280 3700
4620 1670 5270 3700
4620 1670 5270 3710
4620 1680 5270 3710
4610 1690 5260 3700
4580 1690 5270 3700
4580 1680 5270 3700
4580 1670 5280 3720
4580 1670 5290 3710
4580 1680 5290 3700
4580 1660 5290 3700
4580 1660 5290 3710
4600 1660 5290 3710
4600 1660 5280 3700
4630 1660 5280 3710
4650 1660 5280 3720
4680 1660 5270 3730
4710 1660 5280 3720
4720 1670 5290 3710
4720 1670 5290 3720
4710 1670 5280 3720
4720 1670 5280 3720
4720 1660 5280 3710
4740 1660 5270 3710
4750 1660 5280 3710
4720 1660 5270 3720
4720 1660 5270 3720
4730 1660 5280 3720
4350 1820 5300 3710
4340 2050 5300 3700
4330 2070 5300 3700
4330 2200 5290 3700
4330 2150 5290 3700
4330 2250 5290 3700
4330 2220 5290 3700
4340 2260 5290 3700
4350 2230 5290 3710
4340 2260 5290 3710
4340 2210 5310 3710
4330 2140 5300 3710
4330 2090 5300 3710
4330 2110 5300 3710
4340 2240 5320 3720
4330 2360 5320 3720
4340 2400 5320 3720
4340 2440 5320 3710
4340 2330 5310 3700
4340 2450 5310 3700
4340 2510 5310 3710
4350 2520 5290 3710
4340 2500 5280 3710
4340 2530 5290 3710
4340 2430 5300 3700
4340 2360 5300 3700
4330 2450 5290 3700
4330 2520 5270 3710
4330 2560 5260 3710
4330 2610 5280 3710
4340 2360 5280 3710
4350 2490 5300 3720
4350 2530 5280 3710
4340 2540 5280 3710
4340 2520 5280 3710
4340 2510 5280 3700
4340 2470 5270 3710
4340 2400 5280 3710
4340 2340 5290 3720
4340 2310 5290 3720
4340 2250 5290 3710
4350 2230 5290 3710
4340 2220 5290 3710
4340 2200 5290 3710
4340 2190 5300 3710
4350 2190 5290 3700
4340 2220 5290 3700
4340 2180 5290 3700
4340 2130 5270 3700
4330 2130 5280 3710
4350 2120 5280 3710
4340 2130 5270 3710
4340 2120 5270 3710
4340 2120 5280 3710
4340 2110 5290 3710
4320 2150 5290 3710
4320 2250 5300 3690
4330 2180 5290 3700
4330 2220 5290 3700
4340 2270 5290 3700
4340 2260 5300 3710
4350 2260 5300 3710
4350 2240 5310 3710
4340 2230 5310 3720
4340 2230 5310 3720
4330 2230 5300 3710
4340 2170 5310 3710
4340 2060 5310 3710
4350 2030 5300 3710
4340 2170 5300 3710
4340 2310 5290 3710
4330 2150 5300 3710
4330 2110 5290 3710
4330 2060 5290 3710
4340 2050 5290 3710
4340 2120 5290 3710
4340 2200 5290 3710
4340 2240 5280 3710
4340 2240 5280 3710
4340 2260 5290 3710
4340 2300 5290 3710
4340 2370 5290 3710
4340 2450 5280 3710
4340 2510 5280 3710
4340 2540 5290 3710
4340 2590 5290 3710
4350 2400 5290 3710
4350 2280 5290 3710
4360 2150 5290 3710
4350 2130 5290 3700
4350 2120 5290 3700
4340 2280 5300 3700
4340 2250 5300 3700
4330 2300 5300 3700
4350 2430 5300 3690
4340 2510 5300 3700
4350 2570 5300 3710
4350 2600 5300 3720
4340 2630 5280 3710
4340 2650 5290 3710
4340 2580 5290 3710
4340 2550 5290 3710
4340 2560 5290 3710
4330 2540 5300 3710
4330 2560 5300 3710
4340 2320 5290 3700
4330 2260 5290 3710
4330 2300 5290 3710
4330 2340 5300 3710
