4180 1610 5650 4110
4170 1640 5640 4110
4160 1640 5630 4110
4170 1690 5630 4110
4160 1750 5640 4120
4150 1780 5640 4110
4150 1770 5650 4110
4170 1870 5650 4120
4170 1850 5640 4110
4170 1840 5640 4110
4170 1820 5640 4110
4170 1820 5650 4130
4190 1810 5640 4120
4180 1800 5640 4120
4180 1810 5640 4110
4180 1810 5640 4120
4190 1780 5640 4110
4190 1780 5640 4100
4190 1770 5640 4100
4170 1770 5650 4100
4170 1760 5630 4110
4170 1770 5620 4100
4160 1810 5620 4100
4160 1800 5630 4090
4160 1770 5620 4080
4160 1770 5620 4080
4160 1770 5630 4100
4160 1780 5630 4100
4170 1900 5630 4100
4170 1950 5620 4110
4170 1940 5620 4110
4180 1880 5630 4100
4180 1870 5620 4110
4180 1870 5610 4110
4180 1870 5620 4120
4180 1880 5640 4120
4180 1870 5640 4110
4180 1900 5640 4110
4170 1910 5640 4110
4180 1880 5640 4090
4180 1840 5640 4100
4180 1810 5650 4100
4170 1770 5650 4090
4170 1750 5650 4070
4170 1700 5650 4090
4160 1670 5640 4090
4160 1650 5640 4100
4160 1630 5650 4110
4160 1860 5650 4120
4160 2000 5640 4120
4160 2120 5640 4120
4160 1890 5630 4110
4160 1830 5630 4120
4160 1770 5630 4120
4160 1760 5630 4120
4160 1770 5620 4100
4160 1770 5620 4100
4160 1770 5620 4090
4160 1770 5620 4080
4160 1730 5630 4080
4160 1690 5640 4080
4150 1660 5640 4100
4150 1640 5630 4110
4150 1640 5630 4100
4150 1640 5630 4100
4150 1650 5630 4110
4150 1690 5620 4110
4150 1770 5620 4120
4160 1780 5630 4110
4150 1830 5620 4100
4160 1800 5630 4100
4160 1750 5630 4100
4160 1740 5630 4090
4160 1730 5620 4110
4160 1730 5620 4120
4160 1670 5630 4120
4170 1760 5640 4120
4170 1860 5630 4110
4170 1850 5630 4110
4160 1780 5620 4120
4150 1780 5630 4120
4150 1770 5630 4120
4140 1760 5630 4120
4140 1760 5630 4120
4140 1770 5630 4120
4150 1770 5620 4120
4150 1760 5640 4120
4150 1770 5640 4100
4150 1760 5630 4110
4150 1770 5620 4100
4150 1750 5610 4100
4150 1730 5610 4100
4170 1730 5610 4100
4160 1730 5610 4100
4160 1740 5610 4110
4160 1740 5610 4100
4170 1750 5610 4090
4170 1750 5610 4110
4170 1730 5610 4100
4170 1720 5610 4100
4160 1710 5610 4110
4160 1730 5610 4110
4150 1720 5610 4120
4150 1720 5610 4110
4160 1320 5800 4110
4160 1320 5820 4120
4160 1310 5820 4120
4170 1310 5810 4120
4170 1310 5780 4120
4170 1300 5750 4120
4170 1300 5730 4120
4160 1300 5730 4110
4160 1300 5730 4110
4160 1300 5790 4110
4160 1290 5850 4100
4160 1280 5910 4100
4150 1290 5920 4110
4160 1290 5900 4100
4170 1310 5910 4110
4170 1310 5920 4110
4170 1300 5920 4100
4160 1310 5910 4100
4160 1320 5910 4110
4160 1310 5900 4110
4160 1310 5900 4110
4160 1320 5890 4110
4160 1320 5890 4120
4170 1320 5890 4110
4170 1310 5900 4110
4160 1320 5880 4110
4160 1310 5890 4100
4160 1310 5880 4100
4170 1300 5870 4100
4160 1300 5880 4110
4170 1300 5850 4110
4170 1300 5850 4100
4170 1290 5860 4100
4150 1290 5800 4100
4150 1290 5790 4100
4150 1300 5790 4090
4150 1300 5800 4100
4150 1310 5810 4110
4150 1310 5830 4100
4150 1310 5930 4110
4160 1300 5830 4110
4160 1300 5880 4100
4160 1290 5880 4100
4160 1290 5920 4120
4160 1290 5980 4110
4150 1290 6010 4110
4150 1290 6010 4110
4170 1290 6010 4120
4180 1280 6060 4130
4190 1290 6090 4130
4190 1300 6120 4130
4190 1300 6130 4110
4180 1290 5950 4120
4180 1300 5820 4110
4170 1310 5760 4100
4170 1310 5950 4090
4170 1310 6130 4110
4170 1310 6110 4110
4170 1300 6010 4120
4170 1300 5900 4120
4170 1300 5830 4120
4170 1300 6010 4120
4180 1300 6020 4110
4170 1290 6040 4100
4160 1300 6120 4080
4170 1300 6200 4070
4160 1310 6180 4090
4170 1310 6120 4100
4170 1300 6090 4090
4170 1290 6040 4100
4170 1300 6030 4110
4170 1310 6020 4100
4170 1310 6010 4110
