4050 1550 6040 4640
4050 1570 6040 4640
4050 1520 6040 4640
4060 1490 6050 4630
4060 1490 6050 4640
4080 1500 6050 4640
4090 1550 6050 4640
4080 1550 6050 4640
4080 1500 6050 4650
4080 1500 6050 4650
4070 1560 6050 4640
4070 1560 6050 4640
4070 1520 6050 4650
4070 1560 6040 4650
4070 1540 6040 4650
4070 1500 6040 4650
4080 1540 6040 4640
4070 1500 6040 4640
4070 1560 6040 4640
4070 1500 6040 4640
4070 1490 6040 4640
4070 1510 6040 4640
4090 1550 6030 4650
4060 1560 6040 4640
4070 1540 6050 4640
4080 1490 6030 4630
4070 1520 6030 4640
4090 1530 6040 4630
4080 1550 6040 4640
4080 1530 6040 4640
4080 1530 6040 4640
4080 1510 6040 4640
4090 1520 6030 4640
4080 1500 6030 4640
4090 1550 6050 4640
4080 1520 6050 4640
4080 1490 6050 4640
4070 1500 6040 4640
4070 1550 6040 4650
4080 1500 6030 4650
4080 1490 6030 4640
4080 1510 6030 4640
4080 1480 6030 4640
4080 1540 6040 4630
4080 1500 6040 4630
4080 1490 6040 4630
4100 1550 6040 4630
4100 1530 6030 4640
4090 1510 6030 4640
4090 1540 6030 4640
4090 1480 6030 4640
4080 1490 6040 4640
4080 1470 6050 4640
4080 1470 6050 4640
4080 1530 6050 4640
4080 1530 6050 4640
4070 1500 6050 4640
4070 1530 6050 4640
4070 1530 6040 4640
4080 1530 6040 4640
4080 1520 6030 4640
4080 1510 6040 4640
4080 1560 6040 4640
4080 1510 6050 4630
4090 1500 6050 4630
4090 1520 6050 4640
4090 1560 6050 4650
4090 1570 6040 4640
4090 1530 6040 4630
4080 1490 6040 4630
4090 1520 6040 4630
4080 1020 6040 5090
4080 1030 6040 5110
4080 1030 6040 5160
4070 1010 6050 5100
4100 1010 6050 5140
4090 1000 6050 5140
4080 1000 6050 5100
4080 1000 6050 5120
4080 1040 6050 5150
4080 1050 6050 5110
4080 1060 6040 5090
4080 1060 6040 5090
4080 1050 6040 5120
4080 1040 6040 5100
4070 1030 6040 5110
4070 1040 6040 5130
4070 1040 6040 5150
4070 1040 6040 5130
4080 1040 6040 5110
4070 1040 6040 5170
4080 1040 6040 5150
4070 1040 6040 5100
4070 1020 6060 5150
4070 1030 6060 5120
4060 1020 6060 5150
4050 1020 6050 5120
4060 1030 6050 5160
4070 1030 6050 5170
4060 1030 6050 5130
4060 1030 6050 5170
4060 1030 6050 5130
4060 1030 6050 5130
4060 1040 6050 5090
4060 1030 6050 5150
4060 1030 6050 5130
4070 1030 6050 5100
4070 1020 6050 5100
4080 1030 6050 5100
4080 1040 6050 5120
4080 1040 6050 5120
4080 1040 6050 5140
4080 1050 6050 5100
4080 1050 6050 5130
4080 1040 6050 5110
4080 1020 6060 5170
4080 1020 6060 5110
4070 1010 6050 5170
4070 1010 6050 5100
4070 1020 6040 5120
4070 1010 6040 5100
4070 1020 6050 5120
4060 1020 6050 5140
4060 1010 6050 5120
4060 1020 6050 5150
4060 1030 6050 5140
4060 1020 6050 5140
4060 1030 6060 5170
4060 1050 6050 5110
4060 1040 6050 5140
4060 1040 6050 5100
4060 1040 6050 5160
4060 1040 6050 5120
4060 1030 6040 5160
4070 1030 6040 5120
4070 1030 6040 5100
4060 1030 6040 5100
4070 1030 6040 5160
4070 1040 6040 5100
4060 1040 6040 5100
4080 1050 6040 5120
4070 1050 6040 5140
4070 1020 6050 5100
4070 1020 6040 5160
4070 1030 6040 5100
4070 1040 6040 5140
4080 1030 6040 5100
4080 1040 6040 5130
4080 1020 6040 5150
4070 1040 6050 5110
