4630 1070 6380 4570
4630 1040 6380 4570
4620 1110 6360 4570
4630 1050 6380 4570
4630 1060 6380 4560
4630 1050 6390 4560
4630 1090 6380 4560
4630 1070 6380 4560
4630 1040 6390 4550
4630 1090 6380 4550
4630 1060 6380 4550
4630 1030 6370 4560
4630 1030 6370 4560
4630 1080 6370 4570
4630 1040 6380 4580
4630 1120 6380 4580
4630 1060 6390 4580
4630 1120 6400 4580
4630 1050 6390 4580
4630 1070 6380 4580
4630 1120 6380 4570
4630 1080 6380 4570
4630 1060 6380 4570
4620 1070 6370 4570
4610 1050 6370 4570
4610 1070 6370 4560
4620 1080 6360 4560
4630 1070 6380 4560
4630 1060 6380 4560
4630 1050 6380 4550
4630 1090 6390 4560
4630 1050 6400 4560
4630 1070 6390 4560
4630 1030 6390 4570
4620 1030 6380 4570
4630 1060 6380 4560
4620 1060 6360 4560
4620 1030 6360 4570
4620 1080 6360 4560
4620 1060 6370 4560
4630 1100 6370 4560
4630 1030 6370 4560
4630 1030 6370 4560
4620 1040 6360 4570
4610 1070 6360 4570
4610 1030 6360 4570
4630 1090 6370 4570
4630 1090 6380 4570
4630 1060 6380 4570
4630 1030 6350 4570
4620 1050 6350 4570
4610 1070 6350 4560
4630 1040 6360 4570
4620 1030 6360 4570
4630 1040 6360 4570
4630 1100 6360 4570
4600 1060 6360 4560
4600 1100 6350 4560
4600 1110 6350 4560
4600 1100 6360 4560
4580 1100 6350 4560
4580 1050 6380 4560
4580 1060 6380 4570
4610 1100 6370 4570
4610 1090 6380 4570
4600 1060 6360 4550
4600 1040 6360 4550
4610 1050 6350 4550
4610 1030 6350 4550
4600 1070 6350 4550
4610 1000 6360 4550
4610 1090 6360 4550
4610 1040 6370 4560
4600 1050 6380 4560
4610 1070 6380 4560
4610 1060 6380 4550
4600 590 6860 4550
4610 570 6840 4560
4620 570 6900 4570
4620 570 6850 4570
4620 570 6870 4570
4620 570 6840 4570
4620 570 6880 4580
4610 570 6870 4570
4610 570 6840 4570
4600 580 6880 4570
4610 590 6830 4570
4610 590 6840 4570
4610 590 6850 4570
4580 580 6900 4560
4580 570 6890 4550
4610 560 6860 4560
4600 580 6870 4560
4610 580 6840 4570
4610 580 6860 4570
4610 580 6860 4570
4620 570 6880 4570
4620 580 6840 4560
4630 570 6830 4550
4620 580 6850 4560
4620 580 6830 4560
4610 570 6860 4560
4610 570 6890 4540
4620 580 6850 4550
4620 570 6840 4550
4620 570 6860 4550
4610 560 6840 4550
4620 570 6900 4560
4630 580 6890 4560
4620 590 6840 4550
4610 580 6830 4560
4620 580 6830 4550
4610 580 6870 4550
4610 580 6850 4550
4620 580 6890 4550
4630 570 6830 4560
4620 570 6810 4560
4630 560 6830 4550
4620 560 6850 4550
4620 570 6850 4560
4630 570 6810 4550
4620 570 6840 4540
4620 580 6860 4550
4620 590 6880 4560
4620 570 6850 4560
4610 580 6810 4550
4620 590 6850 4550
4610 590 6860 4550
4620 590 6820 4550
4610 580 6830 4550
4610 580 6830 4560
4610 580 6820 4560
4620 570 6840 4550
4610 570 6840 4560
4620 580 6840 4550
4610 580 6880 4560
4610 580 6820 4550
4610 580 6890 4560
4610 580 6890 4560
4600 590 6820 4550
4600 580 6860 4550
4600 580 6840 4550
4600 590 6820 4540
4610 580 6830 4550
4610 570 6860 4550
4610 570 6880 4560
4620 580 6860 4560
4630 570 6860 4570
4620 560 6840 4570
4620 570 6860 4560
4620 580 6900 4570
4630 590 6860 4550
4630 590 6850 4550
4610 580 6820 4540
4620 580 6820 4540
4620 580 6830 4540
4620 580 6840 4540
4620 570 6850 4540
4620 580 6890 4540
4620 580 6850 4540
4610 580 6850 4540
4610 580 6850 4540
4610 570 6840 4550
4610 580 6840 4560
4620 580 6890 4560
4630 580 6890 4560
4620 570 6900 4560
4630 570 6890 4560
