4630 1500 6010 4060
4640 1530 6020 4060
4650 1470 6030 4060
4650 1460 6040 4060
4650 1500 6040 4060
4650 1470 6040 4060
4650 1510 6040 4060
4640 1460 6040 4050
4640 1500 6030 4060
4640 1480 6030 4060
4640 1510 6020 4060
4650 1510 6010 4060
4650 1450 6010 4060
4640 1500 6010 4070
4640 1510 6020 4070
4640 1450 6010 4070
4640 1470 6010 4070
4640 1470 6010 4060
4640 1510 6010 4060
4640 1520 6020 4060
4640 1450 6020 4060
4640 1470 6020 4050
4640 1470 6010 4060
4650 1450 6010 4050
4640 1440 6020 4060
4640 1450 6020 4060
4640 1500 6020 4060
4640 1500 6020 4070
4640 1520 6010 4070
4640 1460 6010 4070
4650 1460 6020 4060
4650 1470 6030 4070
4640 1470 6020 4070
4640 1530 6020 4060
4640 1480 6020 4070
4650 1460 6010 4070
4650 1480 6010 4060
4650 1480 6010 4060
4650 1500 6010 4060
4650 1480 6020 4050
4650 1520 6020 4060
4640 1480 6010 4060
4640 1500 6010 4060
4640 1460 6010 4070
4640 1500 6010 4080
4650 1510 6030 4080
4650 1490 6020 4080
4650 1460 6020 4070
4650 1460 6010 4060
4650 1490 6010 4060
4640 1500 6010 4060
4640 1440 6010 4070
4640 1450 6010 4070
4640 1460 6010 4070
4640 1500 6010 4070
4640 1470 6010 4070
4640 1450 6010 4070
4630 1490 6010 4080
4640 1460 6010 4080
4650 1510 6010 4080
4650 1520 6010 4080
4650 1480 6010 4080
4650 1520 6000 4070
4650 1500 6020 4060
4650 1520 6010 4060
4650 1480 6010 4060
4640 1490 6010 4060
4650 1450 6010 4060
4650 1450 6000 4060
4650 1450 6010 4060
4650 1450 6010 4050
4650 1510 6010 4060
4640 1500 6010 4070
4640 1480 6010 4070
4640 1010 6530 4070
4640 1000 6540 4060
4640 1000 6480 4050
4640 1000 6540 4060
4640 1010 6480 4050
4640 1010 6490 4050
4640 1010 6500 4060
4640 1010 6530 4060
4640 1010 6510 4050
4640 1000 6470 4060
4640 1000 6510 4060
4640 990 6510 4060
4650 990 6480 4060
4640 990 6530 4070
4640 1000 6530 4070
4630 1000 6480 4060
4630 1000 6500 4060
4640 1000 6500 4040
4650 1000 6500 4050
4640 1000 6530 4050
4630 1010 6520 4070
4630 1010 6540 4060
4630 1010 6470 4060
4640 990 6490 4070
4640 990 6510 4070
4630 1010 6550 4060
4630 1000 6490 4050
4640 1000 6490 4050
4650 1000 6540 4060
4650 1000 6500 4070
4650 1000 6470 4060
4640 990 6530 4060
4640 990 6500 4060
4640 1000 6510 4060
4630 1010 6490 4060
4640 1010 6520 4050
4640 1010 6510 4050
4640 1000 6470 4050
4640 1000 6500 4060
4640 1010 6470 4060
4640 1000 6490 4050
4630 1000 6470 4060
4640 1010 6470 4060
4640 1010 6500 4050
4640 1010 6530 4060
4640 1000 6530 4070
4640 1000 6480 4070
