4830 1420 5980 3570
4830 1430 5980 3570
4810 1430 5980 3570
4840 1430 6000 3580
4830 1420 5980 3580
4850 1430 5910 3580
4840 1430 5820 3570
4840 1440 5820 3580
4840 1430 5850 3580
4840 1430 5900 3580
4840 1430 5930 3570
4850 1430 5950 3570
4860 1430 5970 3570
4850 1440 5990 3570
4850 1440 6010 3570
4850 1450 6020 3570
4830 1450 5990 3580
4840 1440 5970 3580
4840 1440 6010 3580
4840 1430 6000 3570
4840 1430 6000 3580
4850 1420 5980 3580
4860 1420 5910 3580
4850 1420 5970 3580
4840 1420 5990 3580
4820 1420 5940 3590
4840 1420 6110 3600
4850 1420 6170 3580
4830 1420 6080 3580
4830 1420 5960 3580
4820 1420 5950 3590
4810 1430 5880 3590
4800 1440 5850 3580
4810 1440 5860 3580
4820 1440 5930 3570
4810 1430 5940 3570
4810 1430 5930 3570
4810 1430 5940 3580
4820 1420 5940 3580
4830 1430 5940 3590
4810 1430 5920 3600
4810 1430 5910 3590
4810 1420 5890 3590
4810 1420 5890 3580
4810 1420 5900 3590
4810 1430 5910 3580
4830 1440 5920 3590
4850 1430 5920 3580
4830 1430 5920 3590
4830 1430 5920 3590
4830 1430 5920 3590
4840 1430 5940 3590
4840 1440 5970 3600
4850 1430 5970 3580
4850 1430 5980 3580
4850 1440 5970 3580
4840 1450 5940 3590
4840 1430 5940 3590
4840 1430 5960 3580
4840 1430 5970 3570
4830 1430 5980 3580
4820 1430 5960 3580
4830 1440 5960 3580
4830 1430 5970 3590
4820 1430 5970 3590
4810 1430 5960 3580
4820 1430 5970 3590
4820 1430 5970 3580
4810 1430 5990 3580
4820 1430 5990 3590
4840 1420 5970 3590
4840 1420 5940 3580
4840 1430 5910 3580
4830 1430 5900 3580
4830 1430 5960 3570
4830 1430 5990 3570
4830 1430 6000 3560
4850 1430 5990 3570
4830 1430 6000 3580
4820 1430 6000 3580
4820 1430 5990 3570
4800 1430 5990 3570
4790 1440 5990 3570
4800 1440 5990 3580
4820 1440 5990 3580
4830 1430 5980 3570
4850 1440 5990 3570
4840 1450 5970 3570
4820 1450 5970 3570
4820 1450 5960 3570
4800 1470 5960 3580
4800 1470 5970 3580
4810 1450 5970 3570
4820 1440 5950 3570
4820 1420 5710 3690
4810 1440 5700 3730
4830 1430 5700 3710
4840 1440 5710 3720
4820 1440 5720 3730
4810 1430 5710 3740
4810 1430 5710 3750
4810 1420 5710 3710
4810 1430 5720 3720
4800 1430 5720 3740
4810 1430 5710 3740
4810 1430 5710 3750
4810 1430 5710 3760
4830 1450 5710 3780
4830 1440 5710 3790
4820 1430 5710 4040
4820 1410 5700 3840
4810 1410 5700 3930
4810 1420 5700 3860
4820 1420 5700 3850
4810 1430 5710 3770
4820 1450 5700 3790
4820 1450 5710 3810
4810 1440 5700 3760
4810 1440 5700 3790
4810 1440 5700 3760
4810 1440 5710 3770
4820 1430 5700 3780
4810 1430 5690 3840
4810 1430 5690 3810
4820 1430 5690 4960
4810 1440 5700 4550
4820 1430 5700 4270
4840 1420 5700 4000
4810 1420 5710 3790
4800 1420 5710 3760
4820 1420 5710 3730
4820 1420 5700 3750
4830 1440 5710 3780
4820 1430 5710 3800
4810 1440 5710 3810
4810 1430 5710 3810
4800 1430 5710 3810
4830 1430 5710 3810
4810 1430 5700 3820
4810 1430 5700 3810
4830 1420 5700 3820
4830 1420 5700 3820
4840 1420 5700 3820
4810 1420 5700 3820
4820 1420 5700 3810
4820 1430 5700 3810
4800 1430 5700 3830
4820 1430 5700 3830
4820 1430 5700 3820
4810 1430 5700 3810
4810 1430 5700 3790
4820 1430 5700 3780
4830 1430 5690 3780
4810 1430 5700 3790
4820 1430 5700 3800
4840 1430 5700 3790
4830 1430 5700 3790
4830 1420 5700 3790
4830 1420 5700 3780
4820 1420 5700 3800
4830 1420 5700 3810
4820 1420 5700 3820
4840 1430 5710 3800
4850 1430 5710 3800
4850 1430 5710 3810
4830 1430 5710 3810
4830 1440 5710 3800
4830 1430 5700 3790
4840 1430 5700 3790
4800 1420 5700 3780
