5060 1870 5440 3060
5210 1870 5430 3060
5170 1870 5440 3060
5160 1870 5440 3060
5130 1870 5430 3060
5150 1870 5440 3060
5200 1870 5440 3060
5240 1860 5430 3050
5300 1860 5430 3050
5340 1870 5420 3060
5310 1870 5430 3060
5260 1870 5430 3060
5310 1870 5430 3080
5300 1870 5430 3080
5290 1870 5430 3080
5290 1870 5420 3080
5400 1870 5420 3070
5580 1870 5430 3060
5620 1860 5430 3050
5620 1870 5430 3050
5650 1870 5440 3050
5650 1860 5430 3050
5520 1870 5430 3060
5430 1870 5430 3060
5440 1870 5430 3060
5520 1870 5420 3060
5570 1870 5430 3060
5620 1870 5420 3060
5700 1870 5420 3060
5700 1870 5430 3060
5700 1860 5420 3060
5750 1870 5430 3060
5810 1870 5440 3060
5810 1870 5430 3050
5820 1870 5430 3050
5480 1860 5430 3050
5590 1870 5440 3050
5410 1870 5440 3050
5550 1880 5440 3060
5570 1870 5440 3060
5570 1870 5440 3060
5560 1880 5440 3060
5570 1870 5450 3060
5570 1870 5430 3060
5570 1880 5440 3060
5570 1870 5430 3060
5570 1870 5440 3060
5560 1870 5440 3060
5570 1870 5440 3060
5590 1870 5430 3060
5590 1870 5430 3060
5590 1870 5440 3050
5590 1880 5440 3050
5570 1890 5430 3050
5560 1870 5420 3050
5580 1870 5430 3050
5600 1870 5420 3050
5590 1870 5430 3050
5590 1870 5420 3050
5590 1870 5430 3050
5580 1870 5430 3050
5590 1870 5420 3050
5610 1870 5420 3060
5630 1870 5420 3050
5670 1870 5430 3050
5690 1870 5430 3060
5700 1870 5430 3060
5690 1870 5440 3060
5680 1870 5430 3060
5680 1870 5440 3060
5670 1860 5430 3060
5670 1870 5440 3070
5670 1860 5430 3060
5640 1860 5430 3070
5760 1880 5420 3060
5760 1880 5430 3060
5750 1880 5430 3060
5740 1880 5430 3070
5740 1880 5430 3070
5730 1870 5430 3070
5730 1870 5440 3070
5730 1870 5430 3080
5720 1870 5430 3070
5710 1870 5430 3070
5710 1870 5430 3070
5720 1870 5440 3070
5710 1860 5430 3060
5700 1860 5440 3060
5700 1860 5450 3060
5710 1870 5450 3050
5710 1870 5440 3050
5020 1860 5620 3070
5020 1870 5600 3070
5010 1870 5520 3070
5020 1870 5560 3070
5020 1870 5690 3060
5020 1870 5690 3060
5020 1870 5680 3060
5020 1870 5680 3060
5020 1860 5710 3070
5020 1880 5630 3060
5020 1880 5620 3060
5010 1870 5610 3070
5010 1870 5610 3070
5010 1870 5640 3080
5010 1870 5630 3080
5000 1870 5630 3080
4990 1870 5680 3070
5010 1880 5780 3070
5010 1870 5820 3060
5010 1870 5790 3050
5020 1880 5760 3060
5020 1880 5750 3070
5020 1890 5880 3080
5020 1880 5930 3080
5020 1880 5970 3080
5020 1870 5960 3080
5020 1870 5930 3070
5020 1870 5890 3080
5020 1870 5850 3070
5020 1860 5850 3060
5030 1860 5860 3060
5030 1860 5890 3060
5020 1860 5880 3060
5030 1860 5850 3060
5030 1860 5810 3070
5030 1860 5750 3070
5030 1860 5730 3070
5020 1860 5740 3070
5020 1860 5770 3070
5020 1860 5750 3080
5030 1860 5740 3080
5030 1860 5740 3080
5020 1860 5740 3080
5020 1870 5730 3080
5030 1870 5730 3080
5030 1870 5730 3080
5030 1870 5720 3080
5020 1870 5710 3080
5020 1880 5710 3080
5020 1880 5710 3080
5020 1870 5700 3080
5020 1870 5690 3090
5020 1870 5690 3080
5020 1870 5700 3070
5020 1870 5700 3070
5020 1870 5710 3080
5030 1870 5750 3080
5030 1890 5830 3070
5030 1890 5830 3070
5030 1880 5870 3070
5020 1880 5830 3080
5020 1870 5820 3080
5020 1870 5810 3080
5020 1880 5820 3080
5020 1870 5820 3080
5030 1870 5850 3070
5020 1880 5890 3070
5020 1880 5920 3070
5030 1870 5930 3060
5030 1860 5930 3060
5030 1870 5930 3070
5030 1870 5930 3070
5030 1870 5930 3060
5020 1870 5940 3070
5030 1870 5950 3070
5030 1880 5970 3070
5030 1880 5990 3070
5030 1880 6000 3070
5030 1870 6000 3070
5030 1880 6000 3070
5030 1870 6000 3060
5030 1870 6000 3060
5030 1870 6000 3060
5030 1870 6000 3060
5030 1870 6000 3060
5030 1870 6000 3070
5030 1880 6000 3070
5030 1870 5990 3070
5030 1860 5970 3070
5030 1860 5970 3070
5020 1860 5980 3070
5020 1860 5990 3070
