5260 2800 5130 2520
5260 2800 5130 2520
5260 2970 5140 2520
5270 2970 5130 2520
5270 2960 5140 2520
5270 2960 5140 2520
5270 2950 5140 2520
5270 2960 5130 2520
5270 2990 5140 2520
5270 2990 5120 2520
5270 2980 5130 2520
5250 3010 5130 2520
5260 3140 5140 2520
5260 3110 5140 2520
5270 3010 5130 2520
5260 2960 5120 2530
5260 2920 5120 2530
5260 2900 5130 2520
5260 2880 5140 2520
5260 2870 5140 2510
5260 2920 5140 2520
5250 2810 5130 2520
5250 2690 5130 2520
5250 2630 5140 2520
5240 2680 5160 2520
5240 2800 5160 2530
5240 2860 5160 2520
5240 2900 5160 2520
5240 2930 5160 2520
5250 2950 5160 2510
5250 2970 5160 2510
5250 2900 5160 2510
5250 2990 5160 2510
5260 3080 5160 2520
5260 3090 5150 2520
5260 3060 5150 2530
5260 3000 5150 2530
5270 2970 5140 2530
5270 2960 5130 2520
5270 2960 5140 2520
5260 2940 5140 2520
5260 2940 5140 2520
5260 2920 5140 2520
5260 2910 5140 2520
5260 2900 5130 2520
5270 2900 5130 2520
5270 2900 5130 2520
5270 2900 5140 2520
5270 2900 5130 2520
5260 2900 5130 2520
5260 2900 5120 2520
5250 2900 5130 2520
5260 2890 5120 2520
5260 2890 5130 2520
5260 2890 5130 2520
5260 2890 5140 2520
5260 2880 5140 2520
5260 2880 5130 2530
5260 2880 5140 2520
5260 2880 5140 2520
5260 2880 5140 2520
5270 2890 5140 2520
5270 2890 5130 2510
5270 2890 5140 2510
5270 2890 5140 2510
5260 2890 5140 2510
5260 2890 5140 2510
5260 2910 5140 2510
5260 2910 5130 2510
5260 2920 5130 2510
5260 2920 5140 2510
5260 2920 5130 2510
5260 2920 5130 2510
5270 2920 5120 2520
5260 2950 5130 2520
5260 3070 5120 2520
5270 2990 5110 2520
5270 2930 5120 2510
5270 2870 5130 2510
5260 2970 5130 2510
5260 2960 5130 2520
5260 2950 5120 2520
5260 2940 5130 2520
5250 2400 5560 2520
5260 2420 5620 2520
5260 2400 5560 2520
5260 2400 5550 2520
5260 2400 5510 2520
5260 2390 5490 2510
5270 2430 5470 2520
5270 2420 5480 2520
5270 2420 5510 2520
5260 2430 5540 2520
5250 2430 5540 2530
5260 2400 5540 2530
5260 2400 5560 2530
5260 2420 5580 2530
5260 2420 5600 2520
5260 2420 5580 2520
5260 2400 5520 2530
5270 2430 5450 2520
5270 2420 5460 2530
5260 2420 5490 2520
5260 2430 5550 2520
5270 2420 5630 2510
5270 2430 5660 2500
5270 2430 5680 2510
5260 2420 5700 2510
5260 2420 5700 2510
5260 2420 5690 2510
5260 2450 5690 2520
5260 2430 5560 2510
5260 2440 5520 2510
5260 2420 5490 2510
5260 2420 5460 2510
5260 2420 5470 2510
5260 2440 5480 2510
5260 2430 5510 2510
5260 2440 5540 2510
5270 2430 5580 2510
5270 2420 5600 2510
5260 2430 5620 2510
5260 2430 5650 2510
5260 2420 5630 2510
5260 2430 5590 2520
5270 2400 5570 2520
5260 2420 5550 2520
5260 2420 5540 2520
5260 2420 5540 2510
5260 2420 5520 2510
5260 2420 5520 2510
5260 2440 5540 2510
5260 2450 5560 2510
5260 2420 5590 2510
5260 2420 5600 2520
5260 2450 5650 2520
5260 2450 5650 2520
5260 2440 5640 2520
5260 2440 5620 2510
5260 2440 5580 2510
5260 2460 5520 2510
5260 2440 5460 2510
5260 2450 5360 2520
5260 2440 5330 2520
5260 2420 5570 2520
5250 2430 5660 2520
5250 2400 5490 2510
5250 2430 5470 2510
5250 2430 5460 2510
5250 2420 5450 2510
5250 2430 5560 2510
5260 2440 5640 2520
5260 2450 5690 2520
5260 2450 5670 2510
5260 2460 5620 2520
5260 2460 5610 2510
5260 2430 5600 2520
5260 2430 5550 2520
5260 2400 5490 2520
5260 2420 5780 2520
5260 2420 5900 2510
5260 2440 5560 2520
5260 2440 5690 2520
