3760 4660 2600 3910
3760 4670 2600 3920
3780 4660 2600 3900
3740 4660 2610 3920
3760 4660 2600 3920
3740 4660 2610 3910
3760 4660 2600 3920
3750 4660 2600 3920
3770 4650 2600 3910
3750 4650 2600 3920
3780 4650 2590 3920
3770 4660 2590 3910
3770 4660 2590 3900
3740 4660 2590 3890
3780 4650 2590 3880
3740 4660 2590 3880
3750 4660 2590 3900
3740 4660 2590 3910
3730 4670 2600 3900
3790 4660 2600 3910
3800 4660 2600 3900
3810 4660 2600 3910
3740 4660 2610 3900
3770 4660 2610 3910
3770 4670 2610 3900
3810 4660 2610 3910
3810 4670 2610 3900
3760 4660 2610 3920
3760 4660 2610 3910
3780 4670 2610 3920
3780 4670 2610 3930
3760 4670 2610 3930
3800 4660 2610 3930
3780 4660 2610 3920
3760 4660 2610 3900
3750 4660 2610 3910
3800 4660 2610 3910
3780 4660 2600 3900
3740 4660 2590 3890
3800 4650 2590 3880
3790 4660 2590 3880
3750 4650 2590 3890
3740 4660 2590 3900
3730 4670 2590 3900
3730 4680 2590 3900
3730 4670 2590 3910
3790 4660 2590 3910
3790 4660 2590 3910
3750 4660 2600 3910
3750 4660 2600 3910
3760 4650 2590 3900
3740 4650 2600 3910
3740 4650 2590 3890
3780 4640 2600 3900
3790 4660 2600 3890
3730 4660 2600 3900
3750 4660 2590 3910
3750 4660 2600 3890
3750 4660 2600 3900
3770 4670 2600 3890
3730 4660 2600 3900
3290 5180 2600 3900
3290 5120 2590 3920
3290 5120 2590 3920
3290 5180 2590 3910
3290 5130 2590 3890
3290 5130 2590 70
3280 5170 2590 3890
3280 5130 2590 3890
3280 5130 2590 3900
3280 5130 2590 3890
3280 5180 2590 3880
3270 5160 2590 3890
3270 5180 2590 3900
3270 5150 2590 3910
3270 5160 2590 3910
3270 5150 2590 3920
3280 5140 2590 3930
3270 5180 2590 3940
3270 5130 2590 3930
3270 5130 2600 3910
3270 5160 2600 3920
3280 5160 2600 3910
3280 5160 2600 3890
3280 5190 2590 3900
3290 5180 2590 3890
3290 5140 2590 3910
3290 5180 2590 3910
3290 5180 2590 3910
3290 5170 2590 3900
3280 5140 2590 3900
3280 5150 2590 3900
3270 5140 2590 3910
3270 5120 2590 3920
3270 5120 2590 3920
3270 5170 2590 3910
3280 5130 2600 3910
3280 5170 2600 3920
3280 5110 2600 3910
3270 5130 2600 3910
3270 5180 2600 3910
3270 5140 2600 3920
3270 5130 2600 3910
3270 5130 2600 3900
3280 5150 2600 3890
3280 5140 2600 3880
3270 5140 2600 3880
3270 5140 2610 3890
3270 5160 2600 3910
3280 5180 2600 3910
3280 5130 2610 3890
3290 5160 2610 3900
3290 5170 2610 3890
3290 5130 2610 3900
3300 5110 2610 3900
3290 5170 2610 3900
3290 5110 2620 3900
3280 5120 2610 3910
3280 5110 2600 3910
3280 5110 2600 3900
3280 5130 2600 3900
3280 5110 2600 3900
3300 5140 2610 3920
3290 5150 2610 3920
3290 5160 2610 3900
3290 5140 2610 3920
3280 5150 2610 3900
3270 5180 2610 3890
3270 5160 2610 3880
