5890 2940 4930 1970
6140 2930 4920 1980
6180 2940 4920 1980
5900 2950 4920 1970
5800 2950 4920 1980
5770 2950 4920 1980
5750 2950 4920 1980
5860 2950 4920 1970
6000 2940 4920 1960
6170 2950 4930 1960
6040 2950 4930 1970
5780 2940 4910 1970
5740 2930 4910 1970
5790 2930 4910 1960
5740 2940 4910 1980
5790 2950 4910 1960
5970 2940 4890 1970
6060 2940 4910 1980
5950 2940 4940 1960
6270 2950 4940 1960
6310 2950 4930 1970
6390 2950 4920 1970
6130 2950 4920 1980
6030 2950 4910 1980
5980 2950 4930 1990
5970 2940 4950 1970
6040 2950 4930 1980
6070 2950 4920 1990
6090 2950 4920 2000
6120 2940 4920 2000
6240 2940 4930 1990
6080 2940 4920 1990
6030 2940 4930 2000
6140 2950 4920 1990
6120 2950 4930 1980
6300 2950 4920 1980
6390 2950 4910 1980
6420 2950 4910 1980
6420 2950 4920 1970
6440 2950 4940 1960
6470 2950 4930 1970
6470 2950 4920 1960
6470 2950 4920 1970
6550 2950 4920 1980
6550 2950 4920 1990
6550 2940 4910 1980
6540 2950 4890 1980
6540 2940 4910 1990
6530 2950 4920 1990
6520 2960 4920 1980
6480 2960 4940 1980
6480 2960 4940 1970
6450 2960 4930 1980
6450 2960 4940 1980
6470 2950 4940 1980
6480 2960 4920 1970
6490 2940 4890 1990
6510 2950 4910 1980
5940 2960 4890 1980
5850 2960 4920 1980
6570 2950 4910 1970
6720 2960 4910 1960
6590 2960 4910 1970
6290 2950 4910 1960
6250 2950 4910 1980
5870 2950 4910 1960
5780 2950 4890 1970
5740 2950 4910 1990
5730 2950 4920 1980
5730 2960 4910 1980
6090 2960 4910 1980
6330 2960 4910 1980
6130 2970 4910 1980
5880 2960 4920 1980
6130 2960 4920 1970
6310 2960 4920 1970
6350 2950 4940 1960
6120 2950 4930 1960
6030 2950 4920 1970
6300 2960 4920 1970
6120 2960 4910 1980
6020 2950 4930 1990
5930 2950 4920 2000
5880 2950 4920 1990
5940 2950 4920 1970
5960 2950 4920 1970
5920 2940 4910 1970
5820 2950 4920 1970
5950 2940 4910 1980
6010 2950 4920 1980
5980 2950 4920 1980
5560 2940 4890 2200
5560 2940 4920 2260
5570 2950 4920 2290
5560 2960 4920 2310
5560 2960 4920 2340
5570 2960 4920 2350
5570 2960 4920 2340
5560 2960 4940 2330
5560 2960 4940 2310
5560 2960 4910 2550
5570 2950 4910 2580
5560 2950 4910 2600
5570 2950 4910 2610
5570 2950 4910 2610
5570 2950 4920 2640
5560 2960 4920 2690
5560 2950 4920 2590
5550 2940 4920 2620
5560 2940 4920 2660
5560 2940 4910 2680
5570 2940 4910 2710
5570 2940 4910 2700
5570 2950 4910 2720
5570 2950 4910 2720
5570 2960 4910 2720
5570 2960 4910 2690
5570 2960 4910 2700
5590 2950 4910 2720
5590 2950 4910 2740
5590 2940 4910 2700
5590 2940 4910 2700
5590 2940 4910 2700
5580 2950 4910 2740
5580 2950 4910 2740
5580 2930 4910 2700
5590 2930 4910 2670
5590 2930 4910 2520
5590 2940 4910 2610
5590 2940 4910 2670
5580 2940 4910 2740
5570 2940 4910 2770
5570 2950 4910 2800
5560 2940 4910 2820
5570 2950 4910 2830
5570 2950 4910 2830
5570 2950 4910 2750
5570 2950 4910 2750
5570 2960 4910 2750
5560 2950 4910 2640
5570 2940 4910 2700
5570 2940 4920 2750
5570 2940 4920 2790
5570 2940 4920 2820
5570 2930 4920 2820
5570 2930 4910 2780
5580 2940 4910 2740
5570 2940 4910 2740
5570 2940 4910 2720
5570 2930 4910 2740
5570 2930 4910 2750
5570 2930 4910 2740
5570 2930 4910 2700
5570 2930 4910 2680
5550 2940 4910 2680
5560 2950 4910 2650
5580 2950 4890 2700
5560 2950 4910 2680
5570 2950 4890 2290
5570 2960 4890 2280
5560 2960 4890 2420
5560 2950 4910 2370
5560 2940 4910 2330
5570 2940 4910 2320
5560 2940 4910 2340
5560 2940 4910 2370
5560 2940 4910 2370
5570 2940 4910 2290
5570 2950 4910 2250
5560 2950 4920 2250
5560 2950 4920 2310
5560 2960 4930 2440
5570 2960 4920 2520
5570 2940 4910 2620
5570 2940 4910 2650
5560 2940 4910 2680
5580 2940 4920 2710
5560 2950 4920 2680
5570 2960 4910 2590
5560 2950 4910 2670
5560 2940 4910 2630
5560 2950 4920 2590
5570 2940 4920 2610
5570 2940 4920 2630
5570 2940 4940 2620
5570 2940 4930 2660
5570 2940 4920 2570
5570 2940 4920 2580
5560 2950 4920 2620
5560 2960 4920 2620
5560 2960 4920 2600
5560 2960 4910 2650
5560 2950 4910 2680
5560 2950 4910 2680
5570 2940 4890 2620
5570 2940 4910 2620
5570 2940 4920 2630
5570 2940 4920 2620
5570 2950 4920 2640
5570 2950 4920 2550
5580 2950 4920 2440
5580 2940 4920 2340
5570 2940 4910 2340
5560 2940 4910 2340
5570 2940 4910 2340
5580 2940 4910 2360
5570 2950 4910 2370
5580 2950 4910 2330
5570 2950 4920 2290
5570 2940 4920 2180
5570 2940 4930 2180
5570 2940 4940 2180
5570 2940 4940 2180
5570 2940 4930 2170
5570 2950 4920 2160
5580 2950 4910 2170
5580 2950 4890 2350
5570 2940 4910 2420
5570 2940 4910 2340
