5980 3500 4700 1510
5980 3490 4700 1510
6000 3500 4700 1510
6000 3500 4710 1500
5970 3500 4710 1500
5980 3500 4700 1510
5990 3510 4700 1510
6010 3490 4700 1510
5990 3500 4710 1500
5990 3490 4710 1490
5980 3490 4700 1490
6000 3490 4700 1490
6000 3490 4710 1500
6020 3480 4720 1520
5990 3500 4710 1500
6000 3490 4710 1500
6000 3500 4710 1520
6010 3490 4710 1520
6000 3490 4710 1520
6020 3490 4700 1530
6020 3490 4700 1510
6000 3480 4700 1510
5990 3490 4700 1500
5970 3490 4700 1490
5970 3480 4700 1490
5980 3480 4700 1490
6000 3480 4700 1490
6070 3480 4700 1490
6170 3480 4700 1470
6250 3470 4700 1470
6200 3470 4700 1460
6120 3470 4700 1460
6390 3480 4700 1460
6720 3480 4700 1470
6530 3480 4700 1490
6390 3480 4710 1510
6300 3480 4700 1500
6210 3480 4700 1490
6160 3480 4700 1500
6080 3490 4700 1510
6050 3490 4700 1510
6080 3480 4710 1500
6060 3490 4710 1500
6050 3490 4710 1490
6040 3490 4710 1500
6010 3500 4700 1500
6060 3490 4710 1490
6070 3490 4710 1500
6070 3490 4710 1500
6040 3490 4710 1500
6060 3490 4710 1520
6050 3480 4710 1510
6020 3490 4710 1500
6050 3490 4710 1490
6030 3490 4710 1500
5980 3500 4710 1490
6050 3500 4710 1500
6140 3500 4710 1510
6190 3500 4710 1500
6590 3480 4710 1490
6690 3480 4710 1500
6760 3490 4710 1510
6790 3480 4700 1520
6820 3490 4700 1510
6900 3480 4710 1490
6650 3480 4710 1500
6390 3490 4710 1490
6380 3480 4720 1500
6050 3490 4700 1510
6120 3480 4710 1510
6180 3490 4700 1500
6100 3490 4700 1510
6040 3500 4700 1510
6010 3500 4700 1500
5980 3510 4700 1490
5970 3510 4700 1470
5960 3500 4710 1500
5860 3480 5060 1470
5860 3460 5130 1470
5860 3460 5100 1470
5860 3470 5290 1470
5860 3480 5200 1470
5850 3490 5160 1490
5860 3480 5120 1500
5870 3490 5080 1500
5870 3470 4970 1500
5860 3470 5020 1510
5860 3480 5100 1500
5860 3480 5340 1490
5860 3480 5270 1490
5860 3490 5130 1470
5850 3480 5110 1490
5850 3500 5030 1470
5850 3500 5010 1470
5850 3500 5010 1470
5850 3490 4980 1470
5850 3480 4990 1470
5850 3480 5000 1460
5850 3480 5140 1460
5850 3480 5210 1470
5870 3470 5180 1470
5870 3480 5250 1490
5870 3480 5210 1470
5860 3480 5090 1490
5860 3490 5060 1500
5860 3490 5030 1500
5860 3490 5020 1500
5860 3500 5010 1470
5850 3500 4990 1470
5850 3500 4990 1490
5860 3490 4980 1490
5860 3490 5000 1490
5860 3490 5020 1470
5860 3490 5040 1470
5860 3490 5080 1470
5870 3490 5130 1470
5870 3500 5130 1470
5870 3500 5120 1470
5860 3490 5120 1490
5860 3480 5090 1490
5860 3480 4970 1490
5860 3480 4970 1490
5860 3480 4950 1470
5850 3490 4940 1470
5850 3490 4950 1490
5850 3480 4950 1500
5850 3490 4960 1490
5850 3500 4940 1470
5860 3500 4980 1460
5860 3500 5010 1470
5860 3500 4980 1490
5870 3490 5180 1500
5850 3490 5400 1500
5860 3500 5540 1500
5850 3500 5810 1490
5850 3500 5780 1490
