6200 4520 4540 1010
6200 4520 4540 1010
6200 4530 4540 1010
6190 4500 4550 1010
6190 4500 4550 1010
6190 4530 4550 1000
6190 4530 4550 1010
6190 4500 4550 1010
6190 4520 4550 1010
6190 4480 4550 1020
6190 4480 4550 1010
6190 4520 4550 1010
6200 4490 4560 1000
6200 4500 4560 1000
6200 4480 4550 1000
6190 4500 4550 1000
6190 4480 4550 1000
6190 4500 4550 1010
6200 4530 4550 1000
6200 4540 4550 1000
6190 4510 4550 1000
6190 4560 4560 1010
6190 4500 4560 1000
6190 4490 4560 1010
6200 4500 4550 1010
6200 4540 4550 1010
6190 4510 4560 1020
6190 4550 4560 1020
6190 4510 4550 1000
6200 4510 4550 1000
6200 4490 4550 1010
6190 4540 4540 1010
6200 4510 4550 1010
6200 4520 4550 1000
6190 4480 4550 1010
6190 4470 4560 1010
6190 4500 4560 1010
6200 4490 4550 1010
6200 4500 4550 1010
6210 4510 4550 1010
6210 4500 4550 1010
6200 4480 4550 1010
6200 4550 4550 1010
6210 4510 4550 1010
6210 4560 4550 1010
6210 4570 4560 1000
6200 4530 4560 1000
6190 4510 4560 1000
6200 4540 4550 1010
6200 4570 4550 1020
6210 4540 4550 1020
6210 4510 4550 1020
6210 4550 4550 1010
6210 4550 4550 1010
6210 4540 4550 1000
6200 4530 4550 1000
6200 4560 4550 1000
6200 4550 4550 1020
6190 4560 4550 1030
6200 4570 4550 1020
6210 4520 4550 1010
6200 4510 4550 1010
6200 4500 4550 1020
6200 4500 4550 1010
6200 4490 4550 1020
6200 4510 4550 1010
6200 4490 4550 1010
6200 4530 4550 1010
6200 4560 4550 990
6200 4530 4550 990
6200 4530 4550 980
6190 4510 4550 980
6190 4490 4540 980
6200 4550 4550 970
6190 4490 4550 990
6190 4510 4550 990
6190 4500 4550 990
6190 4480 4550 990
6190 4510 4550 1000
6190 4540 4550 1000
6190 4550 4550 1000
6200 4550 4550 1010
6190 4530 4550 1010
6200 4520 4550 1010
6200 4530 4550 1000
6200 4500 4550 1010
6200 4510 4560 1010
6190 4540 4560 1010
6190 4530 4560 1010
6190 4510 4560 1010
6190 4500 4550 1010
6190 4570 4550 1000
6190 4550 4550 1000
6190 4500 4550 1000
6190 4530 4550 1000
6180 4550 4550 1020
6190 4520 4550 1010
6190 4510 4550 1010
6190 4550 4550 1010
6190 4480 4550 1000
6190 4490 4560 990
6190 4480 4560 990
6200 4010 5030 1010
6180 4020 5010 1000
6190 4020 5010 1010
6180 4010 5020 1020
6180 4010 5060 1010
6180 4020 5010 1010
6180 4040 5070 1020
6190 4050 5070 1030
6180 4060 5030 1000
6190 4060 5050 1000
6190 4030 5070 1010
6190 4030 5030 1010
6200 4040 5010 1010
6200 4030 5070 1010
6210 4030 5070 1010
6200 4040 5070 1010
6200 4040 5070 1010
6200 4030 5040 1000
6200 4040 5020 1000
6200 4040 5070 990
6190 4030 5010 990
6190 4040 5030 990
6190 4030 5030 990
6190 4030 5070 1000
6190 4040 5010 1010
6190 4050 5030 990
6190 4040 5010 1010
6200 4030 5070 1010
6210 4020 5030 1010
6190 4040 5070 1010
6200 4030 5030 1000
6190 4040 5010 990
6190 4020 5030 990
6190 4020 5050 1010
6190 4030 5060 1010
6190 4030 5030 1020
6190 4030 5070 1010
6190 4030 5030 1000
6190 4030 5070 990
6200 4010 5010 980
6190 4030 5040 1010
6190 4020 5050 1010
6190 4020 5030 1000
6180 4020 5010 990
6190 4040 5030 1010
6180 4050 5080 990
6180 4050 5070 990
6180 4010 5040 1020
6180 4010 5040 1010
6180 4010 5080 1010
6180 4020 5070 1010
6190 4040 5080 1000
6180 4030 5020 1000
6190 4040 5020 1020
6190 4040 5010 1010
6190 4060 5080 1010
6190 4050 5010 1000
6180 4040 5050 1000
6180 4030 5070 1000
6180 4030 5030 1020
6200 4020 5040 1020
6200 4020 5010 1020
6200 4040 5070 1000
6200 4050 5070 1000
6200 4040 5070 1010
6200 4020 5050 1010
6210 4020 5040 1010
6210 4020 5080 1020
6200 4020 5060 1000
6190 4030 5030 1010
6190 4040 5070 1000
6180 4040 5070 1010
6180 4030 5010 1000
6180 4020 5050 1000
6180 4020 5050 1000
6190 4040 5010 1000
6200 4030 5030 1000
6190 4020 5030 1000
6190 4020 5070 990
6200 4030 5080 980
6200 4030 5020 990
6200 4020 5040 990
