6530 4720 4460 660
6540 4660 4460 640
6540 4640 4470 630
6540 4640 4460 630
6550 4660 4460 620
6550 4700 4460 620
6550 4710 4450 640
6550 4680 4480 630
6550 4740 4470 650
6550 4750 4450 650
6550 4780 4450 650
6530 4790 4450 630
6530 4800 4450 630
6540 4790 4450 630
6530 4780 4450 640
6530 4780 4450 650
6540 4760 4470 640
6540 4760 4470 630
6560 4800 4470 620
6560 4810 4460 620
6550 4940 4470 640
6550 5030 4480 640
6550 4790 4480 640
6540 4770 4470 640
6540 4760 4470 630
6540 4770 4470 640
6540 4820 4460 640
6550 4830 4460 630
6540 4830 4460 620
6540 4810 4450 640
6540 4810 4450 650
6530 4820 4470 640
6530 4830 4480 640
6540 4840 4470 650
6550 4840 4480 640
6550 4830 4470 640
6550 4830 4470 650
6550 4820 4460 630
6550 4790 4450 640
6550 4790 4450 630
6560 4800 4440 630
6550 4800 4450 630
6550 4800 4460 630
6560 4810 4460 620
6550 4820 4460 610
6560 4820 4470 620
6560 4810 4470 620
6550 4790 4470 620
6540 4800 4460 620
6540 4800 4480 620
6540 4800 4500 620
6540 4810 4460 630
6550 4810 4480 630
6550 4820 4470 640
6550 4820 4470 640
6550 4830 4450 640
6550 4830 4450 640
6550 4830 4450 650
6560 4830 4450 650
6550 4840 4460 640
6550 4840 4460 630
6550 4840 4460 640
6550 4840 4450 640
6560 4840 4450 640
6560 4830 4450 650
6550 4810 4450 640
6550 4800 4460 630
6550 4800 4470 630
6550 4800 4460 640
6550 4800 4470 630
6560 4730 4460 630
6560 4750 4450 620
6550 4720 4450 640
6550 4710 4450 640
6550 4720 4470 640
6530 4770 4440 620
6540 4490 4450 830
6540 4500 4460 820
6540 4490 4450 790
6540 4490 4450 780
6540 4480 4460 770
6540 4490 4460 790
6540 4510 4460 910
6540 4520 4450 930
6550 4510 4460 960
6540 4500 4450 1040
6540 4500 4460 1020
6540 4490 4460 1010
6540 4490 4470 1040
6550 4500 4450 980
6560 4510 4450 970
6550 4500 4450 1050
6550 4500 4450 1020
6550 4510 4450 990
6550 4490 4440 1180
6550 4480 4450 1180
6550 4480 4450 1060
6550 4490 4470 1020
6550 4500 4470 1150
6560 4500 4480 1220
6560 4500 4480 1200
6550 4520 4470 1150
6550 4520 4470 1120
6550 4510 4470 1050
6550 4500 4460 990
6550 4490 4460 970
6550 4490 4470 960
6550 4490 4470 950
6550 4490 4470 940
6550 4500 4480 960
6550 4500 4470 970
6550 4490 4460 970
6560 4490 4460 970
6560 4500 4460 930
6560 4500 4460 950
6550 4500 4470 980
6540 4500 4480 1000
6540 4500 4470 990
6540 4510 4470 1100
6540 4510 4460 1020
6540 4510 4450 1160
6550 4510 4450 1270
6550 4510 4450 1310
6550 4520 4470 1380
6550 4520 4470 1430
6550 4520 4490 1440
6550 4490 4470 1350
6550 4500 4490 1180
6550 4500 4490 1080
6550 4500 4470 1000
6550 4500 4460 940
6550 4490 4460 880
6540 4490 4450 850
6540 4490 4460 980
6540 4490 4460 1130
6540 4480 4450 1190
6550 4490 4450 1290
6550 4480 4450 1380
6550 4480 4460 1360
6550 4480 4470 1320
6550 4500 4470 1310
6550 4500 4470 1300
6540 4490 4470 1290
6540 4490 4470 1280
6540 4500 4490 1280
6540 4500 4480 1280
6540 4500 4480 1280
6540 4490 4470 1280
6550 4490 4470 1250
6550 4490 4470 1230
6550 4480 4460 1220
6540 4490 4470 1210
6540 4510 4470 1180
6530 4490 4450 1130
6530 4500 4450 1130
6540 4490 4450 1090
6530 4490 4450 1060
6530 4490 4470 1240
6530 4490 4470 1340
