1290 4570 4530 6440
1330 4570 4530 6450
1320 4580 4530 6450
1250 4570 4520 6450
1200 4570 4520 6440
1130 4550 4530 6440
1100 4550 4530 6440
1080 4560 4530 6440
1100 4540 4530 6450
1110 4550 4530 6450
1120 4560 4520 6450
1090 4550 4530 6450
1090 4550 4540 6450
1090 4560 4550 6470
1090 4560 4550 6470
1090 4570 4530 6470
1070 4570 4520 6450
1060 4580 4520 6450
1040 4580 4520 6450
1050 4570 4520 6440
1060 4570 4520 6450
1080 4570 4510 6470
1110 4570 4510 6450
1130 4570 4510 6470
1150 4570 4510 6450
1150 4570 4520 6450
1120 4550 4520 6450
1040 4560 4530 6450
1070 4560 4530 6440
1070 4560 4530 6440
1060 4550 4530 6440
1060 4560 4530 6440
1060 4560 4530 6440
1070 4560 4530 6450
1090 4560 4530 6440
1110 4550 4540 6470
1160 4550 4520 6450
1180 4550 4530 6450
1180 4560 4530 6450
1180 4550 4530 6470
1180 4560 4510 6470
1180 4560 4510 6450
1190 4560 4510 6480
1190 4570 4510 6470
1200 4560 4510 6470
1190 4550 4500 6480
1190 4560 4500 6470
1190 4560 4500 6470
1180 4560 4500 6470
1200 4550 4510 6450
1200 4550 4510 6450
1190 4550 4510 6450
1190 4570 4510 6450
1180 4570 4510 6450
1160 4570 4520 6450
1140 4570 4520 6450
1150 4570 4520 6450
1150 4550 4520 6450
1160 4550 4520 6450
1190 4550 4510 6450
1190 4550 4520 6450
1190 4550 4520 6450
1190 4540 4510 6450
1180 4540 4510 6450
1180 4540 4510 6450
1190 4530 4510 6450
1150 4550 4530 6450
1130 4550 4530 6450
1130 4550 4530 6440
1130 4550 4530 6470
1120 4550 4520 6480
1100 4550 4520 6480
1110 4560 4520 6470
1130 4570 4520 6470
1130 4570 4520 6470
1150 4560 4520 6450
1160 4560 4520 6440
1190 4550 4530 6470
1210 4560 4530 6450
1210 4570 4530 6450
1210 4580 4530 6450
1320 4560 4520 6470
1240 4580 4540 6450
1210 4570 4530 6450
1190 4570 4530 6450
1160 4560 4530 6480
1140 4550 4530 6480
1130 4550 4520 6490
1090 4540 4530 6470
1090 4550 4530 6470
1180 4550 4530 6470
1350 4550 4540 6450
1320 4540 4520 6470
1150 4560 4520 6470
1150 4550 4520 6470
1150 4560 4510 6470
1150 4560 4510 6480
1150 4560 4510 6470
1140 4570 4500 6470
1140 4570 4510 6470
1140 4570 4520 6470
1130 4570 4520 6470
1110 4560 4520 6470
1100 4550 4520 6470
1100 4560 4530 6480
1090 4560 4540 6480
1070 4570 4540 6480
1060 4580 4530 6480
1040 4580 4530 6480
1040 4580 4520 6480
1010 4580 4530 6480
1020 4580 4530 6480
1040 4570 4530 6480
1060 4570 4530 6480
1080 4570 4530 6480
1090 4570 4530 6490
1090 4560 4520 6480
1110 4540 4530 6490
1140 4540 4530 6490
1150 4550 4520 6480
1160 4550 4520 6480
1160 4550 4520 6480
1160 4550 4530 6470
1180 4550 4530 6470
1140 4550 4540 6470
940 4690 4530 6470
930 4840 4520 6470
940 4970 4540 6470
930 5080 4530 6470
920 5170 4530 6480
920 5190 4530 6480
940 5210 4530 6480
930 5230 4530 6480
920 5280 4530 6480
930 5090 4510 6480
920 5100 4500 6470
920 5060 4510 6470
910 5180 4510 6470
910 5250 4520 6470
910 5290 4530 6470
930 5330 4520 6450
930 5300 4520 6450
930 5290 4530 6450
910 5260 4530 6480
910 5240 4520 6480
910 5240 4520 6480
930 5190 4520 6480
930 5170 4530 6480
930 5170 4530 6480
930 5160 4530 6470
940 5110 4530 6470
930 5080 4530 6470
930 5070 4530 6470
920 5070 4520 6450
920 5070 4520 6450
920 5080 4520 6450
930 5100 4530 6470
920 5100 4530 6470
920 5120 4510 6480
930 5140 4520 6470
930 5170 4520 6470
930 5200 4520 6470
940 5200 4520 6470
930 5200 4530 6470
940 5200 4530 6470
930 5210 4520 6470
940 5250 4510 6480
940 5210 4510 6470
940 5190 4500 6470
930 5230 4510 6470
940 5230 4510 6450
930 5210 4500 6450
920 5210 4500 6450
920 5200 4510 6440
910 5160 4520 6470
920 5160 4520 6480
910 5130 4520 6480
920 5260 4520 6470
920 5210 4530 6480
910 5170 4530 6480
930 5160 4520 6480
940 5200 4500 6480
930 5200 4520 6480
930 5180 4520 6480
940 5180 4540 6480
930 5180 4540 6470
920 5200 4520 6480
910 5170 4520 6490
910 5180 4520 6480
910 5130 4500 6490
930 5030 4500 6470
920 4940 4490 6470
920 4870 4500 6470
920 4940 4510 6470
920 5060 4510 6470
920 5090 4500 6480
930 5110 4500 6470
920 5140 4500 6470
930 5150 4510 6450
950 5190 4510 6450
940 5200 4520 6450
940 5200 4510 6450
930 5150 4520 6480
920 5060 4530 6470
920 5100 4530 6450
930 5170 4500 6440
940 5200 4520 6450
930 5210 4510 6450
