1270 4960 4090 6120
1280 4880 4080 6120
1280 4840 4080 6120
1260 4830 4080 6120
1260 4800 4080 6120
1220 4920 4080 6110
1220 4920 4080 6110
1210 4880 4080 6110
1200 4920 4080 6120
1200 5010 4090 6120
1190 5160 4090 6120
1190 5240 4080 6110
1200 5200 4070 6100
1230 5210 4070 6110
1220 5280 4080 6100
1230 5200 4080 6100
1200 5100 4080 6100
1210 5180 4080 6100
1220 5360 4080 6100
1220 5980 4080 6100
1210 5700 4080 6110
1210 5630 4080 6120
1200 5370 4080 6120
1190 5420 4080 6120
1190 5430 4080 6110
1190 5310 4080 6120
1190 5340 4090 6110
1200 5250 4080 6110
1220 5210 4070 6110
1230 5140 4080 6110
1230 5140 4060 6110
1220 5140 4070 6110
1230 5180 4080 6110
1230 5180 4090 6110
1220 5180 4080 6110
1240 5130 4080 6110
1220 5110 4080 6100
1210 5110 4080 6100
1200 5160 4080 6100
1200 5160 4080 6100
1190 5190 4090 6100
1210 5200 4090 6100
1230 5190 4080 6110
1220 5190 4070 6120
1220 5250 4070 6120
1260 5250 4080 6120
1260 5270 4080 6120
1210 5020 4080 6130
1210 4970 4090 6120
1200 4940 4090 6110
1220 4910 4090 6120
1200 4870 4080 6120
1220 4800 4070 6110
1210 4800 4070 6120
1240 4810 4080 6120
1220 4840 4080 6120
1220 4980 4090 6120
1220 4960 4100 6120
1240 5100 4080 6110
1230 5160 4070 6120
1210 5250 4080 6120
1220 5300 4070 6130
1240 5360 4070 6130
1230 5330 4070 6130
1230 5360 4080 6120
1250 5330 4090 6110
1220 5160 4090 6110
1240 4610 4460 6100
1230 4630 4520 6100
1210 4620 4560 6100
1210 4620 4610 6100
1210 4610 4630 6110
1240 4610 4690 6110
1220 4610 4510 6100
1200 4610 4310 6090
1210 4610 4300 6100
1220 4620 4290 6100
1200 4620 4300 6100
1220 4620 4240 6090
1210 4620 4250 6100
1210 4620 4250 6100
1240 4620 4240 6100
1220 4610 4230 6100
1220 4610 4250 6110
1230 4610 4260 6110
1220 4610 4260 6100
1210 4610 4260 6100
1220 4610 4260 6110
1200 4610 4270 6100
1230 4610 4300 6100
1240 4610 4310 6110
1230 4610 4290 6110
1220 4620 4270 6110
1230 4610 4290 6100
1210 4620 4300 6090
1240 4620 4270 6090
1220 4620 4300 6100
1210 4620 4320 6110
1200 4630 4320 6100
1200 4630 4310 6100
1200 4630 4330 6110
1200 4630 4350 6110
1200 4630 4370 6110
1220 4630 4370 6100
1240 4630 4360 6100
1220 4620 4370 6090
1230 4610 4480 6100
1220 4610 4440 6100
1240 4610 4400 6100
1210 4620 4350 6110
1210 4620 4310 6100
1220 4620 4270 6100
1220 4610 4270 6110
1210 4610 4300 6110
1210 4610 4310 6110
1240 4610 4310 6110
1240 4620 4270 6110
1240 4620 4270 6120
1250 4610 4290 6120
1260 4610 4300 6120
1280 4610 4340 6130
1260 4620 4350 6120
1230 4620 4330 6120
1250 4620 4330 6120
1230 4610 4320 6120
1210 4600 4300 6110
1230 4600 4300 6110
1220 4610 4310 6110
1230 4620 4350 6100
1230 4610 4380 6090
1210 4610 4360 6100
1200 4610 4350 6110
1220 4630 4370 6120
1200 4620 4360 6120
1200 4630 4370 6120
1210 4620 4360 6120
1220 4620 4350 6120
1200 4620 4340 6110
1200 4610 4310 6110
1210 4610 4290 6100
1210 4610 4260 6100
1210 4600 4240 6100
1210 4610 4230 6100
1210 4610 4230 6110
1220 4610 4240 6110
1210 4610 4250 6110
1200 4610 4270 6100
1220 4610 4270 6100
1210 4610 4250 6100
1200 4620 4250 6100
1190 4610 4250 6110
1190 4610 4230 6110
1190 4610 4210 6110
1190 4600 4210 6110
1180 4610 4190 6100
1180 4610 4180 6100
1190 4620 4170 6110
1180 4620 4170 6110
1180 4630 4160 6120
1230 4620 4210 6110
1240 4620 4220 6110
1230 4620 4250 6110
1220 4620 4250 6120
1210 4610 4250 6120
1210 4620 4250 6120
1230 4620 4270 6120
1220 4630 4300 6100
1240 4630 4310 6100
1240 4630 4300 6100
1230 4630 4260 6100
1220 4620 4230 6100
1240 4610 4230 6100
1240 4610 4210 6100
1240 4620 4200 6100
1240 4620 4180 6100
1240 4610 4170 6100
1240 4610 4170 6100
1250 4610 4160 6110
1240 4610 4160 6110
1260 4620 4160 6100
