1630 4710 3590 6430
1630 4710 3580 6400
1630 4720 3580 6380
1620 4730 3580 6370
1610 4740 3580 6390
1620 4730 3590 6410
1610 4730 3600 6400
1600 4730 3600 6390
1610 4710 3600 6430
1610 4710 3600 6450
1620 4710 3590 6480
1620 4700 3590 6490
1650 4710 3600 6430
1640 4720 3600 6390
1630 4710 3600 6360
1620 4710 3590 6470
1630 4710 3580 6480
1630 4730 3600 6410
1640 4730 3600 6400
1640 4730 3590 6390
1630 4730 3600 6390
1630 4730 3590 6380
1620 4730 3590 6370
1630 4730 3600 6360
1630 4730 3600 6330
1620 4720 3590 6300
1630 4710 3600 6280
1630 4710 3590 6250
1620 4710 3600 6260
1630 4710 3600 6270
1640 4710 3590 6320
1630 4700 3590 6410
1630 4700 3600 6480
1650 4710 3590 6440
1610 4710 3600 6550
1620 4710 3590 6540
1610 4720 3600 6570
1610 4710 3590 6510
1630 4730 3600 6480
1630 4740 3600 6420
1630 4740 3590 6420
1630 4730 3600 6440
1630 4700 3580 6410
1620 4720 3570 6400
1620 4720 3580 6380
1630 4720 3600 6350
1630 4720 3610 6360
1630 4720 3610 6390
1630 4730 3600 6380
1630 4730 3590 6470
1630 4730 3590 6510
1640 4730 3600 6540
1650 4720 3610 6560
1640 4720 3610 6570
1630 4720 3610 6570
1630 4710 3610 6570
1630 4710 3610 6540
1630 4700 3610 6520
1620 4700 3590 6510
1620 4710 3590 6470
1630 4700 3590 6310
1640 4710 3590 6310
1660 4710 3590 6310
1650 4710 3600 6300
1630 4710 3600 6340
1630 4710 3590 6360
1620 4710 3590 6360
1640 4710 3600 6310
1640 4720 3600 6330
1640 4740 3600 6410
1630 4740 3600 6510
1630 4720 3590 6520
1640 4720 3590 6520
1640 4710 3600 6530
1640 4710 3600 6520
1740 4720 3600 5820
1760 4730 3590 5820
1770 4720 3580 5820
1810 4730 3590 5820
1820 4730 3580 5820
1820 4730 3580 5820
1820 4730 3590 5810
1820 4720 3590 5810
1820 4730 3590 5820
1820 4730 3580 5820
1850 4720 3590 5820
1850 4720 3580 5830
1850 4710 3590 5830
1840 4710 3600 5830
1830 4710 3600 5830
1840 4710 3590 5820
1840 4720 3600 5820
1840 4710 3590 5820
1830 4710 3580 5820
1840 4700 3590 5830
1860 4710 3590 5830
1860 4710 3600 5820
1860 4710 3590 5820
1860 4720 3590 5820
1880 4730 3600 5820
1870 4710 3600 5820
1870 4720 3590 5820
1870 4710 3590 5820
1860 4710 3580 5820
1860 4710 3590 5820
1880 4690 3590 5820
1880 4700 3580 5820
1880 4700 3580 5810
1880 4700 3580 5810
1880 4720 3590 5810
1890 4710 3590 5810
1890 4720 3590 5820
1880 4710 3580 5810
1870 4710 3580 5810
1870 4710 3580 5810
1860 4730 3590 5820
1860 4740 3600 5810
1870 4730 3600 5810
1860 4720 3600 5810
1860 4710 3590 5810
1860 4710 3600 5810
1850 4710 3590 5810
1850 4710 3590 5810
1850 4710 3580 5810
1860 4710 3590 5810
1860 4710 3590 5810
1860 4700 3590 5800
1860 4710 3580 5800
1850 4710 3580 5810
1860 4720 3580 5810
1870 4720 3580 5810
1860 4720 3590 5810
1860 4720 3590 5810
1880 4730 3580 5810
1890 4720 3580 5810
1850 4720 3590 5820
1860 4710 3590 5830
1860 4710 3590 5830
1860 4710 3600 5830
1860 4710 3600 5830
1860 4720 3610 5830
1860 4720 3590 5820
1860 4720 3600 5820
1870 4730 3600 5810
1870 4710 3590 5810
1870 4710 3590 5810
1870 4720 3580 5810
1870 4720 3590 5810
1870 4720 3600 5810
1870 4720 3590 5810
