2110 5120 3070 5440
2110 5150 3060 5440
2110 5100 3050 5440
2090 5130 3050 5430
2090 5130 3060 5430
2090 5170 3060 5440
2080 5190 3070 5440
2080 5230 3070 5440
2090 5380 3060 5430
2090 5490 3060 5430
2090 5600 3060 5440
2080 5540 3060 5440
2080 5470 3060 5440
2080 5450 3070 5440
2080 5440 3070 5440
2080 5420 3070 5450
2090 5430 3060 5440
2090 5460 3060 5440
2090 5430 3070 5440
2110 5400 3060 5440
2110 5360 3070 5440
2110 5330 3070 5440
2110 5350 3060 5440
2090 5360 3060 5440
2090 5370 3050 5440
2090 5420 3070 5430
2110 5420 3070 5430
2110 5360 3070 5420
2120 5350 3060 5430
2120 5330 3050 5430
2120 5310 3060 5440
2110 5270 3060 5450
2110 5270 3050 5440
2110 5270 3060 5440
2090 5270 3070 5440
2090 5270 3070 5450
2090 5270 3070 5430
2090 5260 3070 5430
2090 5250 3070 5440
2110 5290 3070 5430
2110 5320 3060 5440
2110 5350 3070 5430
2090 5360 3070 5430
2090 5390 3070 5430
2110 5470 3070 5430
2090 5480 3060 5430
2090 5480 3060 5440
2110 5470 3060 5450
2090 5440 3050 5450
2090 5410 3060 5450
2090 5400 3060 5450
2080 5370 3050 5450
2080 5340 3050 5440
2080 5320 3060 5440
2080 5330 3060 5440
2080 5340 3050 5430
2080 5340 3060 5430
2080 5340 3060 5430
2080 5320 3060 5420
2080 5330 3070 5420
2080 5330 3070 5420
2090 5360 3070 5430
2090 5480 3080 5430
2090 5430 3080 5430
2110 5390 3060 5430
2110 5340 3060 5440
2110 5330 3060 5440
2110 5300 3080 5440
2080 5230 3070 5440
2080 5210 3060 5450
2080 5190 3050 5440
2070 5180 3060 5440
2070 5130 3070 5430
2080 5150 3070 5440
2090 5150 3080 5440
2180 4910 3080 5410
2220 4890 3070 5410
2240 4880 3080 5430
2250 4880 3080 5430
2270 4880 3060 5430
2290 4890 3070 5440
2300 4890 3070 5440
2300 4880 3060 5440
2290 4880 3070 5440
2280 4880 3060 5440
2270 4880 3070 5440
2270 4860 3060 5450
2270 4860 3070 5450
2270 4860 3080 5450
2280 4870 3080 5450
2280 4870 3080 5450
2280 4870 3070 5430
2290 4880 3070 5440
2310 4890 3050 5430
2300 4890 3030 5440
2300 4910 3050 5430
2300 4910 3050 5430
2310 4910 3050 5430
2300 4890 3050 5440
2300 4890 3060 5440
2310 4890 3060 5440
2310 4910 3050 5430
2300 4910 3050 5430
2290 4910 3060 5430
2290 4880 3070 5440
2290 4890 3070 5440
2290 4890 3060 5440
2290 4890 3060 5440
2290 4880 3070 5440
2290 4890 3060 5430
2290 4880 3070 5440
2290 4880 3070 5450
2290 4880 3060 5450
2300 4880 3060 5450
2300 4880 3070 5450
2300 4880 3050 5450
2300 4880 3050 5440
2300 4870 3030 5440
2290 4880 3060 5440
2290 4890 3050 5420
2290 4890 3050 5430
2290 4890 3060 5430
2300 4890 3060 5420
2300 4890 3070 5430
2300 4890 3050 5450
2300 4890 3060 5440
2300 4890 3060 5430
2290 4890 3060 5430
2290 4890 3070 5440
2290 4890 3060 5440
2290 4910 3080 5440
2300 4910 3080 5440
2300 4910 3080 5450
2300 4910 3080 5440
2300 4910 3080 5440
2300 4910 3070 5440
2300 4910 3060 5440
2300 4890 3060 5440
2300 4890 3070 5430
2300 4890 3080 5440
2290 4880 3070 5440
2300 4890 3080 5450
2300 4890 3070 5450
2310 4890 3060 5450
2320 4880 3070 5450
2320 4880 3080 5450
2320 4910 3080 5450
2320 4890 3070 5450
2310 4910 3070 5450
2300 4910 3060 5450
2290 4920 3070 5450
2290 4920 3070 5450
2300 4920 3050 5460
2300 4910 3050 5460
2290 4890 3060 5460
2290 4910 3050 5460
2280 4920 3060 5440
2280 4890 3060 5440
2280 4890 3060 5440
2280 4890 3060 5440
2290 4890 3060 5440
2290 4890 3070 5450
2290 4890 3060 5440
2300 4910 3060 5450
2300 4910 3050 5450
2290 4910 3070 5450
2270 4870 3060 5440
2280 4880 3060 5440
