2550 5130 2570 5370
2550 5130 2570 5400
2550 5130 2570 5400
2550 5100 2560 5420
2550 5120 2560 5560
2550 5130 2560 5690
2550 5140 2560 5610
2550 5140 2560 5630
2550 5140 2580 5830
2550 5140 2570 5860
2550 5150 2570 5860
2540 5150 2560 5790
2550 5130 2560 5750
2550 5120 2570 5720
2550 5130 2570 5640
2550 5140 2570 5760
2550 5130 2570 5920
2550 5120 2580 5880
2550 5120 2570 5660
2550 5130 2570 5630
2550 5120 2570 5570
2550 5120 2570 5550
2560 5130 2560 5750
2560 5110 2560 5780
2560 5120 2560 5770
2560 5130 2560 5770
2550 5110 2560 5720
2550 5110 2560 5790
2550 5130 2560 5810
2550 5120 2560 5780
2550 5120 2560 5730
2550 5120 2570 5740
2550 5110 2560 5740
2550 5100 2560 5770
2550 5100 2560 5810
2550 5100 2560 5850
2550 5110 2560 5890
2560 5120 2550 5920
2560 5130 2560 5940
2560 5120 2560 5880
2550 5110 2560 5870
2550 5120 2560 5880
2550 5110 2560 5940
2550 5110 2560 5920
2550 5120 2560 5880
2540 5120 2550 5830
2540 5130 2550 5830
2540 5130 2550 5810
2550 5130 2560 5850
2550 5120 2560 5850
2540 5130 2560 5850
2540 5140 2560 5880
2540 5140 2560 5890
2550 5120 2570 5920
2550 5130 2570 6010
2550 5120 2570 6050
2550 5110 2570 6030
2550 5120 2570 5810
2540 5110 2570 5800
2540 5100 2570 5830
2550 5100 2570 5940
2560 5120 2560 5980
2560 5120 2560 6010
2560 5130 2560 6030
2560 5120 2550 6010
2560 5110 2550 5990
2560 5100 2550 6000
2550 5100 2550 5930
2550 5100 2550 5890
2550 5100 2550 5850
2550 5100 2560 5820
2540 5120 2560 5700
2540 5120 2560 5660
2540 5110 2560 5610
2540 5100 2560 5590
2550 5110 2560 5540
2550 5100 2560 5550
2550 5120 2560 5560
2550 5130 2560 5570
2550 5130 2560 5590
2560 5110 2560 5600
2560 5130 2570 5580
2560 5130 2570 5500
2550 5130 2560 5520
2540 5110 2560 5860
2550 5120 2560 5760
2550 5130 2560 5750
2550 5140 2560 5780
2550 5130 2560 5810
2550 5130 2560 6000
2550 5140 2560 5920
2550 5140 2560 5880
2550 5130 2560 5690
2550 5130 2560 5770
2550 5130 2560 5680
2540 5120 2560 5710
2540 5110 2560 5600
2550 5110 2560 5520
2550 5110 2560 5460
2550 5100 2570 5420
2560 5120 2560 5380
2560 5120 2560 5370
2550 5120 2560 5360
2550 5110 2570 5380
2550 5100 2570 5360
2540 5110 2570 5350
2550 5340 2570 5190
2550 5360 2570 5190
2550 5370 2570 5200
2550 5390 2580 5200
2550 5370 2570 5210
2560 5400 2570 5200
2560 5410 2560 5190
2560 5420 2560 5190
2550 5390 2560 5190
2550 5400 2560 5200
2550 5400 2560 5200
2550 5420 2560 5200
2550 5450 2560 5200
2550 5720 2560 5190
2550 5770 2560 5190
2550 5710 2560 5190
2550 5690 2570 5190
2550 5850 2570 5200
2550 5710 2570 5200
2550 5670 2580 5200
2550 5650 2580 5200
2550 5610 2590 5200
2550 5560 2580 5200
2560 5590 2570 5190
2560 5480 2560 5190
2560 5700 2560 5200
2550 5710 2560 5200
2550 5610 2560 5210
2550 5730 2560 5210
2550 5650 2570 5210
2550 5630 2570 5200
2550 5700 2580 5200
2550 5740 2570 5200
2550 5770 2570 5200
2550 5660 2570 5200
2550 5730 2570 5200
2550 5730 2570 5210
2550 5790 2570 5210
2550 5620 2570 5190
2550 5780 2560 5200
2550 5620 2580 5200
2550 5510 2580 5200
2540 5680 2580 5200
2550 5760 2580 5190
2550 5720 2590 5190
2550 5630 2590 5190
2550 5750 2580 5190
2550 5940 2560 5200
2550 5950 2560 5200
2550 5970 2560 5190
2550 6000 2560 5190
2550 6060 2570 5190
2550 6080 2570 5200
2550 6080 2570 5200
2550 6040 2570 5200
2540 6080 2570 5200
2550 6070 2560 5200
2550 6060 2550 5200
2550 6040 2550 5200
2550 6040 2550 5190
2550 6120 2550 5190
2550 6170 2560 5190
2550 6020 2570 5200
2550 6050 2580 5200
2550 6080 2580 5200
2550 6110 2570 5200
2550 6060 2570 5200
2550 6010 2570 5200
2550 6120 2560 5200
2550 6170 2560 5200
2540 6210 2570 5190
2540 6240 2560 5190
2540 6100 2560 5180
2540 6020 2560 5180
2540 6040 2560 5180
2550 6090 2570 5180
2550 6130 2570 5190
2540 6080 2560 5200
2540 6070 2560 5200
2540 6080 2560 5200
2540 6090 2560 5200
2540 6120 2570 5200
