3050 5380 2050 5320
3030 5380 2040 5340
3050 5380 2040 5320
3050 5380 2040 5290
3050 5380 2040 5310
3050 5380 2050 5440
3050 5380 2050 5380
3050 5370 2040 5310
3030 5360 2040 5340
3030 5360 2040 5300
3030 5360 2040 5400
3070 5380 2040 5310
3070 5380 2040 5520
3060 5390 2040 5430
3050 5390 2030 5500
3060 5410 2030 5610
3060 5420 2040 5480
3070 5420 2040 5430
3060 5410 2040 5490
3070 5400 2040 5400
3070 5420 2040 5290
3070 5400 2040 5240
3060 5390 2030 5440
3060 5390 2030 5490
3060 5390 2030 5510
3060 5400 2030 5540
3060 5390 2040 5550
3060 5390 2040 5560
3060 5380 2040 5580
3060 5370 2040 5600
3070 5380 2040 5620
3070 5370 2040 5640
3060 5400 2030 5550
3070 5400 2030 5550
3060 5390 2040 5550
3060 5390 2040 5550
3070 5410 2030 5580
3060 5410 2040 5410
3060 5400 2030 5560
3060 5400 2030 5450
3050 5400 2030 5450
3050 5390 2030 5480
3050 5390 2030 5490
3060 5390 2020 5520
3060 5400 2020 5550
3060 5390 2030 5570
3060 5380 2020 5570
3070 5390 2040 5550
3050 5390 2040 5570
3060 5380 2040 5620
3070 5380 2040 5610
3070 5390 2040 5580
3060 5390 2030 5560
3050 5400 2040 5570
3050 5400 2030 5580
3050 5400 2040 5590
3060 5390 2040 5590
3070 5390 2040 5570
3070 5390 2040 5560
3070 5390 2040 5550
3070 5390 2030 5560
3060 5400 2040 5660
3060 5390 2040 5660
3060 5390 2040 5640
3060 5390 2040 5640
3060 5390 2040 5630
3050 5400 2040 5630
3060 5400 2040 5620
3050 5400 2040 5620
3030 5390 2040 5620
3030 5390 2030 5620
3050 5400 2030 5630
3060 5400 2040 5690
3070 5410 2040 5700
3050 5410 2040 5750
3050 5410 2050 5760
3080 5400 2050 5780
3080 5400 2040 5780
3070 5390 2040 5790
3060 5390 2040 5790
3060 5390 2040 5630
3050 5390 2040 5620
3050 5390 2390 4960
3030 5400 2540 4970
3030 5410 2480 4960
3030 5390 2710 4970
3030 5410 2640 4960
3020 5400 2710 4960
3020 5400 2660 4960
3030 5400 2580 4960
3050 5400 2690 4950
3060 5400 2460 4950
3060 5400 2430 4950
3050 5400 2390 4960
3050 5390 2370 4970
3050 5390 2330 4950
3050 5390 2310 4940
3050 5390 2320 4950
3050 5390 2360 4950
3050 5390 2350 4950
3030 5390 2370 4950
3030 5390 2330 4960
3030 5390 2360 4970
3030 5390 2260 4960
3030 5410 2260 4960
3030 5410 2270 4960
3060 5400 2260 4960
3060 5400 2230 4960
3050 5410 2520 4970
3050 5400 2530 4980
3050 5390 2560 4970
3030 5400 2540 4960
3050 5400 2480 4960
3060 5400 2470 4960
3050 5400 2500 4960
3050 5400 2520 4950
3030 5410 2500 4950
3050 5410 2330 4960
3050 5400 2300 4960
3050 5400 2250 4950
3050 5410 2300 4950
3060 5410 2310 4950
3060 5410 2320 4940
3070 5400 2360 4940
3060 5400 2340 4960
3060 5390 2580 4970
3060 5400 2660 4960
3060 5400 2660 4960
3060 5400 2660 4960
3050 5400 2680 4980
3060 5390 2660 4970
3070 5390 2820 4970
3060 5390 2830 4960
3060 5400 2870 4950
3060 5390 2780 4950
3060 5390 2680 4960
3050 5390 2680 4960
3050 5390 2680 4960
3050 5390 2710 4970
3050 5400 2710 4970
3050 5410 2750 4970
3050 5390 2830 4970
3060 5390 2830 4970
3060 5390 2850 4950
3060 5400 2840 4940
3060 5400 2840 4960
3050 5390 2860 4960
3050 5390 2860 4960
3050 5390 2820 4950
3050 5390 2780 4950
3060 5400 2750 4950
3060 5400 2710 4950
3060 5400 2710 4960
3070 5400 2700 4950
3070 5390 2710 4950
3070 5390 2690 4940
3070 5390 2680 4950
3060 5390 2680 4950
3050 5390 2680 4950
3050 5400 2660 4950
3060 5400 2650 4940
3060 5400 2660 4930
3060 5390 2660 4930
