4170 5000 2250 3690
4230 4990 2250 3680
4210 4990 2260 3680
4230 4990 2260 3680
4200 4980 2260 3680
4180 4990 2260 3690
4180 4990 2260 3690
4240 4990 2260 3690
4240 5000 2260 3680
4240 5000 2260 3680
4200 5000 2260 3680
4220 4990 2260 3700
4180 4990 2260 3700
4190 5000 2260 3690
4220 5000 2260 3690
4240 4990 2260 3690
4180 4990 2260 3670
4200 4990 2260 3650
4180 4990 2270 3670
4200 4990 2270 3650
4180 4990 2260 3670
4200 4990 2260 3670
4180 4980 2250 3680
4200 4980 2260 3680
4210 4990 2270 3690
4190 4990 2270 3690
4180 4980 2260 3710
4240 4990 2270 3700
4190 5000 2260 3690
4170 4990 2270 3700
4210 5000 2260 3690
4190 5000 2270 3710
4170 4980 2270 3720
4230 4970 2270 3770
4170 4980 2270 3760
4210 4970 2260 3750
4210 4970 2260 3740
4230 4990 2260 3730
4240 4990 2270 3710
4200 5000 2260 3700
4250 4990 2270 3720
4200 4980 2270 3720
4240 4980 2260 3720
4180 4990 2270 3740
4200 4980 2260 3730
4230 4970 2250 3750
4240 4970 2250 3740
4200 4970 2250 3750
4240 4990 2250 3740
4200 5000 2250 3730
4220 4990 2250 3720
4180 4990 2250 3730
4190 4990 2250 3720
4230 4990 2250 3730
4210 5000 2250 3720
4170 5000 2260 3720
4170 5000 2250 3720
4230 5000 2250 3750
4220 5010 2250 3750
4240 5020 2250 3740
4220 5020 2260 3740
4180 5010 2250 3740
4180 5000 2250 3730
4240 5000 2250 3740
4210 4990 2260 3740
4180 5000 2260 3750
4180 4990 2260 3740
4220 4990 2260 3730
4180 4990 2250 3740
4200 4990 2250 3740
4240 4990 2250 3730
4180 4990 2250 3730
4180 4990 2250 3750
4190 4980 2250 3740
3710 5460 2250 3740
3710 5450 2250 3730
3720 5470 2250 3720
3730 5470 2250 3720
3720 5470 2250 3710
3730 5510 2260 3720
3730 5510 2260 3720
3730 5490 2260 3720
3720 5520 2260 3720
3720 5510 2270 3720
3720 5500 2270 3730
3720 5460 2270 3720
3720 5440 2270 3720
3710 5460 2270 3710
3720 5500 2260 3720
3720 5450 2260 3710
3720 5460 2260 3710
3720 5460 2270 3720
3720 5460 2270 3720
3730 5470 2270 3720
3720 5490 2260 3720
3730 5460 2260 3720
3730 5440 2260 3730
3710 5430 2270 3720
3710 5460 2270 3730
3710 5450 2260 3720
3720 5430 2260 3720
3720 5490 2260 3720
3720 5470 2270 3730
3720 5510 2270 3720
3720 5490 2260 3720
3720 5450 2260 3720
3720 5500 2270 3730
3720 5470 2260 3740
3730 5460 2270 3740
3730 5500 2270 3740
3720 5460 2260 3730
3720 5460 2260 3730
3720 5490 2260 3720
3730 5450 2260 3720
3730 5460 2260 3720
3730 5440 2260 3720
3720 5470 2260 3720
3730 5470 2260 3730
3720 5440 2260 3730
3720 5500 2260 3710
3720 5450 2250 3730
3720 5450 2260 3730
3710 5490 2260 3720
3710 5530 2270 3730
3710 5460 2260 3720
3710 5500 2260 3720
3710 5460 2260 3710
3720 5490 2270 3720
3720 5470 2260 3730
3720 5460 2260 3730
3720 5510 2270 3720
3720 5470 2260 3730
3710 5450 2250 3720
3710 5470 2260 3710
3710 5470 2260 3710
3710 5520 2260 3710
3710 5460 2260 3710
3710 5510 2260 3720
3710 5480 2260 3710
3710 5520 2270 3710
3710 5490 2260 3730
3710 5500 2260 3740
3710 5540 2260 3740
3710 5480 2260 3730
3720 5480 2260 3730
3720 5540 2260 3740
3720 5500 2260 3740
3720 5480 2260 3740
3710 5480 2260 3750
3710 5520 2260 3740
3710 5500 2260 3740
3710 5480 2260 3730
3710 5500 2260 3720
3710 5510 2260 3730
