3540 6150 1540 4750
3540 6150 1540 4740
3550 6150 1540 4740
3540 6170 1540 4740
3540 6210 1550 4740
3530 6170 1550 4740
3550 6170 1560 4750
3550 6150 1560 4740
3550 6170 1560 4740
3550 6170 1540 4740
3550 6200 1550 4740
3560 6190 1560 4740
3550 6200 1560 4740
3560 6150 1560 4730
3560 6180 1550 4750
3560 6200 1560 4740
3540 6150 1560 4760
3530 6150 1530 4760
3540 6210 1530 4760
3560 6150 1540 4750
3560 6140 1530 4750
3550 6200 1530 4760
3550 6160 1540 4760
3550 6140 1530 4740
3550 6140 1530 4740
3550 6180 1540 4740
3550 6140 1530 4740
3550 6150 1530 4750
3550 6160 1520 4750
3550 6210 1530 4750
3540 6210 1530 4750
3540 6150 1540 4760
3550 6150 1550 4760
3550 6150 1550 4760
3550 6150 1550 4760
3550 6150 1540 4760
3560 6150 1550 4760
3540 6200 1540 4740
3550 6220 1550 4750
3550 6160 1540 4750
3550 6170 1540 4740
3550 6190 1550 4740
3550 6180 1560 4740
3540 6220 1540 4740
3540 6160 1540 4740
3530 6230 1540 4740
3560 6170 1540 4750
3560 6150 1540 4750
3560 6170 1550 4750
3550 6170 1550 4750
3550 6150 1550 4750
3550 6190 1550 4740
3550 6170 1550 4750
3550 6200 1540 4750
3560 6160 1540 4740
3560 6180 1540 4740
3560 6150 1550 4750
3560 6170 1540 4750
3560 6170 1540 4740
3560 6150 1540 4740
3550 6170 1530 4740
3550 6190 1520 4740
3550 6170 1520 4740
3550 6170 1530 4740
3550 6150 1520 4740
3560 6170 1530 4750
3560 6170 1540 4740
3560 6150 1550 4740
3550 6150 1550 4740
3550 6160 1530 4750
3550 6140 1530 4750
3550 6200 1530 4750
3550 6180 1550 4750
3550 6200 1540 4740
3550 6220 1540 4740
3550 6160 1550 4740
3550 6210 1550 4750
3540 5690 2050 4750
3550 5700 2000 4750
3560 5700 2020 4750
3560 5700 2030 4740
3560 5700 2010 4740
3560 5700 2020 4740
3560 5700 2020 4740
3560 5700 1990 4740
3560 5700 1990 4750
3560 5700 2050 4750
3560 5700 2060 4750
3560 5700 2010 4750
3560 5700 2010 4750
3560 5700 2050 4750
3560 5700 2010 4750
3560 5700 1990 4750
3560 5700 2040 4740
3560 5690 2040 4740
3560 5690 2010 4730
3560 5690 2000 4730
3560 5690 2000 4730
3560 5690 2010 4730
3560 5690 2010 4730
3570 5690 2000 4730
3570 5690 2050 4730
3570 5690 2020 4740
3550 5690 2000 4740
3550 5690 2000 4740
3550 5690 2000 4740
3560 5690 2050 4740
3560 5690 2000 4740
3560 5690 2020 4740
3560 5700 2080 4740
3560 5700 2020 4740
3560 5700 2010 4740
3560 5710 2030 4750
3560 5710 2070 4750
3560 5710 2030 4750
3560 5710 2010 4760
3580 5700 2050 4760
3570 5700 2090 4760
3570 5710 2050 4760
3570 5700 2080 4750
3580 5690 2060 4750
3570 5690 2070 4750
3570 5690 2020 4750
3550 5690 2080 4740
3550 5690 2010 4750
3550 5690 2050 4740
3550 5680 2050 4740
3560 5690 2050 4740
3550 5700 2070 4770
3550 5700 2020 4760
3550 5700 2080 4750
3550 5700 2070 4750
3550 5700 2040 4750
3560 5700 2080 4740
3550 5690 2020 4730
3550 5690 2080 4750
3550 5690 2020 4730
3550 5680 2050 4730
3560 5680 2070 4740
3560 5680 2020 4750
3560 5680 2060 4750
3560 5680 2050 4750
3570 5680 2010 4750
3570 5680 2020 4750
3570 5690 2020 4750
3570 5690 2020 4740
