4070 6010 1230 4630
4070 6010 1240 4630
4070 6010 1290 4640
4070 6010 1520 4640
4080 6010 1460 4640
4080 5990 1430 4640
4070 5990 1470 4640
4070 5990 1670 4640
4070 5990 1740 4620
4070 6000 1690 4620
4070 6010 1640 4620
4070 6010 1550 4610
4070 6010 1560 4610
4070 6010 1610 4610
4080 6010 1540 4620
4080 6010 1670 4640
4080 6010 1620 4640
4080 6010 1760 4630
4080 6010 1830 4620
4080 6020 1840 4620
4080 6020 1840 4630
4080 6020 1830 4630
4070 6020 1770 4630
4080 6020 1630 4630
4080 6010 1580 4630
4080 6010 1560 4630
4080 6010 1550 4650
4070 6020 1640 4640
4090 6020 1830 4630
4090 6010 1770 4630
4100 6010 1710 4630
4090 6010 1680 4630
4090 6010 1670 4640
4090 6020 1670 4640
4090 6020 1660 4640
4090 6020 1650 4650
4090 6020 1620 4640
4090 6030 1590 4630
4080 6030 1580 4640
4080 6030 1560 4640
4080 6040 1560 4640
4080 6040 1590 4630
4080 6040 1630 4630
4080 6050 1660 4630
4080 6040 1780 4630
4080 6050 1820 4630
4080 6050 1780 4630
4080 6040 1780 4630
4080 6040 1750 4630
4080 6040 1730 4630
4080 6040 1710 4630
4080 6030 1740 4640
4080 6020 1740 4640
4080 6010 1700 4640
4080 6010 1780 4650
4080 6010 1780 4640
4080 6020 1650 4650
4080 6020 1630 4650
4080 6020 1620 4650
4090 6020 1570 4640
4090 6010 1500 4640
4090 6010 1500 4650
4090 6020 1550 4650
4090 6030 1560 4660
4090 6040 1630 4650
4080 6040 1670 4650
4090 6040 1420 4660
4090 6040 1520 4660
4090 6040 1550 4650
4080 6030 1600 4650
4080 6020 1640 4650
4080 6020 1670 4640
4080 6030 1700 4640
4080 6030 1720 4640
4080 6030 1730 4630
4080 6030 1760 4630
4080 6020 1800 4640
4080 6020 1830 4640
4080 6020 1860 4640
4080 6010 1780 4640
4080 6000 1840 4640
4080 6010 1810 4640
4090 6010 1690 4640
4080 6010 1430 4630
4080 6000 1390 4640
4080 6000 1400 4630
4080 6000 1580 4630
4080 5990 1700 4640
4070 5990 1630 4640
4080 5990 1740 4630
4080 5990 1750 4630
4080 6520 1040 4630
4080 6490 1040 4630
4080 6410 1030 4630
4080 6470 1030 4630
4070 6790 1030 4630
4070 6870 1030 4630
4070 6960 1030 4630
4070 6710 1030 4630
4070 6660 1040 4620
4080 6570 1050 4620
4070 6710 1050 4620
4070 6780 1040 4620
4070 7030 1040 4620
4070 7040 1030 4620
4070 7040 1040 4620
4070 7070 1040 4610
4070 6830 1040 4610
4070 6760 1040 4620
4070 6740 1030 4610
4060 6360 1030 4620
4060 6300 1030 4620
4080 6310 1040 4620
4080 6280 1030 4620
4070 6630 1030 4630
4080 6710 1020 4610
4080 6540 1030 4620
4080 6540 1030 4610
4080 6630 1030 4610
4080 6580 1030 4610
4080 6530 1030 4620
4080 6500 1030 4620
4090 6500 1030 4630
4100 6580 1030 4630
4100 6640 1040 4630
4090 6630 1040 4620
4090 6650 1040 4630
4090 6560 1040 4620
4090 6600 1040 4620
4080 6600 1030 4610
4070 6570 1030 4610
4080 6520 1040 4610
4080 6490 1040 4620
4080 6470 1040 4610
4080 6490 1030 4610
4080 6650 1030 4620
4090 6630 1030 4620
4080 6690 1040 4620
4080 6610 1040 4620
4080 6640 1040 4620
4090 6670 1040 4620
4090 6680 1040 4630
4090 6670 1040 4630
4080 6670 1040 4620
4080 6700 1040 4620
4080 6690 1040 4610
4080 6750 1040 4620
4090 6750 1040 4620
4080 6860 1040 4620
4080 6990 1040 4620
