4580 6850 650 4480
4570 6850 640 4490
4570 6850 630 4490
4570 6850 630 4490
4570 6850 630 4490
4570 6880 640 4500
4570 6860 640 4500
4570 6910 640 4490
4570 6910 640 4490
4570 6910 640 4480
4570 6870 650 4480
4570 6910 650 4480
4570 6870 650 4480
4570 6890 650 4480
4560 6890 650 4480
4560 6910 640 4480
4550 6880 640 4480
4550 6870 630 4480
4550 6870 630 4490
4550 6910 640 4490
4550 6860 640 4490
4570 6850 640 4490
4570 6870 640 4500
4570 6870 640 4490
4570 6870 640 4500
4570 6850 640 4490
4570 6890 640 4490
4570 6920 650 4470
4580 6920 650 4470
4550 6880 640 4470
4550 6850 640 4480
4540 6870 640 4490
4560 6920 650 4490
4570 6870 640 4500
4570 6850 640 4500
4570 6880 630 4490
4570 6910 630 4480
4570 6890 640 4480
4560 6860 630 4480
4560 6880 640 4490
4570 6890 640 4480
4570 6870 640 4480
4580 6890 640 4490
4560 6850 640 4490
4560 6890 640 4500
4560 6900 640 4500
4570 6870 640 4490
4580 6850 640 4490
4570 6890 640 4480
4560 6900 640 4480
4570 6890 640 4490
4570 6910 640 4490
4580 6850 640 4480
4580 6870 630 4480
4580 6880 630 4490
4580 6870 630 4500
4600 6890 630 4480
4600 6880 630 4470
4610 6910 630 4470
4600 6900 640 4480
4600 6850 640 4480
4580 6890 640 4480
4580 6900 650 4490
4580 6880 650 4500
4580 6870 650 4490
4600 6870 640 4490
4580 6930 640 4500
4580 6920 640 4490
4570 6880 640 4480
4570 6870 640 4480
4570 6860 650 4490
4570 6900 650 4500
4570 6870 650 4490
4570 6870 640 4490
4570 6910 640 4490
4570 6850 640 4480
4570 6390 1110 4480
4570 6410 1110 4470
4570 6400 1120 4480
4570 6400 1140 4480
4570 6400 1130 4490
4570 6410 1110 4490
4570 6410 1130 4480
4570 6400 1110 4480
4570 6400 1140 4490
4560 6390 1110 4490
4560 6390 1130 4490
4540 6380 1090 4480
4540 6380 1090 4490
4540 6380 1150 4480
4550 6380 1090 4480
4550 6380 1110 4470
4550 6380 1130 4470
4550 6390 1140 4470
4550 6400 1100 4470
4550 6400 1140 4490
4550 6400 1140 4480
4550 6420 1120 4480
4550 6420 1160 4480
4550 6400 1120 4480
4540 6410 1100 4490
4540 6400 1130 4490
4550 6400 1120 4480
4550 6400 1120 4480
4540 6390 1120 4480
4550 6380 1120 4470
4550 6390 1100 4470
4560 6410 1160 4480
4550 6410 1120 4480
4560 6410 1160 4470
4560 6410 1140 4470
4560 6390 1090 4470
4550 6390 1090 4480
4550 6390 1150 4480
4550 6400 1090 4480
4560 6390 1090 4480
4550 6400 1120 4480
4550 6410 1110 4490
4550 6400 1090 4480
4550 6400 1100 4480
4550 6400 1100 4470
4550 6390 1120 4480
4570 6390 1150 4490
4570 6400 1110 4500
4570 6380 1090 4490
4570 6380 1090 4490
4570 6390 1150 4480
4570 6400 1130 4480
4570 6390 1150 4490
4570 6400 1160 4490
4560 6400 1140 4490
4550 6400 1090 4480
4550 6390 1140 4490
4550 6390 1120 4480
4550 6380 1150 4490
4550 6390 1100 4490
4550 6390 1120 4480
4550 6390 1100 4480
4550 6400 1140 4460
4550 6410 1120 4450
4550 6400 1160 4460
4550 6400 1100 4470
4550 6400 1130 4470
4550 6390 1110 4480
4550 6400 1110 4490
4560 6400 1100 4480
4560 6410 1120 4480
4560 6410 1120 4470
4550 6410 1130 4480
4550 6410 1110 4480
4550 6410 1110 4480
4550 6400 1150 4490
4540 6410 1120 4490
4530 6420 1120 4480
4540 6420 1100 4480
4540 6410 1100 4480
4540 6410 1130 4480
