4670 6080 1540 4000
4670 6070 1560 3990
4660 6070 1550 3990
4660 6070 1520 3990
4660 6070 1560 3990
4660 6080 1560 3980
4670 6080 1520 3980
4660 6080 1540 3980
4660 6070 1570 3980
4660 6070 1560 3980
4660 6070 1520 3990
4660 6070 1560 3980
4660 6070 1540 3980
4660 6080 1580 3980
4660 6090 1580 3980
4660 6090 1560 3980
4670 6080 1520 3980
4670 6080 1560 3980
4650 6070 1560 3980
4650 6070 1550 3990
4650 6070 1510 3990
4650 6080 1530 3980
4650 6090 1510 3980
4650 6090 1520 3990
4640 6090 1540 3990
4640 6080 1510 3990
4640 6080 1530 3990
4650 6070 1540 3980
4650 6070 1540 3980
4640 6070 1520 3980
4640 6070 1540 3980
4640 6070 1570 3960
4650 6070 1510 3960
4650 6070 1520 3980
4660 6070 1540 3990
4660 6070 1540 3990
4670 6070 1520 3990
4670 6080 1560 3990
4690 6080 1580 3980
4680 6070 1560 3980
4690 6070 1520 3980
4680 6070 1570 3960
4670 6070 1550 3960
4660 6070 1520 3980
4660 6070 1580 3990
4650 6080 1530 3990
4650 6080 1530 3990
4640 6080 1570 3990
4630 6080 1510 3990
4640 6080 1510 3980
4650 6080 1530 3990
4650 6080 1530 3980
4640 6080 1510 3980
4640 6070 1530 3980
4630 6080 1580 3980
4630 6070 1520 3980
4640 6070 1560 3980
4640 6080 1520 3960
4660 6080 1570 3980
4660 6080 1520 3990
4650 6060 1510 3980
4650 6060 1520 3990
4660 6070 1560 3990
4660 6070 1500 3990
4660 6070 1570 3980
4660 6070 1510 3980
4640 6080 1530 3990
4640 6070 1540 3990
4640 6070 1560 3990
4650 6070 1540 3990
4660 6070 1530 3980
4650 6080 1520 3980
4660 6080 1560 3980
4650 6080 1510 3980
4660 6070 1570 3980
4640 6070 1570 3980
4630 6070 1560 3990
4650 6070 1580 4000
4660 6070 1560 4000
4660 6080 1050 4480
4660 6080 1050 4480
4650 6090 1050 4500
4650 6080 1050 4480
4650 6080 1050 4460
4650 6080 1050 4460
4660 6080 1040 4420
4650 6080 1040 4420
4650 6080 1040 4440
4650 6080 1050 4500
4660 6080 1060 4480
4650 6080 1060 4460
4650 6080 1060 4460
4650 6080 1060 4440
4660 6080 1050 4500
4650 6080 1040 4510
4650 6080 1040 4520
4650 6080 1040 4490
4640 6080 1040 4440
4650 6080 1040 4460
4640 6080 1040 4460
4640 6070 1050 4440
4640 6080 1050 4440
4640 6070 1050 4480
4640 6070 1040 4460
4640 6080 1050 4440
4640 6080 1050 4480
4640 6080 1050 4440
4640 6070 1050 4480
4630 6070 1050 4420
4640 6070 1050 4440
4650 6070 1050 4450
4650 6070 1050 4510
4650 6080 1050 4450
4650 6080 1050 4520
4640 6070 1050 4480
4640 6070 1050 4470
4640 6070 1050 4500
4640 6070 1050 4510
4640 6060 1060 4460
4640 6070 1060 4440
4630 6070 1050 4510
4640 6070 1060 4480
4640 6070 1060 4520
4640 6070 1060 4510
4640 6070 1060 4480
4640 6070 1050 4450
4640 6070 1050 4470
4640 6070 1060 4470
4640 6070 1060 4490
4640 6070 1060 4510
4630 6070 1050 4460
4640 6070 1050 4440
4640 6080 1040 4460
4650 6080 1050 4440
4640 6080 1050 4500
4640 6070 1060 4500
4640 6070 1060 4460
4640 6070 1060 4480
4650 6070 1060 4510
4640 6070 1060 4450
4640 6070 1050 4500
4640 6080 1050 4440
4640 6080 1050 4480
4650 6080 1050 4420
4650 6080 1050 4480
4640 6080 1070 4480
4640 6070 1060 4500
4640 6070 1060 4460
4650 6080 1060 4470
4640 6080 1070 4450
4640 6080 1060 4460
4660 6080 1060 4450
4660 6080 1050 4500
4660 6070 1070 4500
4650 6070 1060 4440
4650 6060 1050 4450
4650 6060 1050 4500
4640 6060 1060 4470
4640 6060 1060 4450
4630 6070 1050 4510
4640 6070 1050 4470
4630 6070 1050 4490
4640 6070 1050 4450
4640 6080 1040 4470
4650 6080 1050 4490
4650 6080 1050 4440
4650 6080 1050 4510
