4180 5710 1340 4230
4180 5700 1340 4230
4180 5700 1330 4220
4180 5700 1330 4210
4180 5710 1340 4170
4180 5700 1340 4170
4170 5700 1340 4240
4190 5700 1350 4320
4190 5690 1340 4340
4190 5680 1330 4360
4180 5700 1330 4400
4190 5700 1330 4410
4200 5700 1330 4460
4200 5700 1330 4450
4200 5710 1330 4370
4190 5700 1330 4300
4180 5710 1340 4250
4190 5710 1340 4270
4190 5710 1340 4290
4190 5700 1340 4290
4190 5700 1340 4290
4190 5700 1340 4270
4190 5690 1340 4270
4190 5700 1340 4270
4190 5700 1340 4250
4190 5700 1330 4250
4190 5700 1330 4250
4200 5690 1330 4260
4190 5690 1330 4290
4200 5690 1350 4310
4200 5690 1340 4300
4190 5700 1330 4310
4200 5710 1330 4310
4200 5710 1340 4300
4200 5710 1360 4310
4200 5710 1340 4310
4200 5710 1350 4310
4190 5710 1350 4310
4180 5710 1360 4300
4180 5700 1350 4310
4180 5700 1340 4310
4190 5700 1340 4310
4180 5700 1340 4310
4180 5700 1350 4300
4180 5700 1350 4300
4180 5700 1360 4300
4170 5710 1350 4300
4170 5710 1360 4310
4190 5700 1350 4320
4180 5700 1350 4330
4180 5710 1350 4330
4180 5710 1340 4340
4180 5710 1340 4340
4180 5710 1340 4340
4170 5710 1340 4320
4170 5710 1350 4320
4180 5700 1360 4320
4180 5700 1350 4320
4190 5700 1350 4300
4190 5700 1360 4310
4190 5700 1360 4300
4190 5700 1350 4300
4200 5700 1340 4310
4200 5700 1340 4310
4190 5700 1340 4320
4170 5710 1350 4310
4180 5690 1340 4330
4180 5700 1330 4330
4190 5690 1350 4340
4190 5690 1350 4350
4190 5690 1350 4340
4190 5700 1340 4330
4180 5690 1340 4330
4180 5700 1350 4340
4200 5700 1350 4340
4180 5700 1340 4340
4180 5710 1670 4120
4190 5710 1680 4130
4180 5710 1640 4130
4200 5710 1640 4110
4190 5690 1660 4110
4190 5690 1650 4100
4180 5700 1640 4110
4190 5710 1720 4110
4190 5710 1730 4110
4190 5710 1730 4110
4200 5710 1750 4110
4200 5720 1750 4110
4200 5710 1760 4110
4200 5710 1760 4110
4200 5710 1750 4120
4210 5720 1710 4130
4190 5710 1700 4120
4190 5710 1690 4120
4200 5700 1680 4110
4190 5700 1690 4110
4180 5690 1680 4110
4180 5690 1620 4110
4190 5690 1840 4110
4190 5690 2000 4110
4200 5700 1880 4110
4200 5690 1820 4110
4200 5700 1810 4110
4180 5700 1810 4110
4180 5700 1810 4100
4170 5700 1810 4100
4170 5700 1810 4100
4170 5700 1780 4100
4170 5700 1760 4110
4170 5700 1740 4110
4170 5700 1730 4120
4180 5700 1710 4120
4190 5710 1690 4120
4180 5710 1690 4120
4180 5710 1680 4120
4180 5710 1690 4110
4190 5720 1640 4110
4190 5720 1650 4110
4190 5720 1650 4110
4180 5720 1670 4110
4190 5710 1680 4100
4200 5710 1700 4100
4210 5710 1690 4100
4210 5710 1680 4100
4210 5710 1690 4100
4200 5720 1900 4110
4190 5720 1780 4120
4200 5710 1730 4120
4190 5710 1680 4120
4200 5710 1650 4120
4210 5710 1690 4120
4210 5710 1980 4120
4210 5710 1830 4120
4190 5710 1750 4130
4190 5700 1720 4130
4180 5700 1750 4130
4180 5700 1780 4130
4180 5690 1800 4130
4180 5690 1800 4130
4180 5690 1780 4120
4190 5690 1770 4120
4180 5700 1760 4120
4180 5690 1760 4120
4190 5690 1780 4130
4190 5690 1720 4130
4190 5690 1880 4130
4200 5700 1730 4130
4200 5700 1640 4130
4200 5700 1640 4130
4200 5690 1660 4140
4210 5700 1670 4130
4210 5700 1680 4130
4210 5710 1730 4120
4180 5690 1800 4120
4180 5700 1800 4120
4190 5700 1840 4130
4190 5690 1850 4130
4180 5690 1860 4130
4180 5690 1850 4130
4190 5690 1840 4130
4190 5690 1840 4130
4190 5700 1830 4120
4190 5700 1820 4120
4190 5690 1820 4120
4190 5690 1720 4120
