3760 5390 1750 4500
3770 5390 1740 4500
3780 5390 1740 4500
3770 5390 1740 4500
3780 5390 1740 4510
3790 5390 1740 4540
3770 5390 1740 4540
3780 5390 1750 4540
3780 5400 1740 4540
3770 5410 1740 4490
3760 5410 1740 4520
3760 5390 1740 4610
3770 5390 1730 4660
3770 5390 1730 4630
3770 5380 1730 4750
3770 5380 1720 4810
3770 5380 1720 4840
3760 5390 1730 4820
3760 5390 1740 4890
3780 5390 1740 4910
3780 5390 1740 4820
3780 5390 1740 4720
3770 5380 1760 4660
3770 5390 1760 4630
3760 5390 1750 4560
3770 5390 1760 4410
3780 5380 1750 4410
3770 5380 1750 4430
3770 5400 1750 4450
3760 5400 1750 4450
3760 5400 1750 4450
3760 5400 1750 4450
3760 5410 1740 4460
3760 5390 1730 4410
3760 5390 1730 4410
3780 5390 1730 4440
3760 5390 1730 4410
3780 5380 1730 4380
3780 5380 1730 4360
3790 5380 1740 4330
3770 5390 1750 4490
3770 5390 1750 4640
3760 5400 1740 4650
3750 5400 1740 4440
3750 5400 1740 4450
3770 5400 1750 4440
3770 5400 1740 4440
3770 5400 1750 4430
3770 5390 1760 4430
3770 5390 1760 4440
3770 5390 1760 4450
3760 5380 1760 4450
3760 5390 1750 4440
3760 5390 1750 4440
3770 5390 1760 4420
3770 5390 1750 4410
3780 5390 1750 4390
3770 5380 1750 4390
3760 5380 1750 4390
3750 5370 1750 4380
3760 5380 1740 4340
3760 5380 1740 4340
3760 5380 1740 4350
3770 5380 1750 4350
3760 5390 1740 4360
3760 5390 1740 4350
3760 5390 1740 4360
3760 5390 1740 4350
3760 5390 1740 4350
3750 5400 1750 4350
3750 5390 1750 4350
3750 5390 1760 4350
3760 5390 1760 4350
3760 5390 1760 4350
3770 5390 1760 4340
3770 5380 1740 4360
3770 5380 1740 4370
3760 5380 1740 4410
3760 5370 1740 4410
3760 5390 1740 4400
3770 5390 1740 4410
3760 5400 1740 4430
3760 5690 1750 4220
3770 5760 1740 4210
3770 5730 1730 4200
3760 5680 1720 4220
3760 5590 1730 4220
3760 5640 1740 4220
3760 5620 1740 4220
3770 5780 1740 4200
3770 5810 1730 4200
3760 5920 1730 4200
3760 6000 1760 4200
3760 5910 1760 4200
3770 5850 1750 4190
3770 5680 1770 4200
3760 5690 1770 4200
3760 5760 1770 4200
3750 5710 1770 4180
3760 5690 1760 4180
3770 5720 1760 4190
3770 5800 1750 4190
3770 5820 1740 4200
3770 5820 1750 4200
3770 5860 1750 4190
3770 5850 1750 4190
3780 5870 1750 4190
3760 5850 1730 4200
3760 5830 1730 4190
3760 5800 1730 4190
3760 5770 1730 4200
3770 5750 1730 4180
3780 5730 1730 4190
3770 5710 1730 4190
3770 5710 1730 4200
3760 5700 1730 4210
3760 5670 1740 4210
3760 5650 1730 4200
3760 5650 1730 4190
3770 5660 1720 4190
3770 5660 1730 4190
3780 5670 1730 4180
3770 5690 1730 4180
3780 5720 1740 4190
3770 5730 1740 4180
3770 5740 1730 4190
3770 5750 1740 4180
3770 5750 1740 4190
3770 5740 1750 4190
3770 5740 1750 4190
3780 5740 1750 4200
3780 5730 1740 4190
3780 5740 1740 4200
3770 5800 1730 4210
3790 5850 1740 4200
3780 5910 1730 4200
3770 5970 1730 4190
3770 6070 1740 4190
3780 5990 1720 4190
3770 5900 1720 4200
3780 5900 1720 4210
3770 5910 1730 4210
3770 5900 1740 4210
3790 5880 1740 4190
3780 5880 1750 4200
3770 5870 1740 4200
3770 5890 1730 4190
3770 5900 1730 4200
3770 5900 1730 4210
3770 5910 1730 4210
3760 5920 1730 4220
3770 5930 1740 4240
3770 5930 1730 4220
3770 5870 1740 4210
3780 5860 1740 4210
3770 5900 1740 4200
3780 5950 1740 4200
3770 5970 1730 4200
3770 5950 1730 4190
3770 5900 1740 4200
3760 5860 1740 4190
3770 5880 1740 4180
3760 5900 1740 4200
3760 5890 1750 4210
3760 5850 1740 4200
3760 5830 1750 4220
3760 5830 1750 4220
3770 5830 1740 4220
3760 5810 1740 4210
3760 5810 1740 4210
3770 5800 1730 4200
3770 5800 1740 4190
3760 5800 1730 4190
3760 5790 1730 4200
3770 5790 1730 4190
