3270 5130 2160 4490
3270 5170 2170 4490
3270 5320 2170 4490
3270 5280 2160 4500
3270 5250 2170 4500
3260 5670 2180 4500
3260 5510 2180 4500
3260 5390 2170 4500
3260 5500 2170 4510
3280 5600 2160 4500
3280 5620 2170 4500
3270 5650 2160 4510
3280 5670 2160 4510
3270 5690 2160 4500
3270 5510 2160 4490
3260 5600 2160 4490
3270 5660 2150 4490
3270 5690 2150 4490
3250 5720 2160 4500
3260 5740 2160 4500
3260 5750 2160 4510
3260 5750 2160 4510
3280 5750 2160 4510
3290 5750 2170 4510
3280 5740 2170 4490
3290 5730 2160 4500
3290 5720 2160 4500
3280 5750 2170 4490
3270 5750 2170 4490
3270 5750 2170 4500
3270 5760 2170 4500
3270 5760 2170 4510
3270 5760 2170 4510
3270 5760 2170 4520
3270 5760 2170 4520
3270 5760 2170 4520
3270 5770 2170 4520
3270 5770 2170 4510
3280 5780 2170 4500
3270 5800 2170 4500
3270 5790 2170 4500
3270 5770 2170 4500
3260 5750 2170 4510
3270 5760 2170 4500
3270 5760 2170 4500
3270 5800 2160 4500
3280 5830 2160 4510
3280 5750 2170 4510
3270 5760 2170 4510
3270 5830 2170 4500
3270 5830 2170 4500
3270 5830 2160 4500
3260 5820 2160 4490
3270 5850 2170 4490
3240 5870 2160 4500
3240 5860 2170 4500
3240 5850 2170 4500
3230 5850 2170 4500
3240 5850 2180 4500
3240 5850 2170 4500
3260 5850 2170 4500
3260 5850 2170 4510
3260 5830 2160 4510
3260 5820 2160 4520
3260 5820 2170 4510
3260 5820 2170 4500
3260 5830 2160 4500
3260 5860 2170 4500
3260 5870 2180 4500
3260 5890 2180 4500
3370 5040 2170 4500
3420 5050 2170 4510
3480 5050 2170 4510
3470 5050 2170 4510
3470 5070 2170 4510
3490 5060 2170 4510
3490 5040 2160 4510
3470 5050 2160 4510
3500 5060 2160 4500
3520 5060 2170 4500
3500 5060 2170 4500
3490 5060 2170 4500
3490 5060 2160 4500
3480 5040 2160 4500
3500 5040 2160 4500
3530 5060 2160 4490
3490 5050 2160 4490
3500 5060 2160 4480
3500 5060 2160 4480
3490 5060 2160 4480
3480 5060 2170 4490
3470 5060 2170 4500
3480 5070 2160 4500
3480 5070 2170 4500
3540 5070 2180 4500
3510 5070 2170 4500
3490 5070 2170 4500
3490 5080 2170 4490
3490 5070 2170 4500
3490 5060 2170 4510
3490 5060 2170 4500
3470 5060 2170 4510
3470 5060 2170 4500
3460 5070 2160 4500
3470 5070 2160 4500
3450 5070 2150 4500
3460 5060 2150 4510
3440 5040 2160 4500
3440 5050 2160 4500
3490 5050 2160 4510
3510 5070 2160 4500
3540 5050 2160 4490
3560 5050 2160 4490
3610 5040 2160 4500
3600 5060 2160 4490
3550 5060 2170 4490
3480 5060 2160 4510
3470 5060 2170 4500
3450 5060 2160 4500
3440 5050 2170 4500
3460 5050 2180 4500
3460 5060 2170 4500
3460 5060 2160 4500
3430 5060 2160 4500
3430 5060 2160 4500
3450 5050 2170 4500
3480 5060 2170 4500
3510 5050 2160 4500
3530 5060 2160 4500
3550 5050 2160 4500
3540 5040 2170 4490
3540 5050 2150 4490
3510 5060 2170 4510
3500 5060 2160 4510
3500 5060 2160 4510
3500 5050 2170 4520
3490 5070 2170 4510
3490 5080 2160 4500
3480 5060 2160 4500
3480 5060 2160 4500
3450 5060 2160 4490
3450 5060 2160 4500
3450 5050 2160 4500
3450 5060 2170 4500
3460 5060 2170 4500
3440 5050 2170 4500
3440 5060 2180 4500
3450 5060 2180 4500
3450 5060 2180 4490
3470 5060 2180 4500
3490 5060 2180 4490
3500 5060 2180 4490
3500 5060 2170 4500
3500 5050 2170 4500
3460 5060 2160 4500
3440 5060 2170 4490
3430 5060 2160 4500
3430 5060 2160 4500
3440 5040 2160 4500
3440 5030 2160 4510
3440 5020 2160 4500
