2800 4750 2840 4770
2800 4750 2890 4760
2800 4750 3010 4770
2800 4750 3050 4760
2800 4750 3060 4760
2810 4750 3020 4760
2820 4750 3150 4760
2830 4750 3190 4770
2830 4750 3270 4760
2830 4750 3210 4760
2830 4760 3160 4750
2840 4750 3050 4750
2840 4750 2960 4750
2830 4750 3130 4760
2820 4740 3220 4760
2810 4740 3230 4760
2810 4740 3210 4760
2810 4730 3200 4770
2810 4750 3170 4770
2810 4740 3160 4770
2810 4750 3160 4770
2810 4750 3160 4760
2810 4750 3170 4770
2810 4750 3230 4770
2810 4760 3680 4780
2810 4750 3490 4780
2810 4750 3500 4780
2810 4750 3300 4770
2810 4750 3110 4760
2810 4750 3100 4760
2820 4740 3150 4760
2810 4750 3110 4760
2830 4750 3060 4760
2820 4750 3060 4760
2820 4750 3070 4760
2800 4750 3080 4760
2790 4740 3100 4760
2810 4740 3130 4760
2810 4740 3170 4760
2810 4740 3210 4760
2810 4740 3260 4760
2810 4740 3250 4760
2830 4740 3180 4760
2820 4740 3100 4760
2820 4740 2980 4760
2820 4730 3100 4750
2810 4740 3190 4750
2810 4740 3280 4760
2820 4740 3380 4760
2810 4730 3210 4770
2810 4740 3110 4760
2810 4750 3050 4760
2810 4750 3020 4760
2820 4740 3000 4760
2820 4750 2960 4760
2820 4750 2950 4760
2830 4760 2930 4760
2830 4760 2900 4760
2820 4760 2850 4760
2820 4760 3010 4760
2820 4750 3150 4750
2820 4750 3200 4750
2820 4750 3200 4750
2810 4750 3220 4750
2820 4740 3080 4760
2820 4740 3010 4760
2820 4750 3200 4770
2820 4740 3200 4780
2800 4730 2980 4780
2810 4740 2840 4770
2820 4740 3170 4770
2800 4750 2960 4770
2820 4750 2920 4770
2820 5310 2590 4750
2810 5280 2590 4750
2820 5210 2590 4760
2810 5160 2600 4760
2820 5130 2590 4760
2810 5120 2590 4760
2830 5100 2590 4770
2810 5070 2590 4780
2810 5060 2600 4780
2810 5050 2600 4780
2820 5150 2600 4780
2820 5200 2600 4780
2820 5120 2610 4780
2810 5010 2610 4770
2820 4950 2610 4770
2800 5420 2600 4750
2800 5500 2600 4760
2800 5560 2600 4750
2790 5580 2610 4750
2810 5600 2600 4760
2810 5600 2600 4760
2810 5600 2600 4760
2810 5600 2600 4750
2810 5570 2600 4750
2810 5440 2600 4750
2810 5380 2600 4750
2810 5380 2610 4750
2810 5390 2610 4750
2820 5350 2610 4760
2820 5310 2610 4750
2820 5280 2610 4760
2810 5260 2600 4760
2800 5260 2600 4750
2800 5240 2600 4750
2820 5260 2600 4760
2820 5270 2590 4760
2820 5260 2590 4770
2820 5250 2600 4760
2820 5230 2600 4760
2820 5200 2600 4760
2820 5180 2600 4760
2820 5170 2600 4750
2820 5180 2600 4750
2820 5210 2600 4750
2810 5310 2600 4760
2810 5280 2600 4770
2810 5250 2610 4770
2810 5240 2590 4760
2830 5290 2590 4760
2830 5310 2590 4760
2830 5320 2590 4750
2830 5230 2600 4750
2820 5130 2600 4750
2820 5110 2610 4750
2810 5180 2600 4740
2820 5010 2600 4740
2820 4980 2600 4750
2820 4970 2600 4750
2830 4940 2600 4750
2830 4940 2600 4750
2830 4940 2600 4750
2830 4950 2610 4750
2830 4970 2600 4750
2830 4990 2600 4750
2830 5020 2600 4750
2830 5020 2600 4750
2830 5020 2600 4760
2830 5020 2590 4760
2830 5010 2590 4760
2820 4970 2590 4760
2830 4940 2590 4770
2830 4910 2590 4770
2820 4910 2590 4760
2820 4910 2590 4760
2820 4930 2590 4750
2810 4940 2600 4750
2820 4960 2600 4760
2830 4990 2600 4760
2820 5030 2590 4760
2810 5010 2590 4760
2810 5000 2590 4760
2810 4970 2590 4770
2820 4950 2590 4760
2820 4950 2590 4760
2820 4980 2590 4760
2820 5020 2600 4750
2820 5060 2610 4760
2800 5010 2610 4760
2810 5000 2610 4760
2830 4980 2600 4760
2830 4970 2590 4760
2830 4970 2590 4760
2840 4970 2590 4760
2840 4970 2590 4760
2830 4970 2590 4760
2810 4960 2590 4760
2820 4950 2590 4760
2820 4960 2580 4760
2820 4970 2600 4760
2820 4970 2600 4750
2810 4970 2590 4760
