2330 5040 3060 5060
2330 4990 3060 5060
2330 5010 3060 5060
2350 5030 3060 5060
2360 4990 3070 5050
2380 5050 3070 5060
2360 5040 3080 5060
2360 5000 3070 5050
2360 5030 3060 5050
2360 5040 3070 5060
2360 5010 3070 5060
2340 5050 3070 5060
2340 5050 3070 5060
2350 5020 3070 5060
2350 5040 3060 5070
2340 4990 3060 5070
2330 5050 3060 5070
2330 5010 3060 5070
2360 5000 3060 5050
2350 5020 3070 5060
2330 5000 3060 5060
2330 5000 3060 5060
2340 5030 3060 5050
2330 5070 3060 5050
2330 5030 3070 5050
2350 5010 3090 5040
2350 5020 3080 5040
2360 5040 3070 5050
2340 5010 3060 5050
2340 5030 3060 5060
2330 4990 3060 5060
2330 5010 3060 5060
2330 5020 3060 5060
2330 5020 3070 5060
2320 5000 3070 5060
2320 5010 3070 5060
2330 5040 3060 5060
2340 5010 3070 5060
2340 4990 3070 5060
2340 5050 3070 5050
2340 5020 3070 5050
2330 5030 3080 5050
2330 4990 3070 5060
2340 5040 3070 5060
2350 5030 3060 5050
2350 5010 3060 5050
2340 4980 3070 5050
2330 5020 3060 5060
2340 5000 3070 5050
2350 4980 3070 5060
2350 5050 3070 5050
2350 5000 3070 5050
2350 5040 3070 5050
2350 5000 3070 5060
2340 5020 3070 5060
2360 4540 3530 5050
2340 4540 3570 5050
2330 4540 3530 5050
2330 4550 3540 5060
2330 4540 3520 5060
2330 4550 3560 5070
2350 4540 3550 5070
2340 4550 3540 5070
2350 4550 3520 5060
2340 4520 3550 5040
2340 4540 3580 5050
2340 4540 3560 5050
2340 4530 3540 5050
2350 4540 3560 5060
2350 4540 3550 5060
2350 4540 3530 5060
2360 4540 3530 5060
2360 4530 3580 5070
2360 4550 3530 5060
2360 4550 3570 5060
2350 4560 3550 5060
2340 4540 3570 5050
2340 4540 3590 5060
2340 4550 3530 5060
2350 4540 3540 5060
2350 4540 3580 5050
2350 4540 3520 5040
2350 4550 3530 5040
2350 4550 3540 5040
2340 4560 3520 5040
2340 4550 3580 5040
2330 4540 3560 5040
2340 4550 3570 5060
2340 4550 3570 5060
2350 4550 3570 5060
2350 4550 3550 5050
2340 4550 3570 5040
2350 4550 3530 5040
2340 4550 3560 5050
2340 4550 3590 5060
2340 4550 3530 5060
2330 4550 3530 5060
2330 4550 3550 5070
2330 4560 3530 5060
2340 4550 3530 5060
2340 4550 3560 5060
2340 4550 3560 5060
2340 4540 3540 5070
2340 4540 3520 5070
2330 4550 3530 5070
2330 4560 3510 5070
2330 4550 3510 5070
2330 4540 3520 5070
2320 4530 3520 5070
2330 4540 3540 5070
2340 4530 3520 5070
2340 4530 3580 5050
2340 4540 3520 5050
2340 4540 3550 5050
2350 4530 3540 5060
2350 4530 3540 5060
2350 4530 3540 5060
2350 4530 3520 5060
2350 4520 3580 5060
2340 4530 3520 5060
2330 4550 3570 5050
2340 4540 3550 5050
2350 4530 3550 5040
2360 4540 3570 5050
2360 4540 3550 5050
2350 4540 3530 5050
2350 4530 3600 5060
2330 4540 3560 5060
2320 4530 3560 5060
2320 4530 3550 5060
2340 4510 3590 5060
2350 4510 3540 5060
2350 4520 3540 5070
2360 4510 3530 5070
2360 4510 3550 5070
2360 4520 3530 5070
