1920 4440 3570 5410
1920 4440 3580 5420
1930 4470 3590 5410
1940 4490 3580 5410
1940 4410 3580 5420
1930 4370 3580 5410
1930 4530 3570 5410
1930 4560 3570 5410
1920 4600 3570 5400
1920 4600 3570 5400
1920 4610 3570 5390
1920 4650 3570 5410
1920 4610 3570 5420
1920 4580 3570 5420
1920 4600 3570 5420
1930 4610 3570 5420
1930 4610 3570 5410
1930 4610 3570 5410
1930 4630 3570 5400
1930 4650 3580 5400
1930 4640 3580 5410
1950 4660 3580 5410
1950 4670 3580 5410
1930 4680 3570 5410
1940 4680 3570 5410
1930 4650 3570 5410
1940 4630 3580 5400
1940 4630 3580 5400
1940 4630 3580 5400
1940 4630 3580 5400
1940 4630 3580 5400
1940 4620 3580 5400
1940 4620 3580 5400
1930 4610 3580 5400
1920 4610 3580 5400
1900 4600 3580 5420
1910 4600 3570 5410
1910 4600 3570 5410
1920 4600 3580 5410
1920 4600 3580 5410
1910 4600 3580 5410
1930 4600 3580 5410
1920 4600 3580 5400
1920 4540 3580 5410
1910 4550 3570 5400
1930 4530 3570 5410
1940 4550 3570 5410
1940 4580 3570 5410
1940 4550 3570 5410
1930 4550 3570 5410
1920 4560 3570 5400
1920 4560 3570 5400
1930 4570 3570 5400
1940 4600 3570 5400
1940 4600 3570 5400
1940 4630 3570 5400
1940 4660 3570 5400
1930 4700 3580 5410
1940 4700 3580 5400
1940 4700 3580 5400
1940 4690 3580 5400
1920 4650 3580 5410
1920 4620 3570 5410
1930 4600 3570 5410
1920 4660 3570 5410
1930 4710 3570 5410
1930 4660 3580 5410
1920 4640 3580 5410
1920 4610 3580 5410
1910 4580 3580 5400
1910 4580 3580 5400
1910 4600 3580 5400
1920 4610 3580 5410
1930 4640 3580 5400
1930 4640 3580 5400
1990 4300 3580 5440
2430 4310 3570 5420
2390 4310 3570 5420
2370 4310 3570 5420
2270 4300 3570 5420
2200 4300 3580 5420
2210 4310 3580 5420
2200 4310 3580 5420
2200 4310 3580 5420
2190 4300 3580 5420
2190 4300 3580 5420
2190 4310 3580 5420
2230 4310 3580 5420
2260 4310 3570 5420
2280 4310 3570 5410
2340 4310 3580 5410
2390 4310 3580 5420
2520 4320 3580 5420
2500 4310 3580 5410
2480 4310 3570 5410
2550 4310 3570 5410
2630 4310 3570 5410
2620 4300 3570 5410
2570 4310 3570 5410
2490 4290 3570 5430
2450 4290 3570 5420
2480 4300 3570 5410
2460 4300 3580 5420
2450 4310 3580 5410
2440 4310 3580 5410
2420 4300 3580 5410
2370 4310 3580 5420
2350 4310 3580 5420
2340 4300 3580 5420
2340 4290 3580 5410
2350 4310 3580 5410
2350 4310 3580 5420
2320 4290 3580 5420
2290 4300 3580 5420
2290 4310 3580 5420
2310 4310 3580 5420
2300 4310 3580 5420
2330 4300 3580 5420
2370 4290 3580 5420
2390 4290 3580 5420
2390 4290 3580 5420
2380 4300 3580 5430
2370 4310 3580 5420
2370 4300 3580 5410
2370 4300 3580 5410
2370 4300 3580 5400
2370 4300 3580 5420
2360 4300 3580 5420
2360 4300 3580 5420
2360 4320 3580 5430
2370 4310 3580 5430
2390 4300 3580 5430
2250 4300 3580 5430
2320 4300 3580 5430
2340 4290 3590 5420
2330 4300 3580 5410
2380 4290 3580 5410
2460 4300 3580 5410
2520 4310 3570 5420
2470 4300 3570 5420
2520 4310 3570 5420
2480 4310 3570 5430
2460 4310 3570 5430
2490 4300 3570 5430
2500 4310 3570 5430
2480 4300 3570 5430
2450 4300 3580 5430
2460 4300 3580 5430
2480 4310 3580 5420
2450 4320 3580 5410
2470 4320 3580 5410
2490 4320 3580 5410
2520 4320 3580 5410
2360 4320 3580 5410
2450 4320 3580 5410
2500 4320 3580 5410
2540 4320 3580 5410
2560 4320 3570 5410
2530 4310 3580 5400
2400 4310 3580 5400
2370 4300 3580 5410
2430 4310 3580 5410
2470 4310 3590 5410
2470 4310 3590 5420
2480 4300 3580 5420
2520 4300 3590 5420
