4690 5420 1920 3590
4740 5420 1930 3590
4710 5410 1930 3580
4710 5410 1930 3580
4710 5400 1930 3570
4690 5400 1920 3580
4750 5400 1930 3580
4720 5410 1930 3600
4750 5410 1920 3590
4750 5400 1920 3580
4730 5400 1940 3590
4720 5400 1930 3590
4740 5400 1930 3580
4720 5420 1940 3590
4680 5400 1920 3580
4710 5420 1910 3590
4690 5410 1910 3590
4710 5400 1940 3570
4750 5410 1930 3570
4690 5410 1950 3570
4710 5400 1940 3580
4710 5400 1950 3600
4720 5390 1940 3590
4720 5400 1940 3580
4750 5400 1940 3600
4690 5410 1920 3590
4720 5420 1930 3580
4750 5420 1930 3580
4750 5410 1920 3580
4760 5410 1940 3580
4740 5410 1950 3570
4750 5420 1950 3580
4690 5410 1950 3580
4710 5420 1920 3610
4690 5430 1950 3600
4750 5420 1950 3590
4750 5430 1950 3590
4690 5420 1940 3580
4750 5420 1940 3580
4690 5420 1940 3580
4700 5410 1930 3580
4690 5390 1920 3580
4690 5390 1920 3580
4760 5400 1910 3580
4690 5400 1920 3590
4740 5400 1930 3590
4730 5400 1930 3580
4690 5390 1920 3590
4690 5400 1930 3590
4750 5400 1920 3590
4690 5400 1930 3580
4730 5410 1920 3580
4710 5410 1910 3590
4690 5410 1910 3590
4750 5410 1920 3600
4710 5400 1940 3600
4700 5390 1940 3600
4730 5410 1930 3600
4730 5420 1920 3610
4690 5420 1910 3610
4770 5410 1940 3600
4710 5410 1930 3580
4710 5400 1920 3580
4700 5400 1910 3600
4740 5400 1930 3590
4680 5410 1920 3590
4730 5410 1920 3590
4710 5410 1950 3600
4730 5410 1950 3600
4750 5420 1950 3600
4710 5430 1950 3580
4710 5410 1960 3590
4750 5400 1950 3600
4690 5410 1940 3590
4740 5420 1930 3590
4710 5420 1930 3590
4750 5410 1960 3580
4230 5950 1950 3580
4230 5880 1940 3590
4230 5890 1930 3580
4230 5860 1930 3590
4240 5860 1950 3600
4230 5920 1950 3590
4230 5880 1930 3580
4240 5870 1940 3590
4250 5930 1940 3590
4240 5890 1950 3580
4240 5890 1940 3580
4240 5890 1940 3590
4240 5930 1940 3590
4240 5940 1940 3580
4240 5880 1920 3590
4230 5880 1920 3580
4240 5950 1920 3580
4240 5940 1930 3580
4240 5870 1930 3570
4230 5930 1940 3560
4230 5890 1930 3580
4240 5890 1940 3580
4230 5900 1930 3580
4230 5940 1940 3590
4230 5890 1940 3580
4230 5870 1940 3580
4230 5890 1930 3600
4230 5920 1950 3590
4230 5920 1940 3600
4230 5860 1940 3600
4230 5860 1930 3610
4220 5860 1920 3610
4220 5900 1930 3600
4230 5910 1920 3590
4230 5860 1930 3580
4230 5880 1940 3580
4240 5890 1920 3580
4240 5870 1930 3580
4230 5890 1930 3590
4230 5920 1920 3580
4240 5920 1940 3570
4240 5920 1930 3570
4240 5900 1920 3570
4240 5930 1940 3580
4230 5930 1930 3580
4240 5920 1930 3570
4230 5870 1930 3570
4230 5870 1920 3600
4230 5890 1930 3580
4240 5900 1950 3580
4240 5880 1950 3580
4230 5910 1950 3590
4230 5910 1950 3600
4220 5890 1950 3600
4230 5920 1920 3590
4240 5890 1920 3610
4230 5920 1920 3610
4230 5890 1920 3610
4230 5860 1920 3600
4230 5930 1920 3590
4240 5860 1910 3590
4240 5930 1910 3590
4250 5880 1920 3590
4240 5910 1930 3580
4230 5850 1950 3580
4230 5850 1950 3600
4230 5870 1940 3590
4240 5920 1930 3580
4240 5850 1920 3580
4240 5920 1910 3600
4240 5910 1930 3600
4240 5910 1930 3580
4230 5910 1930 3580
4220 5920 1930 3590
4230 5900 1940 3580
