1560 4170 4070 6170
1560 4170 4070 6170
1550 4170 4070 6060
1540 4170 4070 6140
1550 4170 4060 6180
1560 4170 4070 6190
1570 4170 4070 6210
1570 4170 4070 6230
1570 4180 4070 6320
1560 4170 4060 6350
1560 4170 4060 6340
1570 4170 4070 6350
1580 4170 4080 6340
1590 4180 4080 6250
1570 4190 4080 6220
1570 4200 4080 6200
1560 4190 4080 6190
1550 4180 4070 6200
1560 4180 4080 6220
1550 4170 4070 6190
1540 4180 4080 6180
1540 4180 4080 6140
1560 4180 4060 6130
1570 4180 4060 6210
1580 4170 4060 6160
1580 4170 4070 6170
1560 4170 4070 6190
1570 4180 4070 6180
1580 4180 4070 6170
1580 4180 4080 6140
1570 4180 4090 6130
1580 4170 4090 6140
1590 4190 4060 6230
1570 4180 4060 6250
1580 4180 4060 6200
1580 4170 4060 6160
1570 4170 4060 7230
1580 4170 4060 6860
1580 4170 4060 6590
1580 4180 4070 6420
1570 4180 4080 6310
1560 4160 4070 6190
1560 4160 4070 6100
1560 4170 4070 6050
1580 4170 4070 6050
1570 4170 4080 6060
1580 4170 4070 6060
1570 4170 4080 6040
1580 4170 4070 6010
1580 4180 4080 6010
1570 4170 4080 6010
1570 4170 4080 6030
1560 4170 4080 6030
1570 4170 4080 5980
1580 4180 4080 6000
1570 4180 4070 6070
1570 4180 4070 6120
1580 4170 4070 6140
1560 4170 4070 6170
1550 4180 4070 6170
1560 4180 4070 6130
1580 4190 4070 6170
1580 4190 4070 6160
1560 4180 4070 6160
1560 4180 4080 6090
1550 4180 4080 6170
1570 4190 4070 6220
1580 4180 4070 6230
1580 4180 4070 6230
1580 4170 4080 6250
1570 4170 4070 6250
1560 4170 4060 6240
1590 4220 4060 5740
1580 4240 4060 5740
1590 4260 4050 5740
1580 4370 4040 5730
1570 4560 4050 5730
1560 4680 4060 5730
1550 4690 4060 5730
1570 4720 4060 5730
1570 4700 4060 5730
1570 4670 4070 5730
1570 4640 4060 5730
1560 4700 4060 5730
1560 4720 4070 5740
1560 4720 4080 5740
1570 4740 4080 5740
1560 4750 4080 5740
1570 4770 4070 5740
1570 4810 4070 5740
1560 4850 4070 5740
1560 4660 4070 5740
1550 4720 4070 5740
1580 4760 4060 5740
1550 4790 4070 5740
1560 4800 4080 5740
1560 4830 4080 5740
1560 4730 4080 5730
1560 4570 4080 5730
1580 4450 4080 5740
1590 4400 4080 5740
1580 4380 4080 5740
1580 4350 4070 5750
1570 4330 4070 5750
1570 4320 4070 5750
1570 4320 4070 5750
1580 4370 4060 5740
1590 4380 4060 5740
1580 4390 4060 5740
1580 4390 4060 5740
1550 4370 4070 5740
1550 4360 4070 5740
1560 4350 4060 5750
1570 4340 4060 5750
1560 4360 4060 5750
1560 4380 4070 5750
1580 4390 4070 5750
1570 4380 4070 5750
1550 4370 4070 5750
1560 4440 4070 5750
1560 4500 4070 5750
1560 4570 4070 5750
1570 4620 4080 5750
1550 4640 4070 5750
1570 4550 4070 5750
1560 4500 4070 5740
1580 4460 4070 5740
1580 4420 4070 5750
1570 4400 4070 5740
1570 4390 4080 5740
1570 4450 4070 5730
1570 4570 4070 5740
1550 4440 4070 5740
1570 4430 4070 5740
1560 4440 4070 5740
1560 4470 4070 5740
1570 4410 4070 5740
1570 4380 4070 5740
1570 4370 4080 5740
1570 4380 4080 5740
1560 4370 4080 5740
1560 4360 4080 5740
1580 4370 4070 5740
1580 4370 4080 5740
1580 4360 4080 5740
