1300 4680 4550 6090
1290 4640 4550 6090
1290 4680 4550 6090
1290 4640 4550 6090
1290 4660 4550 6090
1280 4670 4550 6100
1280 4690 4550 6100
1270 4650 4550 6100
1280 4690 4550 6100
1290 4690 4550 6100
1290 4690 4550 6100
1290 4660 4550 6100
1260 4620 4560 6090
1270 4680 4550 6090
1280 4680 4550 6090
1290 4640 4550 6080
1280 4630 4550 6100
1290 4670 4550 6100
1290 4630 4550 6100
1300 4630 4560 6100
1300 4600 4570 6100
1290 4670 4550 6090
1290 4610 4550 6090
1280 4670 4550 6090
1270 4640 4550 6090
1280 4670 4550 6090
1290 4630 4550 6090
1300 4660 4550 6090
1300 4680 4550 6090
1290 4630 4550 6090
1290 4680 4550 6090
1290 4620 4550 6090
1290 4620 4550 6090
1300 4680 4550 6090
1300 4630 4550 6090
1310 4630 4550 6090
1310 4670 4550 6090
1300 4630 4550 6090
1280 4670 4550 6090
1280 4660 4550 6090
1290 4660 4550 6090
1280 4680 4550 6090
1270 4630 4550 6090
1280 4660 4550 6090
1290 4630 4540 6090
1290 4650 4550 6090
1310 4650 4550 6090
1310 4610 4540 6090
1310 4620 4540 6090
1300 4640 4540 6090
1300 4670 4540 6090
1300 4620 4540 6090
1310 4670 4550 6100
1310 4680 4550 6100
1310 4610 4550 6100
1310 4650 4550 6100
1310 4660 4550 6100
1310 4620 4550 6090
1290 4660 4550 6090
1290 4610 4550 6090
1290 4630 4550 6100
1290 4600 4550 6100
1280 4620 4550 6090
1280 4620 4550 6090
1280 4640 4550 6090
1290 4660 4550 6090
1290 4630 4560 6090
1280 4610 4550 6090
1270 4640 4550 6090
1290 4640 4550 6090
1290 4670 4550 6090
1300 4610 4550 6090
1290 4630 4550 6090
1300 4670 4550 6090
1290 4640 4550 6090
1270 4150 4550 6550
1280 4160 4550 6610
1280 4150 4550 6570
1290 4150 4550 6570
1300 4160 4550 6590
1300 4160 4550 6560
1290 4170 4550 6540
1300 4160 4550 6580
1290 4160 4550 6600
1290 4170 4550 6590
1280 4150 4550 6550
1280 4150 4550 6550
1290 4160 4550 6620
1280 4170 4550 6560
1290 4150 4550 6550
1280 4140 4550 6620
1280 4140 4550 6580
1290 4140 4550 6620
1290 4150 4550 6570
1290 4140 4550 6550
1280 4140 4550 6570
1280 4140 4550 6570
1270 4160 4550 6570
1270 4160 4550 6550
1290 4160 4550 6580
1290 4150 4550 6580
1280 4150 4550 6590
1270 4140 4550 6550
1290 4150 4540 6610
1260 4140 4540 6590
1290 4150 4540 6570
1270 4140 4530 6550
1270 4130 4540 6590
1270 4150 4540 6570
1290 4150 4540 6550
1290 4140 4540 6560
1280 4130 4540 6550
1290 4150 4550 6570
1270 4140 4550 6570
1270 4140 4550 6540
1260 4150 4550 6560
1270 4150 4550 6540
1290 4160 4550 6580
1290 4150 4550 6560
1280 4150 4550 6600
1290 4150 4550 6570
1290 4140 4550 6550
1290 4150 4540 6610
1290 4150 4550 6590
1290 4150 4540 6610
1270 4140 4540 6550
1290 4130 4540 6570
1290 4130 4550 6570
1290 4130 4550 6550
1280 4130 4550 6570
1290 4130 4550 6550
1300 4150 4540 6570
1310 4150 4540 6590
1310 4150 4550 6570
1310 4160 4540 6570
1310 4150 4540 6550
