1680 3610 5020 5790
1670 3610 5060 5780
1690 3630 5990 5780
1690 3630 5980 5790
1690 3630 6480 5780
1690 3630 6170 5780
1680 3630 6170 5770
1680 3630 6050 5770
1670 3620 5730 5790
1670 3620 6190 5790
1660 3620 6650 5780
1670 3620 6990 5780
1670 3620 7230 5790
1660 3620 6590 5790
1660 3610 6140 5790
1670 3620 5830 5790
1670 3620 5610 5790
1690 3610 5450 5790
1690 3610 5340 5800
1700 3610 5260 5790
1710 3620 5090 5800
1690 3610 5090 5800
1690 3620 5090 5800
1690 3630 5090 5800
1690 3630 5080 5800
1700 3630 5080 5800
1690 3630 5100 5790
1690 3630 5110 5790
1670 3630 5150 5780
1680 3630 5170 5790
1680 3630 5190 5790
1680 3630 5180 5790
1680 3630 5170 5790
1700 3620 5180 5780
1700 3620 5130 5770
1690 3620 5210 5770
1690 3620 5350 5770
1680 3620 5400 5770
1680 3620 5320 5760
1680 3620 5270 5760
1680 3620 5250 5770
1680 3620 5210 5780
1680 3630 5100 5790
1690 3630 5070 5790
1680 3630 5060 5780
1670 3630 5040 5780
1690 3630 5020 5780
1700 3630 5020 5780
1710 3620 5030 5780
1700 3620 5050 5780
1690 3610 5050 5770
1680 3620 5040 5770
1690 3630 5030 5780
1680 3620 5010 5780
1690 3620 4990 5780
1690 3620 4970 5780
1690 3620 4960 5790
1690 3620 4960 5790
1670 3630 4960 5780
1680 3630 4950 5790
1690 3630 4960 5790
1690 3630 4960 5800
1700 3620 5000 5790
1680 3630 4980 5770
1680 3630 4990 5770
1680 3620 5020 5770
1680 3620 5020 5770
1680 3620 5030 5770
1690 3610 5070 5770
1680 3610 5070 5780
1680 3610 5060 5770
1690 3610 5060 5770
1700 3620 5050 5790
1700 3620 5190 5790
1690 3620 5120 5780
1690 3620 5080 5780
1680 3620 5050 5770
1680 3620 5150 5780
1670 3620 5350 5790
1680 3610 5260 5790
1680 3600 5140 5780
1690 3600 5130 5800
1690 3620 5070 5800
1670 3620 5040 5790
1690 3620 5030 5790
1680 3620 5230 5790
1670 3620 5190 5790
1670 3620 5180 5790
1660 3620 5110 5790
1810 3630 4740 5770
1810 3620 4740 5770
2010 3620 4750 5760
2000 3620 4750 5760
1980 3620 4740 5780
1960 3630 4740 5770
1920 3630 4740 5780
1850 3620 4740 5780
1800 3610 4740 5790
1800 3610 4740 5780
1860 3610 4740 5780
1950 3610 4730 5770
1960 3620 4740 5780
1950 3620 4730 5790
1940 3610 4730 5790
1950 3610 4730 5770
1900 3620 4730 5780
1860 3620 4730 5780
1880 3620 4740 5780
1870 3620 4740 5780
1840 3620 4740 5780
1900 3620 4750 5780
2020 3620 4730 5780
2160 3620 4730 5770
1940 3610 4730 5770
1940 3610 4740 5770
1920 3610 4740 5770
1920 3610 4740 5780
1910 3600 4740 5780
1900 3610 4740 5780
1890 3610 4740 5780
1910 3610 4750 5790
1910 3610 4750 5790
1910 3620 4750 5790
1910 3620 4750 5780
1910 3610 4750 5790
1910 3620 4740 5790
1910 3620 4730 5790
1880 3610 4740 5770
1880 3610 4730 5770
1870 3610 4730 5780
1850 3600 4730 5780
1850 3600 4730 5780
1840 3600 4750 5780
1840 3600 4750 5790
1860 3600 4740 5800
1880 3600 4740 5800
1880 3600 4730 5800
1860 3610 4730 5800
1850 3600 4730 5780
1780 3600 4730 5780
1920 3610 4730 5790
1890 3610 4730 5790
1890 3620 4730 5800
1930 3620 4730 5800
1970 3610 4730 5790
1980 3610 4730 5800
1950 3620 4740 5790
1910 3610 4730 5790
1850 3610 4740 5790
1840 3610 4740 5800
2020 3610 4740 5810
2040 3610 4750 5810
2060 3610 4740 5810
2090 3600 4740 5810
2110 3620 4740 5810
2010 3620 4740 5800
2060 3620 4740 5800
1990 3620 4750 5800
1950 3620 4750 5800
1980 3620 4740 5790
2020 3620 4740 5780
1970 3620 4730 5780
1920 3620 4730 5790
1860 3630 4720 5780
1850 3620 4740 5770
1890 3620 4730 5780
2310 3620 4730 5770
