1870 4180 4210 5450
1870 4190 4220 5450
1870 4180 4220 5460
1860 4180 4220 5460
1870 4190 4220 5460
1890 4200 4220 5460
1840 4230 4220 5460
1830 4200 4210 5460
1820 4230 4210 5460
1820 4170 4210 5460
1850 4170 4210 5460
1850 4240 4210 5460
1830 4170 4210 5460
1850 4170 4220 5460
1870 4190 4220 5450
1880 4250 4220 5450
1880 4220 4220 5450
1870 4210 4220 5450
1870 4180 4220 5450
1880 4200 4220 5450
1870 4220 4220 5450
1860 4200 4220 5450
1850 4190 4220 5450
1840 4180 4220 5450
1850 4220 4220 5450
1840 4200 4210 5440
1830 4220 4210 5450
1830 4200 4210 5450
1850 4200 4200 5450
1860 4180 4200 5450
1840 4240 4200 5450
1860 4260 4210 5450
1860 4240 4220 5450
1880 4240 4220 5450
1880 4230 4220 5460
1860 4210 4220 5450
1860 4170 4220 5450
1880 4180 4220 5450
1900 4180 4220 5460
1890 4200 4220 5460
1890 4200 4210 5460
1900 4250 4210 5460
1890 4190 4210 5460
1890 4200 4210 5460
1860 4210 4210 5460
1870 4200 4210 5450
1870 4220 4210 5450
1860 4230 4220 5450
1850 4250 4210 5450
1850 4190 4210 5450
1860 4190 4210 5450
1880 4190 4220 5450
1860 4210 4220 5460
1860 4230 4220 5460
1840 4190 4210 5460
1850 4220 4220 5460
1880 4210 4210 5450
1870 4200 4210 5450
1870 4180 4210 5450
1860 4240 4220 5450
1850 4220 4220 5450
1860 4190 4220 5450
1870 4180 4220 5450
1880 4210 4220 5450
1860 4220 4220 5450
1870 4230 4210 5440
1870 4190 4200 5440
1890 4200 4200 5440
1870 4210 4210 5440
1870 4200 4210 5440
1840 4210 4210 5450
1860 4250 4210 5460
1870 4210 4210 5460
1890 4230 4220 5460
1880 4200 4220 5460
1880 4220 4210 5460
1870 4180 4220 5440
1870 4220 4210 5440
1870 4180 4210 5440
1880 4170 4210 5440
1900 4230 4210 5440
1890 4170 4210 5440
1900 4210 4200 5440
1900 4180 4190 5450
1890 4200 4200 5450
1890 4170 4220 5450
1880 4230 4210 5450
1870 4170 4200 5450
1870 4200 4210 5450
1870 4200 4210 5450
1870 4240 4210 5450
1870 4200 4210 5450
1870 4230 4210 5450
1870 4250 4210 5450
1860 4240 4210 5440
1860 4220 4220 5450
1860 4200 4220 5450
1860 4200 4220 5460
1880 4200 4220 5460
1880 4240 4220 5460
1890 4210 4220 5460
1870 4240 4220 5460
1870 4210 4220 5460
1890 4190 4210 5450
1860 3710 4660 5450
1870 3710 4690 5450
1860 3730 4690 5450
1850 3720 4700 5440
1870 3730 4720 5440
1880 3720 4690 5440
1860 3720 4730 5440
1880 3720 4670 5440
1890 3720 4710 5450
1890 3730 4670 5450
1870 3730 4690 5450
1860 3730 4710 5450
1870 3720 4710 5450
1880 3720 4690 5460
1880 3710 4720 5460
1880 3710 4670 5470
1880 3720 4670 5460
1890 3730 4690 5460
1880 3720 4690 5460
1870 3750 4680 5460
1880 3740 4670 5460
1860 3720 4650 5450
1860 3730 4650 5450
1860 3730 4670 5450
1850 3740 4650 5450
1860 3720 4670 5450
1860 3720 4660 5440
1860 3720 4690 5450
1870 3710 4670 5450
1870 3710 4680 5450
1880 3700 4680 5450
1880 3700 4740 5440
1880 3710 4690 5440
1870 3710 4660 5440
1860 3720 4700 5440
1870 3720 4680 5440
1870 3720 4660 5440
1850 3720 4690 5440
1850 3720 4670 5440
1860 3740 4680 5440
1870 3750 4730 5450
1850 3750 4730 5450
1850 3750 4670 5450
1850 3740 4740 5450
1870 3720 4700 5460
1870 3720 4720 5460
1870 3720 4720 5460
1860 3720 4730 5470
1860 3720 4710 5460
1860 3720 4670 5460
1850 3720 4690 5460
1850 3710 4670 5460
1880 3720 4660 5450
1860 3720 4700 5450
1860 3720 4720 5450
1860 3720 4710 5450
1850 3730 4680 5460
1870 3740 4680 5460
1870 3720 4730 5460
1890 3720 4720 5450
1870 3730 4680 5450
1860 3710 4700 5450
1860 3730 4700 5450
1890 3720 4690 5460
1900 3720 4730 5460
1880 3720 4690 5450
1870 3720 4730 5450
1880 3720 4670 5450
1860 3720 4660 5450
1850 3730 4710 5460
1830 3720 4700 5450
1840 3740 4670 5440
1830 3750 4660 5440
1840 3740 4720 5450
1850 3720 4700 5450
1880 3720 4720 5450
1870 3730 4710 5450
1870 3730 4680 5450
1880 3730 4710 5450
1880 3750 4700 5450
1860 3740 4690 5450
1860 3740 4750 5450
1870 3730 4690 5450
1870 3730 4720 5450
1880 3720 4750 5450
1870 3730 4710 5450
1880 3730 4690 5450
1870 3720 4740 5450
