2170 3870 3790 5190
2190 3880 3790 5260
2200 3880 3790 5340
2200 3880 3790 5300
2200 3880 3790 5260
2200 3870 3790 5390
2200 3870 3780 5450
2200 3880 3780 5510
2200 3880 3780 5660
2200 3870 3780 5670
2200 3890 3780 5540
2200 3890 3780 5480
2190 3900 3780 5440
2180 3890 3780 5400
2200 3870 3770 5370
2200 3870 3770 5360
2190 3880 3770 5370
2180 3880 3770 5390
2200 3880 3770 5400
2210 3880 3770 5410
2210 3890 3770 5410
2200 3890 3770 5410
2200 3890 3770 5410
2200 3890 3770 5390
2190 3870 3780 5410
2190 3880 3780 5390
2190 3880 3780 5370
2200 3880 3780 5360
2180 3880 3780 5370
2200 3880 3780 5380
2200 3870 3780 5410
2200 3870 3780 5410
2210 3880 3780 5420
2180 3880 3780 5390
2200 3870 3780 5380
2190 3890 3780 5400
2180 3880 3780 5410
2180 3870 3780 5420
2190 3870 3780 5420
2190 3870 3780 5430
2190 3890 3780 5440
2180 3880 3770 5430
2180 3880 3770 5390
2210 3870 3770 5320
2210 3880 3770 5290
2220 3870 3770 5290
2220 3880 3780 5270
2230 3890 3780 5250
2220 3880 3780 5240
2200 3890 3780 5240
2200 3880 3780 5240
2200 3880 3780 5240
2190 3880 3780 5250
2200 3870 3780 5280
2190 3870 3780 5290
2190 3870 3790 5330
2210 3870 3790 5370
2210 3880 3790 5360
2210 3880 3790 5340
2210 3880 3780 5360
2220 3880 3780 5480
2210 3880 3780 5450
2200 3880 3790 5420
2210 3880 3790 5420
2210 3890 3780 5410
2210 3880 3780 5400
2210 3880 3780 5400
2220 3880 3780 5400
2170 3880 3920 5020
2190 3880 4070 5030
2190 3880 4300 5030
2210 3890 4650 5040
2220 3880 4640 5050
2190 3880 4420 5050
2190 3870 4410 5050
2190 3870 4510 5050
2190 3870 4630 5040
2190 3880 4670 5050
2210 3880 4490 5060
2200 3890 4370 5060
2220 3870 4600 5060
2200 3880 4690 5060
2200 3880 4740 5060
2180 3880 4780 5060
2170 3880 4790 5060
2180 3880 4780 5040
2170 3880 4720 5040
2190 3890 4740 5040
2190 3870 4380 5040
2190 3880 4250 5040
2210 3880 4150 5040
2210 3880 4140 5040
2210 3880 4170 5040
2210 3880 4170 5040
2200 3870 4610 5040
2190 3870 4680 5050
2190 3870 4700 5050
2200 3870 4850 5050
2180 3880 4880 5050
2180 3880 5000 5040
2200 3880 4860 5040
2190 3880 4760 5040
2210 3870 4720 5040
2180 3880 4690 5040
2200 3880 4640 5040
2200 3890 4770 5040
2200 3890 4880 5040
2200 3880 4780 5040
2210 3890 4690 5040
2220 3890 4800 5040
2200 3890 4990 5040
2200 3880 4990 5050
2200 3880 5390 5050
2200 3870 5060 5060
2180 3880 4750 5060
2200 3880 4510 5050
2200 3880 4400 5050
2210 3890 4260 5040
2220 3890 4160 5050
2220 3890 4090 5050
2200 3890 4050 5050
2190 3890 4040 5050
2200 3900 4210 5050
2200 3900 4400 5050
2170 3880 4620 5050
2170 3890 4640 5050
2190 3880 4630 5050
2210 3890 4670 5040
2210 3890 4730 5040
2200 3880 5500 5040
2190 3890 5190 5050
2200 3890 4980 5050
2200 3890 4820 5050
2190 3900 4670 5050
2170 3900 4730 5050
2170 3900 4790 5060
2180 3890 4800 5060
2200 3890 4750 5060
2210 3890 4790 5050
