2560 4100 3290 4790
2560 4110 3280 4990
2560 4110 3280 4980
2560 4110 3280 4920
2560 4120 3280 4890
2560 4120 3280 4880
2560 4110 3280 4880
2560 4110 3270 4860
2560 4100 3270 4850
2560 4090 3270 4850
2560 4090 3280 4850
2560 4090 3280 4840
2560 4090 3270 4830
2560 4080 3280 4820
2560 4090 3280 4830
2550 4080 3280 4830
2550 4090 3280 4830
2550 4110 3280 4820
2550 4110 3280 4810
2550 4110 3290 4820
2550 4110 3290 4810
2550 4110 3290 4810
2550 4110 3290 4810
2550 4110 3280 4820
2540 4090 3280 4870
2540 4090 3290 4860
2550 4090 3290 4860
2550 4090 3290 4870
2560 4090 3300 4870
2560 4090 3290 4860
2560 4100 3290 4860
2550 4100 3300 4850
2550 4100 3300 4850
2550 4090 3290 4840
2540 4100 3290 4830
2550 4100 3280 4840
2550 4110 3290 4870
2560 4100 3290 4870
2560 4100 3290 4870
2550 4100 3290 4890
2550 4100 3290 4880
2550 4100 3290 4870
2550 4080 3300 4870
2550 4090 3280 4880
2550 4090 3280 4880
2550 4090 3280 4880
2550 4100 3280 4880
2560 4090 3270 4890
2560 4090 3280 4890
2560 4090 3290 4880
2560 4090 3290 4880
2560 4090 3290 4880
2560 4100 3300 4870
2560 4100 3290 4860
2550 4100 3290 4850
2550 4100 3300 4830
2550 4100 3300 4880
2550 4090 3290 4870
2570 4100 3290 4880
2550 4100 3300 4940
2550 4100 3300 4940
2560 4110 3290 5140
2560 4110 3290 5160
2550 4100 3290 5140
2550 4100 3290 5110
2560 4100 3290 5070
2550 4100 3290 5100
2540 4090 3290 5100
2540 4080 3290 5090
2550 4090 3290 5050
2550 4100 3290 5080
2550 4090 3290 5080
2550 4100 3290 5050
2540 4110 3290 5000
2550 4640 3290 4690
2540 4670 3290 4700
2540 4610 3290 4700
2550 4480 3290 4700
2550 4490 3290 4710
2550 4470 3290 4710
2560 4450 3290 4710
2560 4520 3290 4710
2560 4610 3280 4700
2560 4660 3280 4700
2550 4760 3280 4700
2570 4810 3280 4710
2550 4810 3280 4710
2550 4810 3290 4710
2550 4820 3290 4710
2550 4810 3290 4700
2550 4830 3290 4700
2550 4840 3290 4700
2550 4760 3290 4700
2550 4890 3290 4700
2540 4960 3280 4710
2550 5030 3290 4710
2550 5100 3290 4710
2560 5040 3290 4700
2560 4950 3290 4700
2560 4790 3290 4700
2560 4720 3290 4690
2550 4670 3290 4690
2550 4600 3290 4700
2550 4540 3290 4710
2550 4580 3280 4710
2550 4650 3280 4710
2560 4740 3280 4710
2560 4790 3280 4710
2560 4850 3290 4710
2570 4840 3290 4700
2570 4830 3290 4700
2560 4810 3290 4700
2570 4790 3280 4700
2570 4780 3280 4700
2560 4660 3290 4700
2560 4740 3290 4700
2560 4890 3290 4710
2570 4960 3280 4710
2570 4990 3280 4710
2570 4830 3290 4710
2570 4800 3290 4710
2570 4820 3290 4710
2580 4800 3280 4710
2590 4710 3280 4710
2580 4630 3280 4710
2580 4570 3280 4690
2580 4520 3280 4690
2580 4500 3280 4690
2590 4500 3280 4690
2580 4520 3280 4690
2580 4580 3280 4690
2580 4650 3280 4690
2580 4680 3280 4700
2580 4730 3280 4700
2580 4670 3280 4700
2580 4610 3270 4700
2580 4570 3270 4700
2590 4530 3270 4710
2590 4490 3280 4700
2580 4440 3280 4690
2570 4480 3290 4700
2570 4540 3290 4690
2570 4540 3290 4690
2570 4720 3290 4700
2570 4720 3300 4710
2550 4660 3280 4710
2550 4950 3280 4710
2560 4830 3280 4710
2560 4950 3290 4710
2570 4830 3290 4710
2560 4650 3290 4700
2560 4700 3290 4700
2570 4610 3290 4710
2570 4800 3290 4710
2570 4700 3290 4710
2570 4620 3290 4710
2570 4460 3290 4710
2560 4600 3300 4690
2560 4500 3300 4680
2550 4560 3300 4680
2550 4480 3300 4690
2560 4510 3290 4690
2560 4470 3290 4690
2560 4410 3290 4700
2560 4330 3290 4700
2550 4240 3280 4700
2550 4210 3280 4700
2550 4200 3280 4700
2550 4220 3280 4690
2550 4400 3280 4690
2550 4440 3290 4690
2550 4420 3290 4690
2550 4410 3290 4700
2550 4450 3300 4700
2550 4420 3290 4690
2540 4410 3280 4690
