2990 4490 2830 4410
2990 4460 2840 4410
2980 4440 2830 4400
2980 4450 2840 4410
2970 4430 2840 4400
2970 4450 2830 4410
2970 4460 2840 4410
2980 4480 2850 4400
2970 4480 2850 4400
2980 4490 2840 4400
2980 4510 2850 4410
2970 4540 2850 4400
2970 4560 2850 4400
2970 4560 2850 4390
2980 4550 2850 4400
2990 4560 2840 4400
3000 4550 2850 4400
3000 4580 2840 4400
2990 4540 2840 4400
3000 4560 2840 4410
2990 4550 2850 4400
2980 4510 2850 4400
2990 4510 2830 4400
3000 4530 2840 4410
3000 4530 2840 4410
2990 4540 2840 4410
3000 4570 2840 4420
2990 4600 2830 4410
3000 4570 2830 4410
2990 4560 2840 4420
3000 4570 2840 4420
3000 4610 2840 4410
3000 4620 2830 4410
2990 4630 2840 4410
2980 4640 2850 4410
2970 4640 2840 4410
2980 4650 2830 4400
2970 4650 2840 4400
2970 4680 2830 4400
2960 4740 2840 4410
2980 4750 2840 4410
2970 4960 2840 4420
2960 5090 2840 4420
2970 5180 2840 4420
2980 5260 2840 4420
2990 5330 2850 4410
2990 5100 2840 4410
2990 4950 2840 4400
2990 4810 2830 4400
3000 4640 2830 4410
3000 4640 2840 4410
2990 4630 2850 4400
2980 4640 2840 4400
2980 4650 2840 4400
2980 4620 2840 4400
2980 4600 2840 4400
2970 4600 2850 4400
2970 4600 2850 4400
2970 4620 2840 4400
2980 4610 2840 4400
2970 4610 2830 4400
2980 4600 2830 4400
2980 4600 2840 4410
2990 4580 2850 4410
3000 4560 2840 4410
3000 4540 2840 4420
2980 4540 2830 4410
2990 4520 2840 4410
3570 4350 2840 4400
3590 4350 2830 4400
3570 4350 2830 4410
3500 4350 2830 4420
3440 4350 2840 4420
3390 4340 2840 4420
3370 4340 2840 4420
3360 4340 2840 4420
3360 4340 2830 4420
3360 4340 2830 4410
3410 4340 2840 4400
3440 4350 2840 4400
3380 4340 2830 4410
3380 4340 2840 4420
3320 4350 2840 4400
3290 4360 2830 4410
3330 4340 2840 4410
3340 4340 2830 4410
3360 4340 2840 4410
3340 4350 2840 4410
3340 4350 2840 4400
3370 4350 2840 4400
3420 4340 2850 4400
3510 4340 2850 4400
3570 4350 2840 4400
3580 4350 2840 4410
3560 4340 2840 4420
3550 4350 2840 4420
3490 4340 2840 4420
3410 4340 2840 4420
3340 4340 2850 4410
3310 4340 2850 4410
3270 4350 2850 4400
3320 4350 2840 4400
3440 4350 2840 4400
3510 4350 2840 4400
3590 4350 2830 4400
3550 4340 2840 4410
3590 4340 2850 4420
3630 4340 2850 4420
3650 4340 2850 4420
3640 4340 2850 4420
3310 4340 2830 4420
3260 4340 2840 4420
3220 4340 2850 4410
3220 4350 2860 4400
3190 4350 2860 4400
3140 4340 2860 4410
3150 4350 2850 4400
3180 4350 2840 4400
3210 4340 2850 4400
3210 4340 2840 4400
3190 4350 2830 4410
3210 4340 2830 4410
3240 4340 2840 4410
3290 4340 2840 4400
3290 4340 2830 4400
3290 4350 2850 4400
3260 4340 2840 4400
3260 4340 2840 4410
3250 4340 2850 4410
3230 4340 2850 4420
3230 4340 2850 4420
3230 4340 2850 4420
3230 4340 2850 4420
3250 4340 2840 4410
3270 4340 2840 4400
3250 4330 2840 4390
3250 4340 2840 4390
3270 4340 2840 4390
3280 4340 2840 4390
3270 4340 2850 4390
3330 4340 2840 4390
3280 4340 2840 4390
3240 4340 2830 4390
3200 4340 2840 4390
3190 4340 2850 4400
3200 4340 2850 4400
3250 4340 2840 4400
3270 4340 2850 4410
3280 4340 2850 4400
3260 4350 2850 4400
3250 4340 2850 4410
3250 4350 2840 4410
3330 4340 2830 4420
3330 4340 2830 4410
3330 4340 2840 4410
3330 4340 2840 4410
3300 4340 2830 4400
3290 4340 2840 4400
3320 4340 2840 4400
3280 4350 2840 4400
