3440 4610 3000 4090
3450 4620 2940 4090
3450 4620 2830 4090
3450 4610 2840 4080
3440 4610 2880 4090
3450 4610 2850 4100
3440 4610 2830 4090
3440 4610 2830 4080
3440 4610 2860 4090
3450 4610 2860 4080
3460 4610 2870 4080
3450 4610 2870 4090
3440 4610 2830 4090
3440 4610 2800 4090
3450 4620 2700 4080
3450 4620 2690 4100
3460 4610 2690 4100
3460 4610 2710 4090
3450 4620 2720 4080
3450 4610 2720 4090
3440 4610 2690 4090
3430 4610 2660 4080
3440 4620 2630 4080
3450 4620 2760 4080
3440 4610 2770 4080
3450 4630 2810 4090
3450 4610 2890 4080
3450 4620 2910 4080
3450 4610 2970 4090
3440 4610 3030 4090
3450 4620 3060 4090
3440 4610 2850 4090
3440 4610 2860 4090
3440 4610 2830 4080
3440 4610 2760 4090
3440 4610 2790 4090
3440 4620 2820 4090
3430 4620 2920 4090
3440 4620 3070 4090
3440 4630 3120 4080
3440 4630 3020 4090
3430 4630 2900 4090
3420 4630 2860 4090
3420 4640 2890 4090
3420 4650 3080 4090
3420 4640 3220 4080
3430 4620 4040 4090
3430 4610 4020 4090
3430 4610 3710 4080
3440 4610 3590 4080
3440 4610 3460 4080
3450 4610 3370 4080
3450 4620 3000 4080
3450 4610 2920 4100
3460 4610 2900 4100
3450 4620 2890 4100
3460 4620 2980 4080
3430 4610 3120 4080
3430 4600 3120 4080
3430 4610 3120 4080
3430 4610 3130 4080
3430 4630 3130 4080
3430 4610 3120 4080
3430 4610 3020 4080
3430 4620 2900 4080
3440 4620 2870 4090
3460 4610 2910 4080
3460 4610 3170 4080
3460 4600 3070 4090
3470 4600 3060 4080
3460 4610 3070 4080
3460 4610 3020 4090
3440 4620 3180 4080
3440 5080 2370 4090
3450 5050 2360 4090
3430 5090 2370 4090
3430 5040 2370 4080
3430 5010 2370 4080
3430 5030 2370 4080
3430 5080 2390 4080
3450 5000 2380 4090
3450 5210 2380 4090
3450 5370 2380 4090
3440 5460 2390 4080
3440 5400 2380 4090
3440 5240 2390 4090
3430 5110 2400 4080
3430 5020 2400 4080
3430 4970 2400 4090
3420 4940 2420 4090
3430 4920 2380 4080
3420 4920 2380 4080
3420 4920 2390 4080
3440 4890 2380 4080
3420 4850 2360 4080
3430 4870 2370 4080
3430 4890 2370 4080
3440 4890 2370 4080
3450 4920 2390 4090
3460 4960 2370 4090
3450 4960 2380 4080
3460 4950 2390 4080
3450 4920 2390 4100
3460 4920 2380 4100
3450 4930 2390 4090
3450 4920 2390 4080
3450 4920 2390 4080
3450 4920 2380 4080
3450 4930 2380 4080
3450 4920 2390 4080
3440 4910 2380 4090
3440 4890 2380 4100
3440 4880 2370 4090
3430 4880 2360 4080
3440 4890 2370 4080
3440 4920 2390 4080
3450 4920 2380 4090
3450 4910 2380 4080
3450 4890 2370 4090
3460 4880 2370 4100
3440 4880 2370 4100
3440 4870 2390 4090
3440 4880 2390 4090
3430 4880 2370 4090
3430 4880 2380 4100
3430 4890 2370 4090
3430 4890 2360 4090
3440 4890 2360 4090
3440 4880 2370 4090
3440 4880 2390 4100
3430 4890 2380 4090
3450 4890 2390 4080
3460 4910 2390 4090
3450 4910 2390 4090
3450 4910 2370 4090
3430 4910 2360 4090
3420 4910 2370 4090
3430 4930 2370 4080
3430 4950 2380 4080
3430 4950 2380 4090
3430 4950 2380 4090
3430 4940 2380 4090
3440 4960 2390 4090
3440 4960 2380 4090
3440 4960 2380 4090
3440 4960 2380 4080
3450 4970 2380 4080
3450 4980 2380 4070
3440 4990 2380 4080
3440 5020 2380 4080
3440 5040 2370 4080
3440 5030 2370 4080
3450 5080 2380 4080
3430 5000 2400 4090
