3890 5000 1970 4230
3880 5000 1960 4270
3890 4990 1950 4300
3890 4990 1950 4310
3890 5000 1960 4390
3890 5000 1960 4390
3900 5000 1970 4340
3890 5010 1990 4160
3890 5010 1980 4300
3870 5000 1990 4470
3880 5000 1970 4300
3880 5000 1970 4330
3880 5000 1980 4300
3870 5020 1990 4350
3870 5020 1980 4380
3880 5010 1990 4410
3890 5010 1980 4390
3880 5010 1970 4350
3900 5000 1980 4410
3890 5010 1980 4410
3890 5000 1960 4390
3890 5000 1980 4360
3900 5000 1970 4370
3900 5000 1970 4380
3910 5010 1970 4370
3910 5010 1970 4370
3910 5010 1990 4410
3910 5000 1990 4430
3910 5000 1990 4440
3910 5000 1990 4540
3910 5000 1990 4530
3910 5010 1990 4530
3920 5020 1990 4530
3920 5020 1990 4540
3920 5020 1990 4540
3910 5010 2000 4550
3920 5010 2010 4550
3900 5010 2010 4580
3900 5010 2010 4620
3900 5010 2010 4610
3900 5010 2010 4580
3910 5020 2000 4560
3910 5020 1990 4550
3910 5020 1990 4550
3910 5020 1980 4540
3910 5020 1990 4530
3910 5010 1980 4510
3910 5010 1990 4500
3920 5010 1990 4510
3920 5010 1990 4510
3910 5000 1980 4500
3910 5000 1980 4500
3900 5000 1980 4510
3900 5000 1980 4520
3910 5000 1990 4520
3910 5000 1990 4520
3910 5000 1990 4520
3910 5000 1990 4520
3900 5010 1990 4520
3900 5010 1990 4530
3900 5010 2000 4540
3900 5010 2000 4530
3900 5010 1990 4530
3900 5020 1990 4540
3900 5020 1990 4550
3900 5020 1980 4560
3890 5010 1990 4570
3890 5010 1990 4550
3900 5000 1990 4520
3900 5000 1980 4480
3900 5000 1970 4480
3890 5000 1970 4490
3880 5010 1980 4480
3890 5010 1990 4480
3880 5010 1990 4500
3880 5010 1990 4520
3880 5010 1990 4530
3890 5020 1980 4550
3890 5030 1980 4550
3900 5020 1990 4520
3900 5020 1980 4500
3900 5010 1980 4500
3900 5000 1980 4510
3890 5000 1980 4510
3890 5000 1970 4520
3890 5010 1980 4540
3900 5000 1980 4540
3880 5000 1980 4510
3880 5000 1980 4500
4100 5000 1970 3860
4090 5010 1980 3860
4090 5010 1970 3860
4100 5010 1970 3860
4110 5010 1970 3870
4090 5010 1970 3880
4080 5010 1990 3870
4090 5010 1980 3860
4100 5010 1980 3860
4120 5010 1970 3860
4120 5000 1960 3860
4120 4990 1970 3860
4130 5000 1980 3860
4130 5000 1980 3860
4130 5000 1990 3860
4140 5000 1980 3860
4100 5010 1960 3860
4120 5010 1980 3860
4120 5010 1980 3860
4130 5020 1980 3870
4120 5010 1980 3850
4110 5010 1980 3860
4090 5010 1970 3870
4100 5010 1970 3870
4090 5000 1970 3870
4100 4990 1980 3860
4120 4990 1980 3860
4140 5010 1970 3860
4140 5010 1970 3860
4150 5010 1970 3860
4150 5010 1980 3870
4140 5000 1990 3870
4140 4990 1980 3860
4140 5000 1970 3860
4150 5010 1980 3860
4140 5010 1970 3870
4140 5010 1970 3870
4130 5010 1970 3870
4110 5010 1970 3860
4110 5010 1980 3860
4100 5010 1980 3860
4100 5000 1970 3860
4110 5000 1970 3860
4100 5000 1960 3870
4090 4990 1970 3870
4110 4990 1970 3860
4110 4990 1960 3860
4110 5000 1960 3850
4120 5000 1960 3850
4130 5000 1960 3870
4130 5000 1970 3860
4130 5000 1980 3860
4130 5000 1980 3860
4130 5000 1980 3860
4130 5000 1990 3860
4140 5000 1980 3850
4120 5000 1980 3850
4090 5000 1990 3850
4080 5000 1990 3860
4090 4990 1970 3870
4100 4990 1980 3870
4090 4990 1990 3870
4080 4990 1980 3860
4090 5000 1980 3850
4080 4990 1990 3860
4090 4990 1990 3870
4100 4990 1970 3860
