4350 5550 1660 3690
4350 5560 1660 3690
4350 5810 1650 3680
4350 5860 1640 3700
4350 5770 1640 3700
4350 5700 1660 3680
4350 5670 1660 3680
4360 5630 1660 3700
4350 5560 1650 3690
4350 5560 1650 3700
4360 5560 1640 3680
4350 5580 1650 3680
4350 5570 1650 3680
4360 5570 1650 3680
4360 5570 1650 3680
4350 5600 1650 3680
4350 5600 1650 3680
4350 5780 1640 3670
4350 5790 1650 3650
4350 5730 1660 3680
4350 5730 1650 3690
4340 5760 1660 3690
4340 5790 1660 3690
4350 5780 1650 3680
4350 5780 1640 3690
4360 5780 1640 3680
4360 5770 1640 3670
4360 5770 1640 3670
4350 5780 1660 3680
4350 5800 1660 3680
4350 5800 1660 3670
4350 5800 1650 3670
4350 5790 1650 3680
4360 5790 1650 3680
4350 5780 1670 3700
4340 5770 1660 3710
4350 5850 1660 3690
4350 5860 1660 3680
4350 5930 1650 3680
4350 5900 1650 3690
4360 5900 1660 3690
4360 5910 1650 3690
4370 5880 1650 3690
4370 5880 1650 3690
4370 5880 1650 3690
4360 5910 1660 3690
4350 5930 1650 3690
4360 5940 1660 3690
4350 5930 1660 3690
4350 5920 1660 3690
4360 5920 1660 3690
4370 5940 1660 3680
4380 5950 1670 3690
4380 5960 1670 3690
4380 5970 1660 3680
4360 6000 1670 3680
4370 6000 1650 3680
4360 5980 1650 3680
4360 5980 1660 3680
4360 5970 1670 3680
4370 5960 1660 3690
4370 5940 1640 3690
4370 5920 1640 3690
4360 5920 1660 3690
4360 5940 1650 3690
4360 5960 1640 3690
4360 5960 1660 3690
4360 5960 1660 3690
4360 5960 1650 3700
4350 5960 1650 3670
4350 5970 1640 3680
4340 5970 1640 3690
4350 5990 1640 3700
4360 5980 1650 3700
4370 5980 1640 3690
4370 6010 1640 3680
4360 5990 1650 3690
4360 6020 1660 3680
4360 6020 1660 3680
4350 5940 1660 3670
4350 5870 1650 3690
4360 5850 1650 3690
4350 5830 1650 3690
4360 5850 1650 3680
4360 5860 1650 3690
4370 5860 1660 3700
4360 5870 1650 3700
4350 5880 1640 3700
4350 5890 1640 3680
4500 5330 1640 3700
4540 5330 1640 3710
4560 5340 1640 3710
4600 5330 1640 3710
4610 5330 1650 3700
4580 5330 1660 3690
4580 5340 1660 3690
4600 5330 1650 3700
4610 5330 1650 3710
4620 5340 1650 3710
4630 5340 1650 3710
4650 5350 1670 3700
4660 5350 1660 3710
4660 5350 1660 3680
4640 5350 1660 3650
4630 5350 1660 3670
4630 5340 1650 3680
4640 5340 1660 3690
4640 5350 1660 3680
4650 5350 1650 3690
4650 5350 1650 3690
4650 5340 1650 3680
4630 5340 1650 3680
4630 5350 1660 3680
4620 5350 1660 3670
4640 5350 1660 3690
4640 5350 1660 3690
4620 5340 1660 3690
4610 5340 1650 3680
4610 5340 1660 3680
4610 5340 1660 3690
4600 5350 1660 3690
4620 5350 1660 3690
4630 5340 1660 3690
4640 5340 1660 3680
4640 5340 1650 3690
4630 5340 1650 3680
4620 5350 1650 3680
4620 5350 1660 3680
4630 5350 1660 3680
4640 5350 1660 3680
4660 5350 1660 3670
4670 5350 1660 3650
4690 5350 1660 3650
4670 5350 1660 3650
4670 5350 1660 3670
4650 5340 1670 3680
4650 5340 1670 3680
4640 5340 1660 3700
4660 5350 1660 3700
4660 5340 1650 3700
4670 5340 1670 3700
4640 5340 1660 3690
4650 5340 1660 3700
4620 5340 1660 3690
4620 5340 1660 3700
4640 5350 1670 3690
4640 5350 1670 3700
4630 5340 1650 3690
4610 5340 1640 3690
4620 5340 1640 3690
4620 5350 1650 3680
4610 5340 1650 3680
4630 5340 1650 3680
4620 5340 1660 3680
4630 5340 1660 3680
4640 5340 1650 3680
4650 5340 1660 3690
4630 5330 1650 3690
4610 5330 1640 3670
4610 5330 1650 3680
4610 5330 1650 3680
4620 5340 1650 3670
4620 5350 1650 3670
4620 5340 1660 3680
4620 5340 1670 3680
4620 5330 1670 3690
4630 5330 1660 3690
4660 5340 1650 3700
4660 5330 1650 3690
4630 5350 1650 3680
4640 5350 1650 3680
4640 5340 1650 3680
4650 5340 1650 3690
4650 5340 1650 3690
4650 5340 1650 3690
4650 5340 1660 3690
4660 5340 1670 3670
4670 5340 1650 3680
4660 5340 1650 3650
4660 5340 1650 3650
4660 5330 1640 3650
4660 5330 1650 3680
4650 5320 1670 3690
4660 5320 1670 3690
4670 5320 1680 3690
4680 5320 1670 3690
4670 5320 1670 3690
4680 5330 1660 3690
4680 5330 1670 3700
4680 5330 1660 3690
4680 5330 1640 3680
4670 5330 1640 3680
4650 5350 1650 3700
4650 5350 1650 3710
4630 5350 1650 3710
4640 5330 1660 3700
4650 5330 1660 3690
4650 5330 1660 3690
4650 5330 1660 3680
4660 5330 1660 3680
