5160 5740 1760 3440
5190 5750 1760 3430
5150 5740 1760 3430
5210 5740 1750 3440
5150 5740 1750 3440
5150 5740 1750 3440
5170 5730 1750 3430
5140 5730 1750 3430
5140 5740 1750 3430
5180 5740 1750 3440
5140 5740 1750 3440
5180 5740 1750 3440
5150 5740 1750 3440
5150 5730 1750 3430
5210 5730 1750 3430
5160 5740 1750 3450
5190 5740 1750 3450
5150 5730 1760 3440
5180 5730 1750 3430
5210 5730 1750 3430
5200 5730 1750 3430
5180 5730 1750 3450
5180 5740 1750 3450
5170 5730 1760 3450
5160 5720 1760 3460
5170 5720 1760 3450
5220 5720 1760 3440
5160 5720 1750 3450
5180 5720 1750 3440
5160 5730 1760 3440
5160 5730 1760 3450
5190 5730 1760 3440
5170 5730 1750 3440
5160 5740 1750 3450
5210 5740 1750 3440
5200 5740 1760 3450
5210 5740 1760 3450
5200 5740 1750 3460
5170 5740 1750 3460
5150 5740 1750 3470
5140 5740 1750 3470
5200 5740 1750 3470
5140 5740 1770 3460
5190 5740 1760 3460
5160 5740 1760 3450
5190 5740 1760 3450
5190 5740 1750 3440
5210 5740 1750 3430
5140 5750 1750 3430
5180 5740 1750 3440
5150 5740 1750 3460
5150 5730 1750 3450
5210 5730 1740 3450
5150 5720 1750 3450
5210 5720 1740 3460
5170 5720 1740 3440
5200 5720 1750 3440
5160 5730 1750 3440
5210 5740 1750 3430
5170 5750 1750 3420
5170 5750 1770 3440
5170 5750 1770 3450
5170 5730 1760 3450
5190 5730 1760 3440
5210 5720 1760 3460
5180 5720 1750 3440
5160 5720 1740 3460
5150 5730 1740 3450
5180 5730 1740 3440
5200 5730 1750 3440
5150 5730 1760 3440
5200 5730 1760 3430
5200 5730 1760 3430
5150 5730 1750 3450
5210 5730 1760 3430
5220 5730 1750 3430
5160 5730 1750 3430
5220 5730 1750 3440
5180 5730 1750 3450
5200 5730 1760 3450
5200 5730 1750 3460
5150 5730 1760 3460
5180 5730 1760 3460
5200 5730 1750 3470
5190 5730 1750 3460
5150 5730 1750 3450
5190 5730 1750 3460
5200 5720 1760 3450
5180 5730 1760 3450
5200 5730 1750 3440
5180 5730 1760 3430
5170 5740 1760 3430
5230 5730 1760 3440
5160 5740 1760 3450
5150 5730 1760 3440
5190 5730 1760 3450
5200 5730 1760 3460
5180 5720 1760 3460
5220 5720 1760 3460
5180 5720 1760 3460
5200 5730 1760 3470
5220 5730 1760 3460
5190 5730 1760 3450
5200 5730 1760 3450
5200 5730 1760 3440
5210 5730 1760 3430
5160 5740 1750 3430
5190 5730 1750 3430
5190 5730 1750 3430
5140 5730 1750 3450
5200 5730 1750 3460
5180 5730 1740 3450
5140 5730 1740 3450
4690 6190 1740 3460
4680 6210 1750 3460
4680 6250 1760 3450
4680 6250 1750 3450
4690 6220 1760 3450
4680 6240 1760 3460
4680 6180 1760 3460
4680 6240 1760 3460
4680 6250 1760 3470
4690 6190 1760 3470
4700 6180 1760 3470
4700 6180 1760 3490
4690 6200 1760 3470
4690 6230 1760 3460
4700 6210 1760 3450
4700 6250 1760 3450
4700 6190 1760 3440
4690 6240 1750 3460
4690 6240 1750 3440
4690 6240 1750 3450
4690 6260 1750 3460
4700 6200 1750 3470
4700 6200 1750 3470
4710 6200 1750 3460
4700 6230 1750 3450
4700 6260 1750 3460
4710 6240 1760 3450
4710 6240 1750 3450
4710 6220 1740 3450
4710 6190 1750 3450
4700 6250 1750 3450
4700 6230 1750 3440
4690 6210 1740 3440
4690 6230 1750 3440
4690 6180 1750 3450
4690 6240 1750 3440
4690 6240 1750 3450
4690 6200 1750 3440
4690 6200 1750 3450
4690 6240 1740 3450
4690 6230 1740 3450
4690 6190 1750 3470
4690 6180 1750 3480
4700 6240 1740 3480
4700 6200 1740 3480
4700 6200 1740 3480
4700 6180 1750 3480
4700 6200 1750 3490
4700 6240 1750 3480
4700 6180 1740 3470
4700 6190 1740 3480
4690 6190 1750 3460
4690 6210 1760 3460
4690 6210 1760 3460
4690 6260 1750 3460
4690 6200 1750 3450
4690 6260 1760 3460
4700 6240 1770 3460
4700 6200 1770 3440
4700 6200 1760 3440
4700 6230 1760 3440
4690 6250 1760 3450
4690 6190 1760 3440
4690 6190 1750 3440
4690 6190 1750 3440
4700 6210 1750 3450
4700 6210 1750 3440
4700 6200 1740 3450
4700 6210 1740 3440
4690 6200 1740 3450
4700 6180 1750 3450
4700 6180 1750 3440
4700 6190 1760 3430
4700 6190 1770 3440
4700 6210 1760 3430
4690 6190 1750 3440
4690 6230 1750 3460
4690 6190 1750 3450
4690 6190 1750 3440
4690 6230 1750 3430
4700 6250 1750 3430
4700 6190 1760 3430
4700 6190 1760 3440
4690 6190 1750 3440
4690 6210 1750 3440
4690 6250 1750 3450
4680 6250 1750 3450
4690 6230 1750 3450
4690 6190 1750 3460
4690 6230 1760 3440
4690 6220 1760 3450
4690 6200 1760 3460
4700 6220 1750 3460
4700 6220 1750 3460
4690 6220 1750 3450
4690 6200 1750 3450
4700 6200 1760 3460
4680 6260 1760 3480
4680 6190 1750 3480
4690 6250 1760 3470
4690 6250 1760 3450
4690 6190 1760 3450
4690 6210 1770 3450
4700 6190 1760 3440
4700 6250 1760 3430
4700 6210 1760 3440
4690 6250 1760 3440
4690 6250 1760 3440
4690 6210 1750 3430
4690 6180 1740 3430
4700 6220 1750 3430
4700 6200 1750 3430
4700 6180 1750 3430
4700 6200 1750 3430
4700 6200 1750 3440
4700 6190 1750 3440
4700 6190 1750 3430
4700 6190 1760 3450
