4810 5740 1410 3760
4810 5750 1410 3800
4810 5740 1410 3840
4810 5740 1400 3840
4810 5750 1400 3830
4810 5750 1400 3850
4810 5750 1390 3870
4810 5750 1390 3880
4810 5750 1400 3880
4810 5750 1400 3890
4810 5750 1400 3880
4800 5740 1400 3880
4800 5740 1400 3930
4810 5750 1410 3990
4810 5750 1410 4040
4820 5740 1410 4110
4810 5720 1400 4090
4810 5720 1410 4000
4810 5720 1410 3990
4810 5750 1410 4010
4810 5750 1410 4020
4810 5750 1420 4020
4820 5750 1410 4040
4820 5750 1410 4040
4820 5750 1400 4060
4810 5750 1400 4090
4820 5750 1410 4080
4820 5750 1400 4030
4830 5750 1390 3990
4830 5750 1390 4010
4840 5750 1390 4050
4840 5750 1380 4060
4830 5750 1390 4050
4830 5750 1390 4040
4830 5750 1400 4030
4830 5750 1400 4000
4830 5750 1410 3950
4830 5750 1410 3990
4820 5750 1410 4050
4820 5750 1410 4080
4830 5750 1400 4090
4830 5740 1400 4080
4820 5750 1400 4070
4820 5750 1400 4040
4830 5750 1400 4030
4820 5750 1400 4030
4830 5760 1400 4060
4830 5760 1410 4070
4830 5760 1410 4070
4830 5750 1410 4070
4820 5740 1410 4070
4830 5740 1410 4070
4830 5750 1410 4070
4830 5760 1410 4080
4830 5750 1410 4090
4830 5750 1410 4030
4830 5740 1410 4100
4830 5740 1410 3990
4830 5740 1410 4010
4830 5740 1410 4060
4830 5740 1410 4140
4830 5750 1410 4240
4830 5740 1400 4260
4830 5740 1400 4300
4820 5740 1400 4330
4810 5740 1400 4350
4820 5740 1400 4190
4820 5740 1400 4050
4820 5740 1400 3930
4830 5730 1400 3860
4830 5730 1400 4020
4830 5730 1400 4040
4830 5730 1400 4170
4820 5740 1400 4210
4820 5730 1400 4250
4820 5720 1400 4270
4820 5720 1400 4240
4820 5730 1400 4240
4830 5740 1400 4210
4830 5730 1400 4170
4830 5730 1400 4150
4830 5730 1400 4140
4830 5730 1400 4080
4840 5730 1400 3950
4840 5740 1410 4060
4830 5750 1410 4130
4830 5740 1400 4190
4830 5740 1400 4230
4830 5740 1400 4260
4830 5740 1400 4260
4830 5750 1400 4250
4830 5760 1400 4220
4830 5760 1400 4220
4830 5760 1400 4240
4830 5760 1400 4240
4830 5760 1400 4230
4830 5760 1400 4200
4830 5760 1400 4170
4830 5760 1400 4150
4830 5740 1400 4170
4840 5730 1400 4200
4840 5740 1400 4230
4840 5740 1400 4300
4840 5750 1400 4310
4840 5750 1400 4310
4830 5740 1400 4300
4820 5740 1390 4260
4820 5730 1390 4260
4810 5740 1390 4250
4810 5740 1390 4230
4820 5740 1390 4200
4820 5750 1390 4180
4820 5750 1400 4170
4830 5750 1400 4190
4830 5750 1400 4220
4830 5740 1400 4260
4830 5740 1400 4290
4830 5740 1400 4290
4830 5740 1400 4300
4830 5740 1400 4300
4830 5750 1400 4300
4830 5750 1400 4270
4830 5750 1400 4270
4830 5750 1400 4270
4830 5750 1400 4270
4830 5750 1400 4270
4830 5750 1400 4270
4800 5990 1400 3580
4800 6100 1400 3590
4800 6030 1400 3590
4800 6090 1400 3590
4800 6140 1400 3580
4800 6240 1400 3580
4810 6270 1400 3570
4800 6250 1400 3570
4800 6320 1400 3570
4800 6300 1390 3570
4800 6230 1400 3570
4790 6320 1400 3570
4790 6180 1400 3570
4790 6220 1400 3570
4790 6100 1400 3560
4800 6060 1400 3570
4810 6060 1400 3570
4820 6080 1400 3570
4810 6120 1400 3570
4810 6170 1400 3570
4820 6120 1400 3570
4830 6120 1400 3570
4830 6120 1400 3570
4830 6120 1400 3570
4830 6120 1400 3580
4830 6180 1410 3580
4820 6170 1410 3590
4820 6170 1400 3590
4820 6140 1400 3590
4830 6140 1400 3590
4830 6110 1400 3580
4820 6130 1400 3570
4830 6170 1400 3580
4830 6190 1400 3580
4830 6190 1400 3580
4830 6210 1400 3580
4830 6220 1400 3590
4830 6190 1400 3590
4830 6180 1400 3590
4830 6160 1410 3590
4810 6170 1410 3590
4820 6110 1410 3590
4810 6040 1410 3580
4810 6050 1400 3580
4810 6080 1400 3580
4810 6160 1400 3570
4810 6170 1400 3570
4810 6170 1400 3570
4810 6160 1400 3570
4810 6140 1400 3570
4810 6120 1400 3570
4810 6110 1400 3570
4810 6070 1390 3570
4810 6050 1400 3570
4820 6040 1400 3570
4830 6100 1400 3570
4830 6170 1410 3580
4830 6200 1410 3580
4830 6100 1420 3580
4830 6010 1420 3580
4830 5950 1420 3570
4830 5860 1410 3570
4830 5820 1410 3570
4820 5810 1410 3570
4820 5800 1410 3560
4810 5830 1400 3570
4810 5890 1400 3570
4810 5950 1400 3570
4810 6050 1400 3570
4810 6090 1400 3560
4820 6100 1400 3560
4810 6090 1400 3560
4820 6060 1400 3570
4810 6040 1400 3570
4810 6060 1400 3570
4810 6070 1400 3570
4820 6110 1400 3570
4820 6080 1400 3570
4810 6080 1400 3570
4820 6100 1400 3570
4810 6160 1400 3570
4820 6110 1390 3570
4810 6190 1400 3570
4810 6260 1400 3570
4810 6300 1400 3580
4820 6290 1390 3590
4820 6320 1400 3590
4810 6340 1400 3590
4810 6370 1400 3590
4810 6380 1400 3580
4810 6200 1410 3580
4810 6230 1410 3570
4810 6260 1410 3570
