5030 5440 1940 3180
5030 5450 1940 3200
5020 5450 1940 3240
5030 5460 1940 3280
5030 5450 1930 3310
5020 5440 1950 3330
5020 5440 1950 3370
5010 5440 1950 3490
5010 5440 1940 3580
5020 5440 1950 3440
5020 5440 1940 3410
5020 5440 1940 3500
5020 5430 1940 3550
5020 5440 1930 3600
5020 5440 1940 3630
5020 5440 1940 3470
5030 5440 1940 3570
5030 5440 1940 3570
5020 5440 1930 3480
5020 5450 1940 3400
5010 5440 1950 3380
5030 5450 1940 3340
5030 5450 1930 3290
5020 5450 1940 3300
5020 5430 1940 3540
5020 5430 1940 3300
5020 5440 1940 3240
5020 5440 1950 3380
5020 5440 1950 3450
5020 5440 1960 3420
5020 5440 1960 3390
5030 5440 1960 3390
5020 5430 1940 3410
5010 5440 1940 3390
5010 5440 1940 3390
5020 5430 1940 3410
5020 5440 1940 3480
5020 5440 1940 3490
5020 5450 1930 3560
5020 5450 1930 3560
5020 5440 1940 3580
5020 5440 1940 3550
5020 5440 1940 3430
5020 5440 1940 3410
5020 5450 1940 3460
5030 5450 1940 3480
5020 5450 1930 3500
5020 5450 1940 3500
5020 5440 1940 3540
5030 5440 1940 3420
5020 5440 1930 3430
5020 5430 1940 3470
5020 5430 1940 3440
5020 5440 1940 3390
5020 5440 1940 3390
5020 5440 1940 3390
5020 5450 1940 3400
5020 5440 1940 3400
5030 5440 1940 3460
5030 5440 1940 3490
5020 5440 1920 3540
5020 5440 1920 3540
5020 5440 1910 3510
5020 5440 1910 3500
5030 5440 1920 3490
5020 5440 1920 3510
5020 5430 1920 3520
5020 5430 1930 3530
5020 5430 1930 3530
5020 5430 1930 3530
5020 5430 1940 3560
5020 5430 1940 3600
5020 5430 1940 3620
5020 5440 1940 3600
5020 5430 1940 3580
5020 5430 1940 3550
5020 5420 1950 3510
5020 5420 1950 3500
5020 5430 1960 3470
5020 5440 1960 3460
5020 5440 1950 3450
5020 5430 1950 3450
5020 5430 1940 3450
5020 5440 1940 3440
5020 5440 1950 3430
5020 5440 1930 3440
5020 5440 1940 3440
5010 5440 1940 3440
5010 5440 1950 3440
5010 5440 1950 3420
5010 5440 1950 3420
5010 5440 1950 3420
5020 5440 1940 3420
5020 5440 1940 3450
5020 5440 1950 3470
5020 5450 1960 3470
5020 5450 1950 3460
5020 5450 1940 3460
5020 5450 1930 3430
5020 5440 2150 3070
5020 5440 2150 3070
5030 5440 2160 3070
5020 5440 2170 3070
5020 5460 2160 3070
5020 5460 2160 3070
5010 5450 2160 3080
5010 5450 2170 3080
5000 5450 2170 3070
5000 5450 2170 3080
5010 5450 2190 3080
5010 5470 2190 3080
5020 5450 2190 3080
5020 5450 2210 3090
5020 5450 2210 3080
5020 5450 2220 3090
5020 5440 2230 3080
5010 5440 2230 3080
5010 5440 2230 3080
5010 5440 2210 3080
5020 5440 2200 3080
5020 5440 2190 3080
5010 5440 2180 3080
5000 5440 2180 3080
5010 5440 2200 3080
5010 5440 2200 3080
5010 5430 2190 3080
5020 5430 2200 3080
5020 5450 2200 3080
5030 5450 2200 3070
5020 5440 2200 3080
5020 5440 2200 3080
5020 5450 2210 3090
5030 5440 2210 3090
5020 5440 2240 3080
5030 5440 2230 3070
5020 5440 2230 3070
5020 5440 2220 3070
5020 5440 2210 3070
5020 5440 2210 3080
5030 5440 2200 3080
5020 5460 2190 3080
5010 5450 2190 3080
5010 5450 2190 3080
5020 5450 2200 3080
5020 5450 2190 3080
5030 5460 2190 3090
5020 5450 2200 3080
5020 5450 2210 3080
5020 5450 2210 3080
5020 5450 2210 3080
5020 5450 2200 3080
5010 5450 2220 3080
5000 5450 2240 3080
4990 5450 2230 3080
4990 5450 2240 3080
4990 5440 2230 3090
4990 5440 2220 3080
4990 5430 2230 3080
5000 5440 2230 3080
5010 5430 2240 3080
5020 5430 2250 3080
5010 5430 2270 3080
4980 5420 2300 3080
4970 5430 2310 3080
4990 5440 2330 3080
5000 5440 2330 3080
5000 5440 2330 3080
5000 5440 2320 3080
5000 5440 2320 3080
5010 5440 2350 3080
4990 5440 2390 3090
5000 5430 2330 3090
4990 5420 2290 3080
5010 5420 2250 3080
5010 5430 2240 3080
5010 5430 2230 3080
5000 5430 2230 3080
5020 5430 2220 3080
4990 5420 2230 3080
4990 5420 2230 3080
4990 5430 2240 3080
4980 5440 2220 3080
4980 5420 2190 3080
