4540 5030 2470 3190
4540 5020 2590 3200
4540 5020 2670 3200
4540 5020 2620 3190
4550 5020 2590 3190
4550 5020 2560 3210
4550 5030 2530 3200
4550 5030 2530 3190
4570 5040 2570 3200
4560 5030 2600 3200
4560 5040 2640 3190
4560 5010 2660 3190
4570 5010 2670 3190
4560 5020 2650 3190
4550 5030 2580 3190
4550 5010 2550 3200
4540 5020 2500 3190
4560 5020 2470 3200
4550 5030 2490 3200
4560 5020 2510 3210
4560 5020 2550 3200
4550 5030 2590 3210
4550 5030 2590 3210
4550 5030 2600 3220
4550 5030 2600 3200
4560 5030 2620 3200
4560 5030 2620 3200
4560 5030 2630 3200
4560 5030 2630 3200
4550 5030 2630 3210
4550 5020 2600 3190
4550 5020 2590 3190
4550 5030 2590 3190
4550 5020 2600 3200
4550 5010 2620 3210
4550 5010 2620 3210
4560 5010 2620 3210
4560 5010 2620 3190
4560 5030 2600 3190
4560 5020 2600 3200
4560 5030 2590 3190
4550 5020 2590 3210
4550 5020 2590 3200
4560 5020 2590 3200
4560 5030 2590 3210
4550 5030 2600 3210
4550 5030 2610 3220
4550 5020 2610 3220
4540 5010 2600 3210
4550 5020 2610 3210
4550 5030 2600 3210
4550 5030 2590 3190
4550 5020 2580 3200
4560 5030 2580 3190
4550 5020 2580 3200
4550 5020 2570 3190
4550 5020 2570 3190
4550 5030 2570 3180
4550 5030 2570 3180
4550 5020 2570 3190
4550 5030 2590 3200
4550 5030 2590 3200
4550 5010 2590 3200
4550 5010 2580 3200
4550 5010 2580 3200
4550 5010 2580 3200
4540 5010 2600 3200
4540 5020 2610 3200
4540 5020 2610 3200
4540 5020 2610 3200
4550 5020 2610 3220
4550 5010 2590 3190
4550 5010 2590 3190
4560 5020 2590 3190
4560 5020 2600 3190
4560 5030 2600 3190
4560 5010 2620 3180
4560 5010 2620 3180
4550 5020 2620 3200
4540 5020 2620 3200
4550 5020 2600 3190
4560 5030 2590 3200
4550 5030 2580 3190
4550 5040 2590 3180
4550 5040 2570 3160
4550 5040 2580 3170
5020 5010 2090 3210
4880 5010 2090 3200
4870 5010 2110 3200
4850 5010 2120 3190
4830 5020 2120 3190
4830 5020 2110 3190
4830 5020 2090 3190
4830 5020 2110 3200
4830 5020 2120 3210
4830 5030 2120 3220
4830 5020 2120 3220
4840 5020 2120 3200
4850 5020 2110 3210
4850 5020 2120 3210
4860 5020 2120 3200
4840 5010 2090 3210
4820 5010 2110 3210
4810 5010 2110 3200
4820 5020 2110 3220
4820 5020 2120 3220
4840 5020 2110 3220
4850 5020 2110 3220
4850 5020 2120 3200
4850 5030 2120 3190
4850 5020 2120 3190
4860 5030 2120 3190
4870 5000 2090 3190
4860 5000 2090 3200
4850 5010 2090 3200
4870 5010 2110 3200
4920 5010 2120 3190
4960 5020 2110 3180
4970 5020 2120 3190
4920 5020 2110 3200
4930 5020 2110 3200
4960 5020 2120 3210
4930 5020 2120 3210
4910 5010 2120 3220
4910 5010 2090 3220
4890 5020 2090 3210
4880 5020 2090 3210
4870 5010 2110 3210
4850 5020 2120 3220
4860 5020 2120 3230
4850 5020 2110 3220
4820 5020 2110 3220
4800 5020 2120 3220
4800 5020 2110 3220
4790 5020 2120 3200
4790 5020 2120 3200
4790 5030 2130 3180
4790 5030 2140 3190
4790 5020 2120 3190
4780 5010 2110 3190
4780 5020 2110 3210
4780 5020 2110 3220
4780 5020 2120 3190
4780 5030 2130 3190
4760 5020 2140 3200
4760 5000 2120 3190
4770 4990 2130 3190
4770 5000 2130 3210
4780 5010 2130 3190
4770 5030 2120 3190
4770 5030 2120 3190
4770 5020 2110 3200
4770 5020 2120 3200
4770 5030 2110 3190
4770 5000 2090 3200
4770 5000 2090 3190
4770 5000 2090 3190
4760 5000 2110 3230
4780 5010 2130 3220
