4110 4610 2670 3370
4110 4610 2650 3380
4100 4610 2650 3390
4090 4610 2650 3390
4090 4600 2650 3390
4090 4600 2700 3370
4100 4610 2800 3370
4090 4610 2830 3370
4100 4610 2960 3370
4130 4610 2930 3380
4110 4620 2960 3370
4100 4610 3000 3380
4090 4620 3000 3380
4080 4620 3020 3370
4100 4610 3030 3370
4090 4610 3030 3370
4090 4610 3020 3380
4100 4610 3010 3380
4080 4600 3000 3380
4100 4600 2990 3370
4100 4610 3010 3370
4100 4610 3010 3380
4110 4610 3000 3370
4110 4610 2980 3370
4090 4620 2960 3380
4070 4610 2950 3380
4090 4610 2950 3380
4110 4610 2950 3380
4110 4610 2950 3370
4110 4610 2950 3370
4110 4610 2950 3370
4100 4610 2950 3370
4090 4610 2950 3370
4100 4610 2950 3370
4120 4610 2950 3380
4100 4610 3000 3380
4090 4610 2980 3380
4100 4610 3050 3380
4090 4610 3090 3390
4090 4610 3080 3380
4090 4610 3060 3380
4080 4610 3020 3380
4090 4610 2990 3380
4090 4620 2950 3390
4080 4620 2950 3390
4080 4600 2990 3380
4080 4600 3000 3380
4090 4620 2990 3390
4110 4610 2990 3380
4110 4610 2980 3390
4110 4610 2970 3390
4120 4610 2960 3380
4120 4610 2960 3380
4120 4610 2980 3380
4110 4610 2990 3370
4110 4610 3000 3370
4120 4610 3010 3370
4110 4610 3020 3370
4100 4610 3030 3360
4090 4610 3030 3360
4100 4620 3020 3370
4100 4620 2990 3370
4110 4610 3020 3370
4090 4610 3000 3370
4080 4610 2990 3370
4090 4610 2970 3370
4100 4620 2960 3370
4090 4620 2970 3370
4110 4630 2970 3380
4110 4630 2990 3380
4110 4630 3000 3370
4100 4630 3000 3370
4120 4610 3000 3370
4120 4620 3000 3370
4120 4620 2980 3370
4110 4620 2960 3370
4090 4610 2950 3380
4080 4610 2940 3380
4090 4610 2930 3370
4080 4610 2930 3360
4080 4610 2920 3360
4090 4620 2920 3360
4090 4610 2920 3370
4090 4610 2930 3370
4090 4610 2930 3370
4090 4610 2930 3370
4110 4610 2940 3380
4090 4610 2940 3380
4090 4610 2940 3370
4090 4610 2950 3370
4110 4600 2950 3380
4100 4610 2940 3370
4090 4610 2950 3370
4110 4940 2400 3380
4120 4960 2390 3380
4120 4940 2390 3370
4110 4920 2400 3360
4110 4850 2400 3370
4110 4850 2400 3370
4100 4870 2400 3370
4110 4860 2400 3370
4110 4850 2400 3360
4110 4860 2400 3370
4110 4890 2400 3380
4100 4930 2400 3380
4110 4950 2400 3390
4100 4960 2400 3380
4110 4950 2400 3370
4110 4940 2400 3370
4120 4930 2400 3380
4100 4930 2400 3390
4100 4930 2390 3390
4090 4920 2390 3380
4100 4920 2400 3390
4090 4930 2390 3390
4090 4930 2390 3380
4090 4930 2390 3380
4090 4920 2390 3380
4080 4920 2400 3380
4080 4910 2400 3380
4100 4920 2400 3390
4100 4930 2400 3390
4090 4920 2420 3390
4090 4910 2400 3380
4100 4940 2400 3380
4090 4940 2400 3390
4100 4920 2400 3380
4100 4920 2390 3380
4090 4950 2390 3380
4090 4930 2390 3380
4100 4960 2390 3360
4100 4950 2390 3370
4100 4980 2390 3370
4110 4940 2390 3370
4100 4890 2400 3370
4100 4920 2400 3370
4100 5190 2390 3370
4110 5300 2390 3370
4110 5160 2390 3360
4120 5040 2390 3360
4120 5090 2390 3360
4120 5140 2390 3370
4120 5060 2400 3380
4110 5050 2400 3380
4110 4950 2400 3370
4130 5080 2390 3370
4120 5110 2390 3370
4110 5080 2400 3370
4110 5090 2400 3370
4120 4980 2420 3380
4120 4950 2400 3380
4110 4930 2400 3380
4110 5150 2420 3370
4110 5140 2400 3380
4120 5140 2400 3380
4120 5110 2400 3380
4110 5100 2400 3380
4110 5170 2390 3380
4120 5250 2390 3380
4120 5260 2390 3380
4130 5260 2400 3380
4130 5260 2390 3380
4130 5230 2390 3380
4130 5200 2390 3380
4130 5160 2390 3390
4140 5160 2380 3370
4130 5160 2400 3370
4120 5130 2400 3370
4120 5090 2400 3380
4110 5080 2430 3370
4110 5080 2430 3370
4130 5080 2400 3360
4120 5150 2400 3360
4120 5300 2400 3360
4110 5290 2420 3370
4110 5320 2420 3360
