3630 4250 2740 4020
3640 4250 2740 4000
3640 4250 2750 4120
3650 4250 2740 4100
3640 4250 2740 4150
3640 4240 2720 4170
3650 4230 2720 4220
3650 4230 2720 4180
3670 4240 2740 4160
3650 4240 2740 4140
3630 4250 2760 4150
3650 4250 2750 4140
3630 4250 2750 4130
3630 4240 2750 4130
3630 4240 2750 4140
3620 4240 2750 4140
3620 4250 2750 4150
3630 4230 2750 4150
3630 4240 2740 4140
3630 4230 2740 4150
3630 4240 2740 4160
3640 4240 2750 4180
3630 4240 2750 4190
3630 4240 2770 4220
3630 4240 2760 4260
3620 4240 2760 4260
3630 4240 2760 4310
3620 4240 2760 4250
3630 4240 2760 4150
3640 4240 2750 4120
3640 4230 2760 4180
3640 4230 2760 4220
3630 4230 2760 4320
3640 4220 2760 4320
3630 4230 2760 4330
3620 4240 2760 4310
3630 4250 2760 4350
3640 4250 2770 4360
3630 4250 2770 4360
3650 4250 2770 4370
3640 4260 2760 4400
3650 4250 2750 4420
3640 4260 2750 4410
3630 4250 2740 4320
3630 4250 2740 4310
3640 4250 2750 4300
3650 4240 2760 4290
3650 4240 2750 4290
3650 4230 2750 4270
3670 4240 2740 4260
3670 4240 2740 4240
3670 4240 2750 4230
3670 4230 2750 4230
3670 4230 2750 4250
3650 4230 2760 4300
3640 4230 2750 4300
3650 4230 2750 4310
3650 4230 2750 4300
3670 4230 2760 4290
3640 4240 2760 4250
3620 4230 2770 4260
3620 4230 2760 4240
3630 4240 2760 4250
3640 4250 2750 4310
3640 4250 2750 4320
3630 4240 2760 4360
3620 4240 2760 4360
3620 4240 2770 4360
3630 4250 2770 4390
3620 4260 2750 4320
3670 4260 2760 4250
3670 4250 2760 4290
3670 4240 2760 4340
3640 4240 2760 4400
3640 4240 2760 4410
3640 4240 2760 4430
3650 4240 2760 4440
3800 4230 2760 3690
3790 4240 2770 3690
3760 4240 2760 3680
3770 4240 2760 3670
3780 4250 2760 3680
3800 4240 2760 3670
3790 4240 2760 3680
3800 4250 2760 3680
3850 4250 2750 3690
4020 4240 2740 3680
3960 4240 2750 3680
3820 4250 2740 3680
3870 4240 2750 3680
4050 4250 2750 3680
4220 4240 2750 3680
4250 4230 2750 3670
4260 4240 2760 3670
4260 4240 2750 3650
4260 4240 2760 3670
4260 4240 2770 3680
4260 4230 2770 3670
4290 4240 2760 3670
4300 4230 2760 3680
4310 4240 2750 3680
4310 4250 2750 3680
4310 4240 2750 3680
4310 4250 2750 3680
4330 4240 2760 3680
4350 4230 2760 3680
4390 4230 2760 3680
4410 4230 2760 3680
4410 4250 2760 3690
4400 4240 2760 3680
4400 4250 2760 3680
4400 4250 2760 3680
4410 4250 2750 3690
4400 4240 2750 3690
4410 4230 2750 3690
4430 4250 2760 3680
4410 4250 2750 3680
4400 4250 2740 3680
4390 4250 2750 3690
4390 4240 2750 3690
4410 4240 2750 3690
4320 4240 2750 3690
4190 4240 2750 3700
4080 4240 2750 3700
4100 4240 2750 3700
4010 4240 2750 3700
4120 4250 2750 3690
4220 4250 2750 3690
4260 4250 2760 3680
4300 4250 2760 3690
4330 4240 2760 3680
4390 4230 2760 3680
4150 4240 2760 3680
4070 4240 2760 3670
4010 4250 2760 3670
3960 4240 2750 3680
3940 4240 2750 3690
3870 4250 2750 3670
3840 4250 2750 3670
3820 4250 2750 3680
3800 4250 2760 3690
3790 4250 2750 3690
3790 4240 2740 3680
3790 4240 2740 3670
3790 4250 2750 3670
3780 4250 2750 3670
3800 4260 2750 3690
4010 4250 2760 3690
3980 4240 2760 3680
3930 4240 2770 3670
3900 4240 2770 3670
3880 4240 2760 3680
4010 4230 2750 3680
4000 4240 2750 3680
4020 4250 2760 3690
4060 4250 2760 3690
4110 4250 2770 3690
4100 4250 2770 3690
3990 4240 2760 3690
