3230 4360 3160 3930
3230 4380 3160 3930
3220 4380 3160 3920
3240 4410 3150 3930
3230 4370 3140 3950
3240 4400 3140 3950
3240 4380 3160 3940
3240 4400 3160 3940
3240 4420 3180 3930
3230 4380 3180 3920
3240 4360 3180 3920
3220 4410 3160 3930
3210 4380 3160 3930
3210 4380 3150 3920
3210 4350 3150 3920
3210 4420 3170 3930
3220 4390 3180 3920
3220 4370 3180 3930
3220 4360 3180 3930
3230 4370 3160 3930
3220 4410 3140 3940
3220 4400 3130 3940
3240 4400 3120 3960
3220 4340 3120 3950
3230 4340 3140 3940
3230 4370 3150 3930
3220 4400 3130 3930
3210 4360 3130 3930
3210 4380 3140 3940
3240 4400 3140 3940
3240 4390 3130 3930
3230 4370 3130 3920
3230 4360 3120 3910
3230 4390 3140 3930
3230 4330 3150 3940
3230 4330 3150 3930
3230 4340 3140 3920
3240 4340 3150 3930
3230 4350 3140 3920
3230 4360 3130 3910
3220 4360 3140 3910
3220 4420 3160 3910
3230 4390 3130 3930
3220 4420 3150 3920
3210 4420 3150 3930
3210 4400 3150 3930
3220 4360 3150 3950
3230 4410 3150 3960
3220 4400 3150 3950
3230 4420 3150 3940
3240 4380 3150 3950
3240 4390 3150 3960
3230 4410 3150 3940
3240 4370 3120 3940
3230 4370 3120 3930
3220 4390 3140 3940
3230 4390 3140 3930
3230 4380 3140 3950
3230 4430 3130 3950
3230 4360 3140 3930
3230 4360 3130 3930
3240 4370 3140 3900
3240 4350 3140 3900
3220 3910 3150 4430
3220 3910 3140 4450
3240 3910 3150 4440
3240 3910 3150 4380
3240 3900 3150 4450
3230 3900 3140 4380
3240 3900 3140 4440
3230 3910 3140 4400
3230 3910 3150 4440
3230 3900 3150 4430
3240 3900 3140 4410
3240 3900 3140 4470
3240 3890 3140 4420
3250 3900 3140 4420
3240 3900 3150 4430
3250 3900 3150 4390
3250 3910 3140 4420
3240 3910 3140 4410
3240 3910 3140 4450
3240 3910 3130 4450
3230 3910 3130 4420
3230 3910 3130 4430
3230 3910 3140 4400
3230 3900 3140 4450
3230 3890 3130 4430
3240 3900 3140 4460
3240 3900 3140 4450
3250 3900 3160 4390
3250 3900 3160 4450
3250 3900 3160 4400
3240 3900 3160 4450
3240 3900 3160 4460
3240 3900 3160 4390
3240 3910 3160 4380
3230 3900 3160 4370
3230 3900 3150 4440
3230 3900 3150 4450
3220 3900 3150 4450
3220 3900 3150 4420
3230 3890 3130 4400
3230 3900 3150 4400
3230 3900 3150 4440
3230 3900 3140 4430
3240 3910 3150 4390
3230 3910 3150 4450
3240 3910 3140 4450
3250 3890 3130 4400
3230 3890 3130 4450
3230 3890 3150 4410
3240 3900 3140 4390
3240 3900 3160 4410
3250 3900 3160 4420
3240 3900 3150 4380
3240 3900 3140 4420
3240 3910 3140 4410
3240 3910 3130 4400
3230 3890 3150 4390
3230 3900 3160 4370
3220 3910 3160 4380
3220 3920 3140 4390
3220 3920 3140 4440
3240 3910 3140 4410
3230 3900 3140 4420
3240 3880 3170 4470
3230 3880 3160 4390
3240 3880 3150 4400
3220 3880 3150 4430
3220 3880 3160 4400
3230 3880 3170 4380
3230 3890 3170 4400
3230 3890 3160 4450
3230 3880 3150 4390
3230 3880 3150 4390
3230 3890 3150 4450
3230 3900 3150 4440
3240 3890 3160 4380
3240 3890 3170 4390
3250 3890 3170 4430
3230 3890 3170 4400
