2880 3590 3540 4670
2880 3590 3550 4700
2880 3590 3550 4770
2880 3590 3550 4830
2880 3590 3550 4770
2880 3590 3550 4770
2870 3580 3550 4840
2880 3580 3550 4860
2880 3580 3550 4830
2880 3580 3550 4820
2890 3580 3550 4720
2880 3590 3550 4730
2870 3590 3550 4920
2880 3590 3550 4790
2880 3590 3550 4770
2890 3580 3560 4860
2900 3580 3560 4930
2890 3580 3560 4960
2890 3580 3550 4890
2890 3580 3550 5020
2880 3580 3550 4860
2880 3580 3540 4660
2890 3590 3530 4690
2890 3590 3540 4720
2870 3580 3540 4690
2860 3580 3540 4850
2870 3580 3540 4950
2870 3580 3540 4970
2870 3580 3540 4990
2870 3580 3550 4990
2870 3580 3560 5020
2870 3580 3550 5000
2870 3580 3550 4990
2870 3580 3550 4980
2880 3580 3550 4940
2880 3590 3550 4910
2880 3590 3560 4830
2880 3590 3560 4790
2870 3600 3550 4740
2880 3600 3550 4740
2890 3600 3550 4880
2880 3600 3550 4930
2870 3600 3560 4960
2870 3590 3550 4960
2860 3590 3550 4960
2860 3590 3560 4950
2870 3580 3560 4950
2880 3580 3560 4950
2880 3580 3560 4950
2880 3580 3560 4940
2880 3580 3560 4940
2890 3590 3560 4950
2900 3590 3560 4970
2900 3590 3560 4940
2890 3590 3560 4950
2890 3590 3560 4850
2890 3590 3550 4800
2880 3590 3540 4840
2880 3580 3540 4930
2870 3580 3550 4940
2880 3590 3560 4940
2860 3590 3550 4770
2860 3590 3550 4760
2860 3590 3560 4830
2870 3590 3550 4980
2870 3590 3550 5010
2870 3590 3560 5030
2870 3600 3570 5120
2880 3590 3560 5150
2880 3580 3550 5140
2880 3580 3550 5120
2890 3580 3550 5090
2900 3590 3550 5090
2900 3580 3550 5080
2890 3580 3550 5090
2870 3600 3710 4340
2880 3590 3790 4340
2880 3600 3950 4340
2880 3600 3960 4330
2890 3610 4010 4330
2880 3600 4060 4330
2870 3600 4070 4340
2870 3590 4180 4340
2880 3580 4150 4350
2890 3580 4120 4340
2870 3590 4220 4330
2870 3590 4290 4330
2880 3590 4160 4330
2880 3600 4150 4340
2870 3590 4130 4360
2870 3580 4110 4350
2870 3590 4130 4350
2860 3590 4200 4350
2860 3590 4240 4350
2860 3590 4270 4350
2870 3590 4300 4350
2870 3590 4260 4360
2860 3600 4310 4350
2850 3600 4360 4340
2870 3590 4120 4340
2870 3580 4100 4340
2870 3580 4090 4350
2860 3580 4100 4350
2860 3570 4090 4350
2870 3570 4090 4350
2860 3570 4080 4340
2870 3570 4100 4340
2870 3570 4120 4340
2860 3570 4110 4350
2870 3570 4100 4360
2870 3570 4090 4350
2870 3580 4080 4340
2870 3580 4070 4340
2870 3580 4070 4340
2870 3580 4050 4340
2880 3580 4040 4340
2880 3580 4020 4340
2880 3580 4030 4340
2870 3580 4020 4340
2870 3590 4010 4340
2870 3580 4010 4340
2870 3580 4010 4350
2870 3580 4030 4340
2870 3580 4040 4350
2870 3580 4030 4340
2860 3580 4030 4340
2870 3580 4030 4350
2880 3580 4040 4350
2880 3580 4030 4350
2880 3580 4030 4340
2870 3580 4030 4340
2870 3590 4030 4350
2870 3580 4010 4350
2860 3590 4010 4340
2880 3590 4000 4340
2880 3590 3980 4340
2870 3580 3950 4340
2860 3580 3930 4340
2860 3580 3930 4340
2860 3580 3930 4340
2870 3580 3930 4340
2870 3580 4020 4340
2860 3580 4030 4350
2860 3580 4000 4340
2850 3580 3960 4350
2860 3590 4000 4340
2860 3580 4000 4350
2870 3580 3990 4350
2870 3580 3990 4350
2860 3580 3950 4360
2860 3580 3940 4350
2860 3580 3930 4350
2850 3580 3930 4340
2860 3580 3930 4350
2860 3580 3980 4350
2870 3590 4000 4340
2870 3580 3940 4340
2870 3580 4190 4340
