2550 3330 4010 4880
2560 3330 4010 4970
2560 3330 4010 5020
2560 3360 4010 5100
2570 3360 4010 5150
2570 3360 4020 5380
2570 3360 4020 5300
2550 3360 4020 5240
2550 3360 4020 5200
2560 3360 4030 5130
2560 3360 4020 5100
2560 3340 4020 5070
2560 3340 4020 5050
2560 3330 4020 5050
2550 3330 4030 5050
2550 3330 4020 5060
2550 3330 4020 5060
2550 3340 4010 5090
2550 3340 4010 5110
2550 3340 4010 5120
2550 3360 4010 5090
2560 3330 4010 5050
2560 3330 4010 5030
2550 3330 4010 5080
2540 3330 4010 5080
2540 3330 4010 5160
2550 3340 4010 5120
2540 3360 4000 5150
2540 3340 4000 5130
2550 3340 3990 5100
2550 3360 4000 5180
2550 3340 4000 5350
2550 3340 4010 5250
2550 3340 4010 5410
2550 3340 4010 5310
2550 3330 4010 5230
2550 3330 4010 5180
2550 3340 4010 5150
2540 3330 4010 5150
2550 3340 4010 5160
2550 3340 4010 5180
2550 3360 4000 5180
2550 3360 4010 5170
2550 3370 4010 5170
2560 3370 4010 5170
2560 3360 4010 5170
2550 3370 4010 5310
2570 3360 4020 5250
2560 3370 4020 9370
2560 3360 4020 8070
2560 3340 4010 7150
2560 3360 4000 6510
2570 3360 4020 6070
2570 3370 4020 5680
2570 3370 4000 5770
2570 3360 4000 5630
2570 3360 4010 5550
2560 3360 4020 5460
2560 3340 4010 5470
2560 3360 4010 5600
2560 3340 4010 5700
2570 3360 4030 5580
2570 3360 4020 5690
2570 3340 4030 5640
2570 3330 4040 5510
2570 3360 4030 5430
2570 3360 4020 5310
2560 3360 4010 5280
2560 3370 4000 5230
2560 3370 4010 5200
2560 3360 4000 5160
2560 3360 4010 5130
2570 3360 4010 5120
2580 3360 4020 5190
2580 3360 4010 5200
2570 3360 4010 5230
2570 3340 4010 5230
2570 3340 4010 5230
2570 3340 4010 5240
2570 3340 4000 5260
2570 3340 4000 5280
2570 3360 4000 5280
2570 3360 4000 5300
2570 3340 4010 5290
2570 3330 4010 5250
2570 3330 4020 5210
2570 3340 4020 5190
2570 3340 4020 5200
2570 3360 4020 5230
2570 3360 4020 5190
2570 3340 4020 5160
2570 3340 4020 5140
2570 3340 4020 5130
2570 3360 4030 5210
2570 3370 4010 5190
2570 3590 4010 4690
2570 3630 4010 4690
2570 3630 4010 4680
2570 3710 4010 4690
2560 3680 4010 4690
2560 3650 4010 4690
2570 3680 4010 4700
2570 3720 4020 4690
2570 3870 4020 4690
2570 3960 4020 4690
2570 4030 4020 4690
2570 4000 4020 4700
2570 3950 4020 4700
2560 3880 4000 4700
2550 3720 3990 4700
2550 3720 3990 4700
2560 3850 4010 4700
2570 4010 3990 4690
2570 3880 3990 4690
2560 3950 4010 4690
2560 4030 4010 4690
2550 4070 4010 4690
2560 4130 4020 4690
2560 4180 4010 4690
2560 4240 4000 4700
2560 4100 4010 4690
2560 4100 4010 4690
2560 4040 4010 4690
2560 3960 4010 4690
2560 3930 4010 4700
2560 3870 4010 4700
2560 3820 4010 4700
2560 3790 4010 4700
2570 3940 4010 4700
2570 4020 4020 4700
2570 3850 4020 4700
2570 3760 4020 4700
2570 3700 4020 4700
2560 3700 4020 4700
2550 3750 4010 4690
2560 3790 4000 4690
2560 3810 4000 4690
2560 3820 3990 4680
2560 3830 3990 4690
2560 3830 4000 4690
2560 3790 4000 4690
2560 3840 4000 4690
2560 3870 4010 4690
2570 3810 4010 4690
2560 3740 4010 4690
2560 3670 4010 4700
2560 3630 4010 4700
2550 3600 4010 4700
2550 3590 4010 4690
2550 3590 4020 4690
2560 3570 4020 4690
2560 3570 4000 4690
2550 3580 4000 4690
2560 3730 4010 4700
2560 3820 4020 4700
2570 3940 4020 4700
2570 4000 4020 4700
2570 3910 4020 4690
2570 3840 4020 4700
2570 3840 4010 4690
2560 3760 4010 4690
2580 3670 4000 4680
2560 4120 4020 4680
2570 3940 4020 4680
2560 3830 4020 4680
2560 4000 4020 4680
2560 4190 4010 4690
2560 3960 4010 4690
2560 4110 4010 4690
2560 3940 4010 4690
2560 3920 4020 4690
2560 3870 4020 4690
2560 3810 4010 4690
2550 3770 4020 4690
2560 3760 4020 4690
2560 3750 4020 4690
2560 3770 4020 4690
2570 3810 4020 4690
2570 3840 4030 4690
2560 3840 4020 4690
2560 3760 4010 4690
2560 3710 4010 4690
