2320 3510 4510 5110
2310 3480 4510 5120
2320 3480 4510 5120
2310 3450 4510 5120
2310 3480 4520 5130
2310 3580 4520 5130
2310 3650 4520 5130
2320 3630 4520 5130
2320 3760 4520 5120
2310 3640 4520 5110
2300 3620 4520 5120
2310 3480 4510 5120
2320 3670 4520 5120
2330 3650 4520 5110
2330 3700 4520 5110
2310 3790 4520 5110
2310 3920 4520 5110
2310 4020 4510 5110
2310 3910 4510 5110
2310 3850 4510 5100
2320 3810 4510 5100
2310 3760 4510 5110
2310 3740 4510 5120
2310 3720 4510 5120
2310 3690 4520 5120
2310 3680 4510 5120
2300 3880 4500 5120
2310 3920 4500 5120
2310 4190 4510 5110
2320 4240 4510 5100
2320 4260 4510 5110
2320 4220 4510 5110
2330 4170 4510 5120
2330 4150 4500 5110
2310 4170 4510 5110
2310 4070 4510 5110
2320 4120 4510 5110
2310 4150 4500 5110
2310 4180 4500 5100
2310 4200 4510 5110
2310 4210 4510 5120
2300 4230 4510 5130
2310 4250 4510 5130
2310 4260 4510 5120
2310 4270 4510 5120
2300 4290 4500 5130
2300 4210 4500 5130
2310 3940 4500 5130
2310 3790 4520 5110
2310 3780 4520 5110
2320 3770 4520 5110
2310 3770 4520 5110
2310 3780 4520 5110
2320 3870 4510 5120
2310 3730 4520 5110
2310 3910 4520 5120
2310 4040 4520 5120
2310 4120 4520 5120
2320 4190 4520 5110
2310 4240 4520 5120
2320 4290 4520 5110
2320 4300 4520 5120
2310 4040 4520 5120
2310 4040 4520 5120
2310 4050 4520 5110
2310 4160 4520 5100
2320 4200 4520 5100
2310 4030 4510 5100
2310 3830 4510 5100
2320 3700 4510 5100
2310 3600 4510 5110
2310 3650 4510 5110
2310 3670 4510 5110
2320 3880 4510 5110
2310 4140 4510 5120
2310 4400 4500 5120
2300 4460 4510 5110
2300 4520 4510 5100
2310 4540 4510 5100
2320 4240 4510 5100
2310 4360 4510 5110
2320 4380 4500 5110
2330 4420 4510 5120
2330 4410 4510 5110
2330 4390 4520 5110
2330 4370 4520 5110
2330 4060 4510 5120
2330 3900 4510 5120
2330 3760 4510 5120
2330 3680 4510 5130
2330 3740 4520 5130
2330 3800 4520 5120
2320 3810 4510 5120
2320 3840 4510 5120
2330 3830 4510 5120
2320 3920 4510 5120
2330 4030 4510 5120
2480 3130 4510 5110
2470 3130 4510 5130
2520 3130 4510 5120
2520 3140 4500 5120
2520 3140 4500 5120
2470 3130 4500 5120
2480 3140 4510 5120
2490 3150 4510 5120
2540 3150 4510 5120
2540 3140 4500 5130
2530 3150 4500 5130
2480 3140 4510 5120
2440 3150 4510 5110
2430 3150 4520 5110
2420 3150 4520 5100
2540 3140 4510 5100
2580 3130 4510 5110
2610 3130 4520 5120
2650 3130 4510 5110
2660 3140 4510 5120
2690 3150 4510 5120
2700 3140 4510 5130
2700 3140 4510 5130
2710 3130 4510 5120
2780 3130 4510 5110
2890 3130 4510 5120
2910 3140 4520 5110
2940 3150 4520 5110
2860 3140 4530 5110
2830 3140 4520 5110
2800 3140 4520 5110
2770 3140 4520 5110
2760 3130 4520 5110
2790 3130 4520 5110
2750 3140 4520 5110
2820 3140 4520 5110
2880 3130 4530 5100
2920 3140 4530 5100
2860 3140 4530 5100
2920 3130 4530 5100
2950 3130 4530 5100
2950 3140 4530 5100
2920 3150 4530 5100
2890 3150 4520 5100
2870 3150 4520 5100
2860 3150 4520 5110
2860 3150 4530 5110
2840 3140 4530 5110
2870 3140 4530 5130
2900 3140 4530 5120
2920 3140 4530 5120
2920 3140 4530 5110
2940 3130 4520 5120
2910 3130 4520 5120
2910 3130 4520 5120
2800 3140 4520 5110
2800 3140 4520 5120
2870 3140 4520 5110
2820 3140 4520 5110
3000 3140 4520 5110
3020 3140 4520 5110
2920 3140 4520 5110
2890 3150 4520 5110
2840 3150 4520 5100
2870 3140 4520 5100
2910 3140 4520 5110
2930 3140 4520 5110
2950 3140 4520 5110
2980 3130 4520 5110
3010 3140 4520 5110
3030 3150 4520 5120
3050 3150 4510 5120
3060 3140 4510 5120
3030 3140 4510 5130
3020 3130 4510 5110
3010 3140 4510 5110
3010 3140 4520 5110
3000 3140 4520 5110
2990 3150 4520 5110
2990 3140 4520 5100
2940 3150 4520 5100
2900 3150 4520 5110
2830 3140 4510 5110
2790 3140 4520 5120
2760 3140 4520 5120
2720 3140 4510 5130
2720 3140 4510 5120
2700 3150 4510 5120
2690 3150 4500 5120
2680 3140 4500 5120
2670 3150 4500 5120
2660 3150 4490 5120
2670 3140 4500 5120
2660 3140 4510 5120
2670 3130 4510 5110
