2160 3060 5310 5550
2160 3060 5340 5540
2160 3050 5390 5550
2170 3060 5360 5540
2170 3060 5390 5540
2160 3060 5410 5550
2160 3050 5500 5550
2160 3060 5380 5560
2160 3060 5380 5540
2170 3070 5470 5540
2170 3080 5500 5540
2160 3080 5620 5540
2160 3070 5650 5550
2160 3080 5660 5540
2150 3080 5650 5540
2150 3080 5650 5550
2160 3080 5640 5540
2170 3070 5640 5540
2170 3060 5650 5540
2160 3050 5680 5540
2160 3050 5680 5520
2180 3060 5570 5520
2160 3060 5570 5550
2160 3050 5560 5520
2170 3060 5540 5510
2160 3050 5550 5540
2160 3060 5590 5520
2160 3070 5640 5520
2160 3070 5680 5540
2150 3070 5680 5540
2160 3070 5640 5550
2160 3050 5590 5540
2160 3030 5580 5540
2170 3030 5570 5540
2180 3050 5560 5520
2180 3050 5560 5540
2180 3060 5560 5550
2170 3060 5560 5550
2170 3070 5560 5540
2160 3080 5580 5520
2160 3060 5580 5540
2160 3060 5570 5520
2160 3070 5560 5550
2170 3070 5510 5550
2170 3070 5450 5550
2170 3060 5410 5550
2170 3050 5340 5520
2160 3030 5480 5540
2160 3030 5600 5550
2160 3030 5590 5550
2160 3020 5570 5560
2160 3010 5550 5540
2170 3030 5510 5540
2170 3050 5480 5540
2170 3030 5440 5550
2160 3050 5420 5550
2160 3050 5380 5520
2170 3060 5340 5520
2170 3060 5380 5510
2180 3060 5430 5510
2180 3050 5450 5510
2180 3050 5450 5520
2170 3050 5480 5520
2170 3050 5510 5540
2170 3030 5540 5540
2160 3030 5430 5520
2160 3050 5520 5550
2160 3050 5590 5550
2160 3050 5540 5550
2160 3050 5540 5520
2160 3250 5000 5540
2160 3450 5000 5540
2150 3410 5000 5540
2160 3340 5000 5540
2170 3330 5000 5540
2160 3400 5000 5540
2160 3430 5000 5540
2160 3370 5010 5540
2160 3320 5010 5550
2160 3270 5000 5560
2170 3240 5000 5570
2160 3260 5000 5560
2160 3270 5000 5550
2160 3270 5000 5550
2160 3270 5000 5560
2170 3410 4990 5540
2160 3330 4990 5550
2160 3320 5000 5550
2160 3360 5000 5550
2160 3340 5000 5540
2170 3310 5000 5540
2160 3300 5000 5540
2160 3300 5000 5540
2160 3300 4990 5540
2160 3330 4990 5520
2170 3370 4990 5520
2160 3340 4990 5540
2160 3340 4990 5550
2150 3360 5000 5540
2160 3360 5000 5540
2160 3360 5000 5540
2160 3380 5000 5550
2160 3400 5000 5550
2160 3410 5000 5550
2160 3420 5000 5540
2170 3380 5000 5550
2170 3410 5000 5550
2160 3480 5000 5560
2160 3650 5000 5560
2160 3760 5000 5550
2160 3770 5000 5550
2160 3880 5000 5550
2160 3840 5000 5550
2160 3820 5010 5560
2160 3890 5000 5540
2160 3930 5000 5520
2160 3890 4990 5520
2150 3900 4990 5520
2160 3710 4990 5520
2170 3580 5000 5520
2170 3500 5000 5520
2160 3630 4990 5540
2160 3550 4990 5540
2160 3460 5000 5540
2160 3400 4990 5540
2160 3400 4990 5550
2170 3410 4990 5560
2150 3340 5000 5560
2150 3390 4990 5560
2160 3330 4990 5560
2160 3280 4990 5550
2150 3280 4990 5540
2160 3280 4990 5520
2170 3270 4990 5510
2160 3270 4990 5510
2160 3280 4990 5520
2170 3280 4990 5510
2170 3280 4990 5520
2170 3270 4990 5510
2170 3260 5000 5540
2160 3260 5000 5540
2160 3260 5000 5540
2170 3300 5000 5540
2160 3380 5000 5540
2160 3420 5000 5540
2160 3370 4990 5510
2160 3360 4990 5520
2160 3320 4990 5520
2160 3310 5000 5520
2170 3310 4990 5520
2160 3300 4990 5510
2160 3290 4990 5510
2150 3290 4990 5510
