5330 5460 2200 2950
5350 5460 2200 2950
5310 5470 2200 2950
5290 5470 2190 2940
5360 5470 2180 2940
5320 5470 2180 2940
5330 5470 2170 2950
5370 5470 2170 2940
5330 5470 2180 2950
5340 5460 2190 2950
5300 5460 2180 2950
5320 5470 2180 2960
5350 5470 2180 2970
5330 5470 2180 2970
5290 5460 2190 2960
5320 5470 2190 2950
5350 5470 2190 2960
5290 5460 2190 2960
5300 5450 2180 2950
5320 5460 2170 2940
5350 5460 2180 2940
5350 5460 2180 2950
5310 5460 2180 2950
5350 5450 2170 2960
5300 5450 2170 2950
5340 5460 2170 2950
5300 5460 2170 2940
5340 5460 2170 2940
5300 5460 2170 2940
5320 5460 2170 2950
5320 5460 2170 2950
5300 5460 2170 2940
5300 5450 2170 2940
5340 5450 2170 2950
5310 5450 2170 2950
5310 5450 2170 2950
5380 5450 2170 2950
5350 5450 2170 2950
5380 5460 2170 2950
5370 5460 2180 2960
5370 5460 2180 2960
5340 5460 2180 2960
5380 5450 2190 2960
5380 5450 2190 2970
5380 5450 2180 2980
5370 5440 2170 2980
5370 5440 2180 2970
5380 5450 2180 2970
5330 5450 2180 2980
5310 5450 2190 2970
5320 5450 2180 2980
5350 5450 2180 2970
5330 5450 2180 2960
5390 5460 2180 2950
5390 5450 2170 2950
5310 5450 2170 2960
5330 5450 2170 2970
5360 5450 2170 2970
5330 5440 2170 2960
5320 5450 2160 2950
5320 5450 2160 2960
5320 5450 2170 2960
5340 5450 2170 2970
5380 5450 2160 2980
5330 5450 2180 2980
5330 5450 2170 2970
5370 5450 2180 2960
5320 5460 2170 2970
5380 5450 2170 2970
5330 5460 2170 2970
5320 5460 2170 2970
5340 5460 2160 2960
5330 5460 2170 2950
5350 5460 2170 2970
5370 5460 2190 2960
5310 5460 2190 2960
5380 5460 2190 2970
5340 5450 2180 2970
5380 5450 2180 2970
5320 5450 2180 2970
5340 5450 2170 2960
5300 5460 2170 2960
5310 5460 2180 2950
5290 5460 2190 2950
5300 5460 2180 2950
5350 5460 2180 2950
5300 5460 2180 2950
5320 5460 2180 2960
5370 5460 2180 2960
5330 5460 2180 2960
5350 5460 2180 2950
5330 5460 2180 2960
5370 5460 2180 2950
5330 5460 2190 2950
5330 5460 2190 2960
5290 5460 2200 2960
4850 5980 2180 2960
4850 5920 2180 2950
4850 5940 2170 2950
4850 5930 2180 2950
4840 5920 2180 2950
4840 5940 2170 2950
4840 5970 2180 2960
4840 5930 2180 2960
4840 5930 2180 2950
4850 5910 2190 2950
4850 5950 2190 2960
4840 5930 2190 2950
4840 5980 2180 2950
4840 5940 2180 2950
4840 5940 2180 2960
4850 5920 2180 2970
4850 5940 2170 2970
4840 5920 2160 2970
4850 5920 2170 2970
4850 5960 2160 2970
4860 5940 2170 2970
4860 5980 2170 2970
4860 5920 2170 2960
4860 5980 2180 2950
4860 5980 2190 2950
4850 5960 2190 2950
4850 5940 2190 2950
4850 5920 2180 2960
4850 5950 2180 2970
4850 5950 2180 2970
4850 5990 2180 2960
4840 5990 2170 2950
4850 5930 2160 2950
4850 5950 2160 2960
4850 5980 2160 2950
4850 5990 2180 2950
4850 6000 2170 2950
4860 5960 2160 2950
4860 5960 2170 2950
4860 5950 2180 2960
4850 5960 2180 2970
4850 5920 2180 2960
4850 5990 2180 2960
4850 5930 2180 2970
4840 5980 2180 2960
4840 5940 2190 2950
4840 5950 2180 2940
4850 5930 2180 2940
4840 5960 2180 2950
4840 5970 2180 2960
4840 5940 2170 2950
4840 5960 2170 2960
4840 5980 2170 2960
4850 5980 2160 2970
4860 5980 2170 2970
4840 5920 2170 2950
4840 5950 2170 2950
4830 5970 2170 2950
4830 5940 2160 2950
4830 5960 2160 2960
4830 5900 2180 2950
4840 5900 2180 2950
4830 5900 2180 2960
4840 5910 2180 2960
4840 5910 2180 2950
4840 5920 2180 2950
4840 5910 2180 2950
4850 5950 2180 2950
4860 5930 2170 2950
4870 5970 2170 2960
4850 5950 2160 2950
4860 5900 2170 2960
4860 5930 2170 2950
4860 5910 2170 2960
4860 5930 2180 2960
4860 5980 2180 2960
4850 5910 2190 2960
4840 5970 2180 2960
4840 5970 2180 2950
4850 5950 2180 2950
4850 5950 2170 2950
4860 5930 2170 2970
4870 5940 2170 2970
4860 5980 2170 2960
4860 5940 2180 2970
4850 5920 2180 2970
4860 5960 2180 2970
4860 5930 2180 2960
4850 5910 2180 2950
4860 5910 2190 2950
4860 5970 2180 2950
4870 5920 2190 2950
4860 5940 2190 2940
4860 5960 2190 2940
4860 5980 2190 2940
4840 5940 2190 2940
4850 5920 2190 2940
4860 5920 2190 2940
4860 5920 2190 2940
