2640 2540 5140 5410
2640 2520 5140 5420
2640 2550 5140 5450
2640 2560 5140 5450
2630 2550 5130 5440
2630 2570 5130 5440
2630 2570 5130 5460
2630 2550 5120 5460
2640 2550 5110 5490
2640 2550 5120 5520
2630 2570 5120 5550
2640 2570 5130 5560
2640 2570 5130 5570
2640 2550 5130 5580
2640 2560 5130 5570
2640 2540 5140 5570
2630 2540 5140 5570
2630 2540 5140 5570
2630 2550 5140 5570
2630 2540 5140 5560
2630 2550 5150 5560
2630 2550 5150 5570
2630 2550 5160 5570
2630 2550 5150 5570
2640 2540 5150 5570
2640 2560 5150 5540
2640 2550 5150 5540
2640 2550 5150 5540
2640 2560 5150 5520
2640 2550 5150 5500
2640 2560 5150 5520
2640 2550 5150 5520
2640 2540 5150 5550
2640 2550 5160 5560
2650 2540 5170 5560
2650 2540 5160 5560
2650 2560 5150 5560
2650 2550 5150 5560
2650 2540 5140 5560
2650 2550 5140 5560
2640 2540 5130 5560
2630 2520 5140 5570
2640 2520 5140 5570
2640 2540 5140 5570
2640 2550 5140 5570
2640 2560 5140 5580
2640 2580 5140 5580
2640 2580 5140 5580
2640 2580 5140 5600
2640 2580 5140 5590
2640 2560 5140 5590
2650 2550 5140 5580
2650 2560 5140 5580
2650 2550 5150 5570
2650 2550 5140 5580
2640 2550 5150 5580
2650 2540 5150 5560
2650 2540 5150 5550
2640 2540 5150 5550
2640 2560 5150 5550
2630 2560 5150 5540
2630 2550 5150 5540
2640 2550 5150 5540
2640 2550 5150 5520
2640 2540 5140 5520
2640 2550 5140 5520
2640 2560 5130 5540
2640 2560 5140 5540
2640 2550 5140 5540
2640 2540 5140 5540
2640 2550 5130 5540
2640 2550 5130 5550
2640 2550 5130 5550
2650 2550 5140 5550
2650 2550 5130 5540
2650 2560 5130 5520
2650 2550 5130 5500
2650 2550 5130 5500
2650 2550 5130 5510
2650 2530 5130 5500
2650 2520 5140 5490
2650 2530 5140 5500
2660 2540 5140 5500
2660 2540 5140 5510
2670 2550 5140 5500
2670 2550 5140 5490
2660 2550 5140 5500
2660 2550 5140 5500
2660 2550 5140 5500
2650 2550 5140 5500
2650 2560 5140 5500
2650 2550 5140 5490
2640 2540 5140 5480
2640 2540 5150 5470
2650 2540 5150 5450
2650 2530 5150 5450
2650 2530 5140 5460
2650 2520 5140 5470
2650 2520 5140 5480
2650 2550 5140 5470
2650 2540 5150 5470
2650 2530 5140 5480
2650 2540 5140 5460
2650 2540 5140 5450
2650 2540 5140 5440
2650 2550 5140 5450
2650 2550 5140 5460
2650 2550 5160 5480
2640 2550 5150 5490
2640 2540 5160 5500
2640 2530 5160 5510
2640 2550 5160 5510
2640 2550 5150 5510
2640 2540 5150 5510
2640 2550 5150 5500
2640 2550 5150 5490
2650 2550 5150 5490
2650 2560 5150 5500
2650 2560 5150 5520
2650 2540 5150 5520
2650 2540 5160 5520
2650 2560 5160 5520
2650 2540 5150 5490
2650 2530 5150 5480
2650 2520 5150 5480
2650 2520 5150 5500
2640 2540 5150 5500
2640 2530 5150 5480
2640 2530 5150 5470
2630 2540 5150 5470
2630 2530 5160 5480
2630 2530 5160 5470
2650 2520 5150 5470
2650 2520 5150 5460
2650 2520 5150 5450
2650 2540 5140 5450
2650 2540 5150 5470
2650 2550 5150 5480
2650 2540 5150 5490
2650 2540 5150 5510
2650 2540 5150 5520
2650 2540 5150 5520
2650 2540 5150 5520
2650 2530 5150 5520
2650 2540 5150 5500
2640 2960 5160 5270
2640 2850 5160 5280
2650 3130 5160 5280
2650 3150 5160 5270
2650 3080 5160 5270
2640 2950 5160 5270
2630 2920 5160 5270
2640 2920 5160 5270
2640 2890 5150 5270
2630 2870 5150 5280
2630 2870 5150 5270
2630 2870 5160 5270
2630 2870 5160 5270
2630 2900 5160 5270
2630 2920 5170 5270
2630 2930 5160 5270
2640 2990 5150 5270
2640 3020 5140 5280
2640 3050 5150 5280
2640 3100 5160 5290
2650 3090 5160 5290
2650 2870 5160 5280
2640 2880 5150 5280
2640 2860 5150 5280
2640 3030 5150 5280
2640 3190 5150 5280
2640 3100 5160 5280
2640 3020 5160 5280
2640 2990 5160 5280
2640 2960 5150 5290
2640 2940 5150 5290
2630 2920 5150 5290
2640 3190 5140 5290
2640 3190 5140 5280
2640 3170 5140 5290
2640 3150 5150 5290
2640 3120 5150 5280
2640 3080 5150 5270
2640 3010 5150 5280
2640 2970 5150 5280
2640 2920 5150 5290
2640 2880 5150 5290
2640 2830 5160 5270
2640 2860 5160 5270
2640 2860 5160 5270
2640 3020 5160 5270
2640 3130 5170 5270
2640 3070 5170 5270
2640 3020 5170 5270
2640 3010 5170 5260
2640 2990 5170 5260
2630 3010 5160 5270
2630 3300 5160 5280
2640 3340 5160 5270
2640 3200 5160 5270
2640 3100 5160 5270
2640 3000 5160 5270
2630 2940 5160 5270
2640 2900 5170 5260
2640 2860 5160 5260
2640 2870 5160 5270
2630 2870 5160 5270
2630 2870 5160 5270
2640 2910 5160 5260
2640 2940 5170 5250
2640 2940 5170 5250
2640 2980 5160 5250
2640 2900 5160 5270
2640 2900 5150 5270
2640 2890 5150 5270
2640 2870 5160 5270
2640 2870 5160 5260
2640 2850 5160 5260
2640 2870 5160 5270
2640 2920 5160 5260
2640 3020 5150 5260
2650 3130 5150 5260
2650 3160 5170 5260
2650 3160 5170 5270
2650 3190 5170 5270
2650 3230 5170 5270
2650 3290 5170 5280
2640 3160 5170 5280
2640 3060 5170 5270
2640 3000 5170 5270
2640 2990 5170 5270
2640 2950 5170 5270
2630 2890 5160 5270
2630 2870 5160 5270
2630 2870 5150 5260
2630 2870 5150 5260
2630 2850 5150 5270
2640 2830 5150 5270
2630 2830 5150 5280
2640 2830 5150 5280
2630 2830 5150 5290
2630 2820 5160 5280
2630 2810 5160 5280
2630 2800 5160 5270
2630 2790 5160 5260
2630 2790 5160 5250
2630 2790 5170 5250
2630 2810 5180 5260
2630 2800 5170 5270
2640 2810 5150 5270
2640 2810 5150 5270
