2720 2650 4750 5000
2720 2650 4750 4940
2720 2650 4750 4950
2720 2650 4750 4980
2720 2650 4750 5000
2720 2650 4740 5020
2720 2650 4740 4960
2720 2650 4740 5010
2710 2660 4740 5050
2710 2660 4750 5060
2710 2670 4750 5090
2710 2660 4760 5200
2710 2660 4760 5230
2710 2660 4760 5260
2710 2650 4750 5250
2710 2660 4750 5240
2720 2660 4750 5240
2710 2650 4760 5250
2710 2650 4760 5250
2720 2670 4760 5240
2710 2660 4760 5250
2710 2660 4760 5250
2720 2660 4750 5250
2720 2660 4750 5250
2720 2670 4750 5250
2740 2660 4750 5250
2740 2660 4750 5240
2740 2660 4750 5230
2720 2660 4760 5210
2720 2650 4760 5210
2720 2650 4760 5210
2720 2650 4760 5190
2740 2660 4760 5190
2740 2660 4760 5200
2720 2660 4760 5200
2710 2660 4760 5200
2720 2660 4760 5200
2720 2660 4760 5190
2720 2660 4760 5180
2710 2670 4750 5170
2720 2670 4750 5170
2720 2670 4750 5170
2720 2670 4740 5170
2720 2670 4750 5160
2710 2660 4750 5160
2710 2660 4750 5160
2710 2660 4750 5170
2710 2660 4750 5170
2710 2660 4750 5190
2710 2660 4750 5250
2710 2660 4750 5310
2710 2660 4750 5350
2720 2660 4750 5360
2720 2650 4750 5370
2710 2650 4750 5380
2720 2640 4750 5370
2740 2640 4750 5360
2740 2640 4760 5360
2740 2630 4760 5350
2740 2630 4770 5350
2720 2630 4770 5350
2720 2640 4750 5380
2720 2640 4750 5400
2720 2640 4750 5420
2720 2650 4750 5440
2720 2650 4750 5470
2720 2670 4750 5470
2740 2660 4750 5470
2720 2670 4750 5440
2720 2670 4750 5430
2720 2670 4760 5420
2720 2670 4760 5420
2710 2670 4760 5420
2710 2660 4760 5440
2720 2660 4760 5470
2720 2650 4760 5480
2720 2660 4760 5490
2740 2650 4760 5400
2740 2660 4750 5480
2740 2650 4750 5570
2740 2650 4750 5560
2720 2660 4740 5550
2720 2670 4740 5560
2720 2670 4740 5560
2720 2660 4740 5590
2740 2650 4740 5630
2720 2660 4750 5640
2720 2660 4750 5640
2720 2670 4750 5630
2740 2650 4750 5620
2720 2660 4750 5640
2720 2670 4750 5660
2720 2670 4750 5670
2720 2670 4750 5700
2740 2650 6450 4860
2740 2650 6100 4870
2740 2650 5770 4860
2740 2650 5560 4870
2740 2650 5390 4870
2740 2660 5230 4860
2740 2660 5160 4860
2740 2670 5090 4860
2740 2670 5190 4860
2740 2680 5280 4860
2740 2670 5310 4860
2740 2660 5330 4860
2740 2650 5360 4870
2740 2650 5390 4880
2740 2650 5350 4880
2720 2660 5190 4880
2740 2660 5310 4880
2720 2660 5300 4870
2720 2660 5310 4860
2720 2660 5350 4870
2720 2670 5400 4870
2720 2670 5440 4870
2720 2680 5450 4870
2720 2670 5450 4870
2720 2660 5480 4870
2720 2670 5470 4880
2720 2670 5470 4880
2720 2670 5500 4880
2720 2670 5450 4880
2720 2680 5400 4880
2740 2680 5380 4880
2750 2680 5400 4880
2740 2670 5410 4880
2740 2660 5440 4880
2720 2660 5470 4880
2720 2650 5520 4880
2720 2650 5320 4880
2720 2650 5450 4870
2720 2660 5500 4880
2720 2660 5400 4880
2720 2660 5320 4880
2720 2660 5340 4880
2720 2650 5400 4880
2720 2660 5440 4880
2720 2650 5470 4880
2710 2650 5480 4880
2720 2650 5490 4880
2720 2660 5490 4880
2740 2660 5510 4880
2720 2660 5480 4880
2720 2660 5480 4870
2720 2660 5480 4870
2720 2660 5470 4870
2720 2660 5470 4870
2740 2660 5490 4870
2720 2650 5480 4880
2720 2650 5490 4880
2720 2660 5490 4880
2720 2660 5490 4880
2720 2650 5490 4880
2720 2650 5490 4890
2720 2650 5470 4890
2720 2650 5450 4890
2720 2640 5450 4890
2720 2660 5440 4880
2720 2660 5450 4880
2720 2660 5450 4870
2720 2660 5460 4880
2720 2660 5450 4880
2710 2660 5450 4880
2720 2650 5470 4870
2710 2660 5480 4870
2710 2660 5480 4870
2710 2660 5480 4870
2710 2650 5470 4870
2710 2650 5470 4880
2710 2660 5480 4880
2710 2660 5480 4880
2700 2660 5480 4890
2700 2670 5450 4890
2700 2670 5480 4880
2710 2660 5470 4880
2710 2670 5450 4890
2710 2660 5370 4890
2720 2660 5300 4890
2720 2660 5250 4880
2740 2650 5210 4880
2720 2650 5190 4880
2720 2650 5180 4880
2740 2650 5160 4880
2740 2650 5150 4880
2740 2660 5160 4880
2740 2660 5160 4880
2720 2670 5190 4880
2720 2670 5190 4880
2720 2670 5250 4880
2720 2670 5210 4880
2720 2660 5570 4880
2720 2670 5510 4880
2720 2670 5950 4880
2710 2660 5780 4880
2710 2660 5650 4880
