2960 2820 4520 4450
2960 2820 4460 4440
2980 2830 4500 4440
2980 2840 4530 4440
2960 2830 4480 4460
2960 2840 4490 4450
2970 2820 4530 4450
2960 2820 4550 4450
2970 2830 4500 4450
2970 2820 4660 4450
2970 2820 4820 4460
2970 2830 4690 4460
2970 2830 4570 4460
2970 2830 4620 4460
2970 2830 4700 4460
2980 2830 4820 4450
2980 2830 4910 4450
2990 2840 4980 4460
2980 2830 4810 4460
2980 2830 4810 4460
2970 2830 4670 4450
2980 2830 4600 4450
2990 2830 4690 4450
2990 2830 4730 4450
2990 2840 4760 4450
2970 2850 4800 4450
2970 2850 4830 4450
2980 2850 4880 4450
2980 2850 4930 4450
2960 2840 4860 4450
2960 2850 4790 4440
2940 2850 4820 4450
2950 2850 4940 4450
2960 2850 5010 4450
2970 2840 5060 4450
2970 2850 5080 4450
2980 2840 5090 4440
2980 2830 5090 4440
2970 2830 5100 4440
2970 2840 5100 4450
2980 2830 5090 4450
2980 2830 5090 4450
2990 2830 5020 4440
2980 2830 5020 4450
2990 2850 5040 4450
2970 2830 5030 4440
2970 2840 5010 4440
2960 2830 5010 4450
2960 2820 5010 4450
2970 2830 5010 4450
2970 2840 5030 4450
2970 2830 5020 4450
2970 2830 5020 4450
2960 2830 5020 4440
2960 2840 5010 4440
2970 2840 5010 4450
2970 2840 5000 4450
2960 2850 5000 4440
2970 2860 5020 4440
2980 2850 5020 4440
2980 2850 5010 4440
2980 2840 5030 4450
2980 2840 5020 4450
2970 2850 5030 4450
2970 2850 5040 4450
2980 2840 5050 4450
2980 2840 5070 4450
2970 2830 5070 4450
2970 2830 5060 4450
2970 2830 5050 4440
2980 2830 5040 4440
2970 2830 5040 4430
2970 2830 5040 4440
2960 2840 5060 4440
2970 2850 5050 4440
2970 2850 5040 4440
2980 2850 5030 4450
2990 2860 5040 4450
2980 2860 5040 4450
2980 2850 5040 4450
2980 2840 5040 4450
2990 2840 5050 4450
2990 2830 5070 4440
2990 2830 5070 4440
2980 2840 5110 4450
2980 2840 5130 4450
2980 2840 5130 4450
3330 2860 4290 4450
3370 2830 4290 4450
3370 2830 4300 4450
3360 2840 4290 4450
3510 2850 4300 4450
3550 2830 4300 4450
3750 2840 4300 4450
3630 2850 4300 4450
3630 2850 4290 4450
3630 2850 4290 4460
3640 2850 4300 4460
3670 2840 4310 4450
3690 2840 4300 4450
3700 2840 4310 4450
3610 2850 4300 4450
3650 2840 4310 4450
3530 2840 4310 4450
3600 2850 4310 4460
3670 2850 4310 4450
3680 2840 4310 4450
3690 2830 4310 4460
3680 2830 4300 4460
3690 2830 4290 4450
3700 2840 4300 4450
3710 2830 4310 4450
3670 2830 4310 4450
3630 2830 4300 4450
3590 2830 4300 4450
3530 2830 4290 4450
3520 2830 4290 4460
3540 2850 4290 4460
3560 2850 4290 4450
3560 2850 4290 4450
3520 2850 4290 4450
3480 2850 4300 4460
3480 2850 4310 4460
3480 2850 4300 4460
3470 2840 4300 4450
3510 2850 4310 4450
3530 2850 4310 4450
3540 2850 4300 4450
3540 2840 4310 4450
3540 2830 4300 4450
3560 2840 4300 4450
3490 2840 4310 4460
3460 2840 4310 4460
3560 2830 4300 4450
3570 2840 4310 4450
3580 2830 4310 4450
3590 2830 4310 4450
3590 2840 4310 4450
3590 2840 4310 4460
3600 2830 4300 4460
3610 2830 4310 4460
3680 2840 4300 4460
3710 2830 4290 4450
3700 2820 4300 4450
3690 2820 4290 4450
3640 2810 4300 4450
3570 2820 4300 4450
3510 2830 4310 4450
3480 2840 4290 4440
3460 2840 4300 4450
3440 2840 4290 4460
3420 2850 4300 4450
3420 2840 4300 4460
3410 2850 4310 4460
3410 2860 4290 4450
3370 2860 4290 4450
3280 2840 4290 4450
3270 2850 4290 4450
3250 2850 4270 4450
3250 2850 4290 4450
3270 2850 4300 4450
3290 2850 4290 4450
3300 2840 4300 4450
3290 2850 4300 4460
3300 2850 4310 4450
3300 2850 4310 4450
3300 2840 4310 4450
3300 2840 4310 4450
3270 2850 4310 4450
3180 2850 4300 4450
3060 2840 4310 4450
3060 2840 4310 4460
3070 2840 4300 4460
3060 2850 4290 4460
3080 2860 4290 4460
3110 2850 4290 4460
3150 2850 4290 4460
3190 2830 4290 4460
3230 2830 4290 4460
3230 2830 4300 4450
3230 2840 4290 4460
3210 2840 4300 4460
