3310 3160 4030 4020
3320 3160 4020 4010
3320 3150 4030 4010
3320 3130 4060 4010
3320 3140 4060 4000
3320 3130 4060 4000
3330 3130 4060 4000
3320 3130 4050 4000
3310 3140 4050 4000
3320 3130 4060 4000
3320 3130 4070 4000
3320 3140 4080 4000
3310 3150 4100 4000
3310 3140 4090 4000
3310 3130 4100 4010
3320 3130 4090 4010
3320 3130 4090 4010
3330 3130 4090 4010
3310 3130 4090 4010
3300 3120 4080 4010
3300 3120 4120 4010
3300 3120 4140 4010
3320 3120 4150 4010
3310 3130 4140 4010
3310 3120 4130 4010
3310 3110 4120 4010
3310 3120 4120 4020
3310 3110 4110 4020
3310 3110 4110 4020
3300 3110 4390 4020
3310 3120 4450 4020
3310 3120 4500 4020
3330 3110 4530 4000
3320 3120 4550 4000
3310 3110 4580 4010
3310 3110 4610 4010
3310 3110 4620 4010
3310 3120 4640 4020
3310 3120 4670 4020
3320 3130 4690 4020
3320 3120 4680 4010
3320 3120 4680 4010
3320 3130 4660 4010
3310 3120 4650 4000
3310 3110 4640 3990
3310 3110 4620 4000
3310 3140 4610 4000
3320 3130 4630 4000
3320 3120 4490 4000
3320 3130 4370 4000
3320 3130 4300 4000
3310 3140 4240 4010
3320 3130 4200 4010
3320 3120 4160 4010
3300 3120 4130 4010
3310 3120 4100 4010
3310 3110 4050 4010
3310 3110 4140 4010
3310 3130 4090 4010
3310 3130 4050 4010
3310 3120 4040 4010
3310 3140 4040 4010
3320 3130 4060 4010
3320 3130 4060 4010
3320 3130 4110 4010
3320 3120 4150 4010
3320 3130 4230 4010
3310 3120 4250 4010
3320 3140 4260 4010
3300 3130 4260 4010
3290 3140 4260 4010
3300 3140 4250 4010
3300 3150 4300 4010
3320 3130 4320 4010
3320 3150 4340 4000
3320 3160 4330 4000
3310 3150 4350 3990
3310 3150 4350 3990
3310 3160 4350 3990
3300 3170 4330 4000
3310 3160 4240 4000
3300 3140 4190 4000
3300 3150 4180 4010
3300 3130 4220 4000
3290 3120 4230 4000
3300 3140 4220 4000
3310 3140 4220 4000
3320 3140 4250 4000
3310 3120 4290 4000
3300 3130 4310 4000
3290 3140 4330 4000
3290 3140 4340 4000
3300 3120 4340 4000
3320 3120 4340 4000
3310 3130 4350 4000
3300 3130 4360 4000
3290 3140 4350 4000
3300 3120 4370 4010
3300 3130 4370 4010
3290 3130 4390 4010
3300 3140 4410 4010
3290 3120 4430 4010
3290 3120 4430 4010
3330 3500 3880 4010
3330 3530 3880 4010
3320 3770 3870 4010
3320 3720 3860 4000
3300 3680 3860 4000
3300 3670 3860 4000
3300 3640 3860 4000
3290 3630 3860 4000
3290 3620 3870 4000
3300 3630 3870 3990
3320 3620 3880 3990
3310 3600 3880 3990
3330 3590 3880 4000
3330 3590 3890 4010
3320 3620 3890 4010
3320 3620 3890 4010
3310 3620 3900 4010
3310 3620 3910 4000
3310 3630 3900 4000
3310 3630 3890 3990
3320 3620 3880 3990
3320 3620 3880 4000
3320 3620 3900 4000
3320 3650 3900 3990
3320 3650 3900 3990
3320 3640 3890 3990
3320 3640 3900 3980
3320 3640 3890 3980
3320 3650 3880 3980
3300 3710 3880 3980
3300 3740 3870 3980
3300 3620 3870 3980
3320 3570 3870 3980
3320 3520 3880 3980
3310 3610 3890 3980
3310 3650 3880 3990
3310 3690 3880 3990
3300 3760 3880 3990
3300 3810 3880 3990
3320 3700 3890 3990
3320 3600 3890 3980
3310 3550 3880 3980
3310 3530 3880 3980
3310 3530 3870 3980
3330 3700 3880 3980
3310 3610 3870 3980
3310 3550 3870 3990
3310 3580 3880 3980
3300 3710 3890 3980
3300 3800 3880 3980
3300 3830 3880 3980
3300 3840 3880 3980
3310 3810 3890 3980
3300 3810 3880 3980
3300 3840 3870 3980
3320 3830 3870 3980
3330 3850 3870 3980
3340 3830 3870 3980
3330 3800 3870 3980
3320 3770 3870 3980
3320 3770 3870 3980
3310 3770 3870 3990
3290 3770 3880 3990
3280 3780 3890 3990
3290 3840 3890 3990
3290 3860 3880 3990
3300 3940 3870 4000
3290 4030 3880 4000
3290 4070 3890 4000
3310 4190 3880 3990
3290 3940 3880 4000
3290 3780 3870 4000
3320 3650 3870 3990
3320 3560 3880 4000
3300 3810 3890 4000
3300 3890 3880 3990
3300 3920 3880 3990
3310 3920 3870 4000
3310 3930 3870 4000
3300 3950 3870 3990
3300 3980 3870 3990
3300 4010 3870 3990
3300 4010 3890 3990
3300 3990 3890 3980
3310 4060 3880 3980
3310 3790 3870 3980
3310 3700 3870 3980
3310 3670 3870 3980
3310 3620 3870 3980
3310 3900 3870 3980
3310 4000 3870 3990
3320 3940 3870 4000
3320 3840 3870 4010
3310 3780 3880 4000
3310 3710 3890 4000
