3640 3460 3560 4010
3650 3470 3560 3980
3650 3470 3550 3940
3640 3470 3550 3870
3670 3470 3550 3920
3680 3480 3550 3870
3650 3490 3550 3950
3650 3480 3550 3980
3640 3470 3550 3960
3630 3470 3550 3950
3650 3460 3550 4070
3680 3460 3550 4090
3680 3470 3550 4030
3680 3470 3550 4000
3640 3460 3560 4020
3630 3450 3560 4090
3640 3450 3560 4230
3670 3470 3560 4250
3670 3460 3560 4180
3650 3460 3560 4100
3650 3460 3550 4020
3630 3460 3550 4170
3630 3480 3550 4260
3650 3460 3550 4300
3680 3470 3550 4150
3650 3460 3550 4150
3640 3450 3550 4030
3640 3470 3550 3930
3640 3470 3550 3910
3650 3460 3540 3940
3640 3450 3550 3920
3640 3450 3550 3910
3670 3460 3550 3890
3670 3470 3550 3880
3650 3450 3550 3860
3680 3450 3550 3850
3680 3470 3550 3830
3680 3470 3550 3820
3670 3450 3550 3820
3640 3450 3550 3820
3640 3460 3550 3810
3640 3470 3550 3810
3620 3480 3540 3900
3620 3470 3540 3880
3620 3470 3540 3840
3650 3470 3540 3790
3670 3470 3540 3780
3640 3470 3540 3780
3640 3450 3540 3800
3630 3460 3540 3820
3630 3460 3540 3820
3650 3460 3540 3830
3670 3460 3540 3830
3680 3460 3540 3840
3680 3470 3540 3840
3650 3470 3550 3840
3670 3470 3550 3840
3650 3450 3550 3840
3640 3470 3550 3830
3640 3470 3550 3820
3640 3470 3550 3800
3650 3470 3550 3920
3650 3480 3540 4060
3650 3470 3550 4140
3640 3470 3550 4170
3650 3470 3550 4210
3640 3470 3550 4260
3640 3480 3550 4290
3630 3480 3550 4300
3670 3470 3550 4370
3670 3460 3550 4170
3670 3440 3550 4080
3670 3440 3550 4010
3680 3450 3550 3940
3690 3480 3550 3870
3690 3480 3550 3860
3670 3480 3550 3850
3650 3490 3550 3860
3690 3490 3550 3870
3650 3500 3550 3880
3640 3500 3550 3870
3670 3480 3550 3870
3650 3480 3550 4070
3640 3470 3550 4260
3640 3470 3550 4260
3640 3480 3550 4240
3650 3480 3550 4180
3650 3450 3550 4080
3650 3440 3550 4030
3670 3450 3550 3980
3680 3460 3550 3940
3670 3470 3560 3930
3650 3460 3550 3960
3640 3480 3550 3910
3630 3480 3550 3860
3750 3480 3550 3550
3810 3470 3550 3550
3910 3470 3550 3550
3750 3460 3550 3550
3830 3450 3550 3550
3920 3460 3550 3550
3980 3470 3540 3550
4030 3460 3540 3550
4050 3460 3540 3550
4080 3460 3540 3550
4040 3450 3540 3560
4000 3460 3540 3550
3980 3460 3550 3550
3960 3470 3550 3550
3960 3470 3550 3550
3950 3480 3550 3550
3960 3480 3550 3550
3950 3480 3550 3560
3950 3460 3550 3560
3960 3470 3550 3560
3980 3470 3550 3560
3990 3470 3550 3560
4010 3470 3550 3560
4000 3460 3550 3550
3990 3470 3550 3550
3980 3460 3550 3550
3990 3470 3550 3550
4000 3470 3550 3550
4010 3460 3550 3560
4030 3450 3550 3560
4050 3460 3550 3560
4050 3470 3550 3560
4040 3470 3550 3550
4040 3470 3550 3550
4030 3460 3550 3550
4030 3460 3550 3550
4060 3470 3550 3540
4090 3480 3550 3540
4100 3480 3550 3550
4080 3490 3550 3540
4070 3490 3550 3550
4120 3490 3550 3550
4010 3490 3550 3550
4090 3490 3550 3550
4010 3490 3550 3550
3880 3480 3550 3560
3830 3470 3550 3560
3850 3470 3550 3560
3910 3460 3550 3560
3930 3450 3550 3560
3980 3460 3550 3560
4070 3460 3550 3560
4080 3460 3550 3560
4050 3440 3540 3550
4040 3430 3540 3550
4040 3450 3540 3550
4040 3450 3540 3550
4030 3450 3540 3550
4030 3450 3540 3550
4030 3460 3540 3550
4030 3450 3540 3550
4030 3450 3540 3550
4020 3450 3540 3550
3980 3450 3540 3550
3980 3460 3550 3550
4010 3480 3550 3550
4060 3480 3550 3550
4060 3480 3550 3550
4060 3480 3550 3550
4040 3460 3550 3550
4030 3470 3550 3550
4030 3470 3550 3550
4040 3480 3540 3550
4030 3490 3540 3550
4030 3490 3540 3550
4030 3480 3550 3550
4030 3470 3550 3550
4040 3480 3550 3550
4050 3480 3550 3550
4050 3480 3550 3550
4060 3470 3550 3550
4080 3450 3550 3550
4080 3460 3550 3550
4060 3460 3550 3560
4060 3470 3550 3560
4060 3470 3550 3570
4040 3470 3540 3570
4030 3460 3540 3570
4020 3470 3540 3560
4010 3470 3540 3560
4010 3450 3540 3550
4010 3460 3540 3550
4020 3460 3540 3550
4010 3470 3540 3550
4010 3470 3540 3550
4010 3480 3540 3560
4010 3480 3540 3560
4010 3480 3540 3560
3990 3470 3540 3560
3990 3460 3540 3560
3990 3450 3540 3560
4000 3440 3550 3560
4000 3430 3540 3560
3980 3450 3540 3560
3980 3440 3540 3560
3980 3450 3540 3560
3980 3440 3540 3550
3990 3440 3540 3550
3990 3450 3540 3560
3990 3440 3540 3560
4000 3440 3550 3560
4010 3440 3550 3560
4020 3450 3550 3560
4020 3470 3550 3560
4020 3470 3550 3560
4020 3480 3550 3560
4010 3480 3550 3560
4010 3490 3550 3560
4030 3490 3550 3560
