4040 3860 3580 3240
4040 3860 3550 3240
4050 3860 3460 3240
4040 3860 3430 3250
4040 3860 3430 3250
4040 3850 3530 3250
4050 3850 3620 3250
4050 3850 3690 3240
4040 3850 3730 3240
4040 3850 3750 3230
4050 3850 3770 3230
4050 3850 3800 3230
4030 3840 3850 3240
4020 3840 3880 3240
4030 3840 3890 3240
4040 3850 3890 3240
4030 3850 3880 3240
4040 3850 3850 3240
4040 3850 3830 3240
4050 3850 3820 3240
4050 3850 3810 3240
4040 3850 3800 3240
4040 3850 3790 3240
4050 3840 3780 3240
4030 3850 3840 3240
4030 3860 3860 3240
4030 3860 3870 3240
4030 3860 3900 3240
4030 3860 3930 3240
4040 3860 3900 3240
4040 3850 3780 3240
4030 3850 3860 3240
4030 3850 3830 3250
4030 3850 3810 3250
4040 3850 3800 3250
4050 3850 3790 3250
4050 3850 3800 3250
4030 3850 3800 3250
4030 3850 3810 3250
4040 3860 3840 3250
4040 3860 3870 3250
4050 3860 3870 3240
4050 3860 3940 3240
4040 3850 3920 3240
4040 3850 3950 3230
4040 3850 4000 3230
4040 3850 4010 3230
4040 3850 4020 3240
4040 3850 4100 3240
4050 3850 4120 3240
4050 3840 4070 3240
4060 3840 4040 3240
4060 3850 4040 3240
4060 3850 4050 3240
4060 3850 4070 3240
4060 3840 4090 3240
4060 3840 4110 3240
4050 3840 4140 3240
4050 3840 4110 3240
4050 3840 4110 3240
4060 3840 3890 3240
4060 3850 3870 3230
4050 3850 4020 3230
4050 3860 4020 3230
4040 3850 4020 3230
4040 3860 4010 3230
4040 3860 4010 3240
4050 3860 4020 3230
4050 3840 4020 3230
4050 3840 3830 3230
4060 3840 3750 3230
4060 3840 3780 3240
4060 3850 3800 3240
4060 3850 3810 3240
4060 3850 3820 3240
4060 3850 3840 3240
4050 3860 3840 3240
4050 3860 3860 3240
4060 3860 3870 3240
4060 3850 3870 3240
4060 3850 3860 3230
4060 3850 3870 3230
4060 3850 3870 3230
4060 3850 3860 3230
4060 3860 3850 3230
4060 3860 3840 3230
4060 3850 3830 3240
4060 3860 3830 3240
4060 3860 3840 3240
4060 3860 3830 3240
4050 3860 3830 3240
4050 3860 3850 3240
4050 3860 3880 3240
4040 3870 3900 3240
4050 3860 4040 3240
4050 3860 4070 3240
4050 3860 4080 3240
4060 3850 4080 3230
4060 3850 4070 3230
4060 3840 4070 3230
4060 3840 4070 3230
4060 3840 4070 3240
4060 3840 4070 3240
4060 3840 4070 3240
4060 3840 4070 3240
4320 3850 3170 3240
4380 3850 3170 3240
4390 3850 3170 3240
4470 3860 3180 3240
4490 3860 3170 3240
4490 3860 3170 3240
4520 3860 3170 3240
4570 3860 3180 3250
4600 3860 3180 3250
4610 3860 3180 3250
4620 3850 3180 3250
4620 3850 3180 3250
4610 3850 3190 3240
4580 3850 3180 3240
4560 3850 3170 3240
4580 3850 3170 3230
4610 3850 3170 3230
4610 3850 3150 3240
4600 3850 3150 3240
4560 3850 3160 3240
4550 3850 3160 3240
4540 3860 3150 3240
4520 3860 3160 3240
4500 3860 3170 3230
4490 3850 3160 3230
4470 3850 3160 3230
4470 3850 3160 3230
4500 3850 3160 3230
4530 3860 3160 3230
4570 3860 3170 3230
4620 3860 3170 3230
4540 3850 3170 3230
4510 3850 3180 3230
4550 3850 3170 3230
4570 3840 3170 3230
4550 3840 3170 3230
4530 3840 3170 3230
4500 3850 3170 3230
4490 3850 3170 3220
4480 3850 3170 3220
4500 3850 3180 3230
4510 3860 3170 3230
4520 3860 3170 3230
4520 3860 3170 3230
4530 3860 3170 3240
4520 3860 3170 3240
4510 3860 3170 3240
4540 3850 3170 3240
4550 3850 3170 3250
4550 3850 3170 3250
4550 3850 3170 3250
4550 3860 3180 3250
4530 3860 3170 3250
4500 3860 3180 3250
4490 3860 3170 3240
4510 3860 3170 3240
4510 3860 3180 3240
4500 3860 3170 3240
4500 3850 3180 3240
4490 3850 3180 3240
4480 3850 3180 3230
4480 3850 3180 3230
4500 3860 3180 3230
4500 3860 3180 3230
4500 3860 3180 3230
4510 3860 3180 3220
4490 3860 3170 3220
4480 3860 3170 3220
4500 3860 3170 3220
4510 3860 3170 3220
4520 3860 3170 3230
4520 3860 3170 3240
4510 3860 3160 3240
4520 3860 3160 3240
4540 3860 3160 3240
4560 3860 3160 3240
4570 3870 3170 3240
4580 3860 3170 3240
4570 3860 3190 3240
4550 3860 3190 3240
4530 3860 3190 3240
4520 3860 3190 3240
4520 3860 3180 3240
4520 3860 3180 3240
4530 3850 3180 3240
4530 3850 3180 3240
4530 3850 3180 3240
4520 3850 3170 3240
4520 3850 3170 3240
4520 3850 3170 3250
4520 3850 3170 3250
4510 3860 3160 3250
4500 3860 3160 3250
