4370 4190 2880 3100
4370 4170 2890 3110
4380 4180 2890 3170
4380 4190 2870 3380
4390 4210 2870 3280
4380 4210 2880 3290
4380 4210 2880 3300
4380 4200 2880 3300
4380 4210 2880 3400
4390 4210 2870 3390
4380 4200 2890 3440
4380 4200 2880 3340
4380 4210 2880 3420
4380 4200 2880 3470
4390 4210 2880 3510
4390 4220 2880 3560
4390 4210 2880 3460
4390 4220 2870 3460
4390 4230 2870 3560
4380 4230 2880 3380
4370 4210 2880 3320
4380 4220 2870 3300
4390 4230 2870 3230
4380 4230 2870 3400
4380 4230 2870 3520
4380 4230 2870 3540
4380 4210 2870 3510
4380 4210 2870 3520
4380 4220 2870 3430
4380 4200 2870 3360
4370 4200 2880 3290
4380 4200 2880 3260
4380 4210 2880 3260
4380 4200 2880 3320
4380 4220 2880 3390
4380 4220 2880 3450
4380 4220 2890 3470
4380 4200 2890 3450
4380 4190 2880 3440
4380 4190 2870 3460
4380 4190 2870 3570
4380 4210 2880 3590
4380 4200 2880 3600
4380 4190 2880 3600
4380 4190 2870 3590
4370 4180 2880 3570
4370 4190 2870 3560
4370 4190 2870 3540
4370 4210 2870 3540
4370 4220 2880 3540
4370 4220 2880 3540
4370 4220 2870 3550
4370 4210 2870 3560
4370 4220 2870 3560
4370 4220 2870 3560
4360 4230 2870 3560
4370 4230 2870 3580
4370 4230 2870 3610
4370 4230 2870 3640
4370 4240 2880 3650
4370 4240 2880 3640
4370 4210 2890 3640
4370 4220 2900 3640
4370 4220 2900 3630
4370 4220 2900 3620
4370 4220 2900 3600
4380 4200 2900 3590
4370 4210 2900 3590
4370 4210 2900 3590
4370 4210 2900 3580
4370 4200 2900 3580
4370 4190 2900 3590
4380 4200 2890 3610
4380 4190 2880 3620
4380 4190 2870 3620
4380 4210 2880 3610
4390 4210 2880 3600
4390 4190 2880 3600
4380 4210 2880 3600
4380 4220 2880 3600
4380 4220 2880 3600
4380 4220 2880 3600
4370 4210 2880 3620
4370 4210 2880 3630
4370 4220 2880 3620
4380 4210 2880 3610
4380 4210 2880 3610
4380 4200 2880 3610
4370 4210 2880 3610
4370 4200 2880 3620
4380 4200 2870 3640
4380 4200 2870 3650
4380 4190 2870 3670
4370 4180 2880 3680
4370 4180 2890 3680
4370 4180 2880 3680
4370 4200 2890 3680
4380 4210 2890 3670
4380 4210 2880 3650
4390 4220 2880 3650
4390 4230 2870 3670
4390 4230 2870 3680
4390 4230 2880 3680
4380 4230 2870 3690
4380 4230 2870 3690
4380 4220 2870 3700
4380 4230 2880 3700
4380 4230 2880 3700
4380 4220 2880 3690
4390 4200 2890 3680
4390 4210 2880 3690
4390 4220 2880 3690
4390 4220 2880 3690
4380 4230 2870 3690
4380 4230 2870 3700
4390 4220 2870 3700
4390 4220 2880 3700
4390 4220 2880 3700
4390 4230 2870 3650
4390 4210 2860 3600
4400 4200 2880 3570
4390 4230 2880 3840
4390 4230 2880 3900
4390 4230 2880 3920
4380 4230 2880 3870
4380 4220 2880 3810
4380 4210 2880 3770
4390 4210 2880 3760
4390 4230 2880 3740
4370 4210 3170 2910
4370 4190 3250 2910
4370 4200 3260 2910
4370 4210 3260 2900
4370 4200 3330 2900
4360 4190 3250 2910
4370 4180 3230 2910
4370 4200 3210 2910
4350 4220 3180 2910
4350 4200 3170 2910
4340 4220 3150 2910
4350 4210 3130 2900
4350 4210 3130 2900
4360 4220 3130 2910
4360 4200 3130 2900
4360 4210 3140 2890
4360 4220 3140 2890
4360 4200 3140 2900
4370 4210 3200 2910
4360 4210 3190 2920
4360 4200 3180 2920
4370 4220 3180 2920
4380 4230 3150 2910
4370 4230 3130 2910
4370 4230 3130 2920
4370 4230 3100 2910
4370 4210 3120 2910
4380 4220 3150 2890
4380 4210 3180 2890
4380 4200 3210 2890
4380 4190 3220 2880
4380 4180 3230 2890
4390 4180 3220 2900
4380 4170 3200 2900
4370 4190 3170 2890
4370 4180 3150 2890
4370 4190 3140 2890
4380 4210 3120 2880
4380 4190 3120 2880
4380 4190 3120 2900
4380 4200 3130 2900
4380 4210 3140 2890
4380 4210 3150 2880
4380 4190 3180 2900
4370 4200 3190 2900
4370 4210 3200 2900
4380 4210 3190 2900
4380 4220 3180 2900
4380 4210 3150 2910
4380 4200 3140 2910
4380 4190 3140 2910
4380 4200 3140 2910
4380 4210 3160 2900
4380 4210 3160 2890
4380 4210 3170 2890
4380 4220 3170 2890
4390 4210 3170 2880
4390 4200 3180 2890
4390 4210 3160 2900
4390 4190 3130 2890
4390 4190 3080 2900
4390 4190 3060 2890
4390 4180 3030 2890
4380 4180 3070 2900
4380 4180 3070 2910
4380 4190 3120 2910
4380 4180 3150 2900
4380 4180 3180 2890
4380 4180 3200 2900
4370 4180 3220 2900
4370 4170 3240 2900
4370 4180 3230 2910
4370 4210 3210 2910
4380 4190 3210 2910
4380 4190 3220 2900
4380 4210 3210 2910
4380 4220 3210 2910
4380 4200 3200 2900
4370 4220 3230 2890
4370 4200 3300 2890
4370 4210 3380 2890
4390 4190 3390 2890
4390 4190 3400 2900
4380 4200 3300 2900
4380 4220 3280 2910
4380 4220 3270 2900
4390 4220 3280 2910
4390 4220 3310 2920
4380 4200 3290 2920
4370 4190 3280 2900
4370 4200 3330 2910
4370 4190 3370 2910
4370 4210 3370 2900
4370 4210 3380 2900
4370 4210 3400 2900
4370 4230 3390 2910
4370 4210 3400 2920
4380 4220 3400 2920
4380 4200 3400 2920
4390 4220 3380 2920
4390 4210 3370 2910
4380 4210 3320 2920
4380 4210 3290 2920
4380 4200 3280 2910
4390 4210 3270 2920
4390 4220 3200 2920
4380 4220 3090 2920
4380 4200 3060 2920
4390 4190 3020 2910
4390 4190 2990 2910
4390 4210 3020 2920
4390 4230 3060 2920
4380 4220 3080 2910
4380 4210 3150 2920
4380 4210 3230 2910
4380 4200 3200 2910
4370 4200 3200 2900
4370 4210 3120 2890
4390 4190 3140 2890
4390 4200 3290 2900
4390 4190 3340 2900
4390 4180 3330 2910
4390 4180 3250 2910
4390 4180 3250 2910
4390 4200 3360 2890
4390 4190 3420 2880
4390 4200 3360 2890
4390 4210 3240 2890
4390 4210 3310 2890
4380 4200 3370 2900
4380 4210 3300 2910
4370 4220 3280 2900
4380 4210 3380 2900
4390 4210 3320 2900
4380 4230 3260 2910
4380 4240 3230 2920
