4800 4580 2640 2880
4800 4600 2640 2870
4810 4580 2650 2910
4800 4580 2650 2940
4790 4610 2640 2970
4790 4600 2640 2970
4790 4580 2630 2980
4790 4610 2640 3050
4800 4600 2640 3110
4790 4600 2640 3130
4790 4600 2640 3090
4790 4600 2640 3140
4780 4600 2640 3150
4790 4600 2640 3140
4790 4600 2640 3180
4790 4620 2640 3170
4790 4620 2640 3170
4790 4610 2640 3190
4800 4600 2630 3200
4800 4600 2620 3200
4800 4610 2620 3230
4800 4610 2630 3250
4800 4620 2650 3250
4800 4610 2650 3300
4790 4610 2650 3330
4790 4620 2650 3360
4790 4620 2650 3360
4800 4620 2650 3340
4800 4610 2660 3360
4800 4610 2650 3390
4800 4600 2650 3370
4790 4600 2650 3340
4790 4580 2650 3310
4790 4600 2640 3280
4790 4600 2640 3260
4780 4610 2640 3260
4780 4610 2630 3260
4780 4610 2640 3260
4790 4600 2640 3270
4800 4600 2640 3280
4790 4580 2640 3300
4800 4580 2640 3310
4800 4580 2640 3310
4800 4600 2640 3310
4790 4600 2640 3290
4800 4600 2640 3280
4800 4600 2640 3250
4800 4620 2640 3230
4800 4620 2630 3180
4800 4610 2620 3120
4800 4610 2620 3100
4800 4610 2630 3210
4800 4610 2640 3230
4800 4600 2640 3260
4800 4600 2640 3290
4790 4600 2640 3270
4790 4600 2640 3260
4790 4580 2640 3290
4800 4580 2640 3280
4800 4610 2640 3270
4790 4610 2650 3190
4790 4600 2630 3060
4800 4610 2630 3010
4790 4610 2640 3000
4790 4610 2630 3020
4800 4600 2630 3180
4800 4580 2630 3220
4800 4580 2630 3250
4800 4580 2640 3260
4800 4600 2640 3260
4800 4610 2620 3280
4800 4610 2620 3270
4800 4610 2630 3260
4800 4600 2630 3240
4800 4620 2630 3240
4800 4600 2620 3210
4800 4600 2620 3210
4800 4600 2620 3200
4800 4600 2610 3180
4800 4600 2610 3160
4790 4610 2620 3190
4800 4610 2630 3220
4800 4620 2630 3240
4800 4620 2640 3270
4800 4610 2640 3290
4800 4610 2640 3310
4800 4600 2640 3310
4790 4600 2640 3310
4800 4680 2640 2710
4790 4720 2630 2710
4790 4790 2640 2710
4790 4830 2640 2710
4790 4850 2640 2700
4790 4860 2630 2710
4790 4850 2640 2700
4790 5030 2650 2700
4790 5060 2650 2700
4790 5040 2650 2700
4790 5040 2650 2710
4810 5000 2650 2720
4810 5000 2640 2710
4810 5020 2640 2710
4810 4970 2640 2710
4810 4940 2640 2710
4800 4910 2640 2720
4800 5000 2640 2710
4800 5140 2640 2720
4800 5240 2640 2720
4800 5320 2640 2710
4800 5400 2640 2710
4800 5400 2630 2710
4810 5430 2620 2710
4810 5390 2620 2700
4810 5390 2620 2710
4800 5400 2620 2710
4800 5400 2620 2710
4790 5390 2630 2700
4800 5390 2640 2690
4800 5410 2640 2690
4800 5450 2650 2700
4800 5410 2650 2710
4800 5460 2650 2700
4800 5490 2650 2700
4800 5490 2650 2700
4790 5490 2640 2700
4790 5460 2650 2700
4790 5430 2650 2710
4800 5420 2650 2710
4800 5420 2640 2710
4800 5450 2650 2710
4800 5390 2650 2710
4800 5130 2650 2710
4800 4950 2650 2710
4800 4880 2650 2710
4800 4820 2650 2710
4810 5040 2650 2700
4800 5160 2650 2710
4810 5320 2640 2710
4820 5070 2640 2720
4810 5000 2640 2720
4810 4960 2640 2720
4810 5110 2650 2710
4800 5270 2640 2710
4800 5270 2640 2710
4790 5130 2640 2710
4790 5230 2640 2710
4790 5080 2640 2710
4790 4950 2640 2700
4800 5130 2640 2700
4800 5210 2640 2710
4790 5180 2640 2700
4800 5060 2640 2710
4800 5060 2640 2710
4810 5030 2640 2710
4820 5000 2640 2710
4820 5060 2650 2720
4810 4940 2650 2720
4810 5040 2630 2720
4800 5080 2630 2720
4800 5010 2640 2720
4800 4940 2650 2720
4800 5130 2650 2720
4800 5020 2660 2720
4820 4970 2660 2720
4820 4950 2650 2740
4810 4950 2640 2720
4810 4940 2650 2720
4810 4910 2650 2720
4810 5000 2630 2720
4810 5170 2630 2720
4800 5340 2620 2720
4810 5430 2610 2720
4820 5480 2620 2710
4810 5540 2630 2710
4810 5560 2630 2710
4810 5560 2640 2720
4800 5480 2640 2710
4810 5460 2650 2700
4800 5460 2640 2700
4800 5470 2640 2710
4790 5430 2640 2710
4790 5420 2640 2710
4790 5400 2650 2700
4800 5400 2660 2700
4810 5380 2650 2710
4810 5360 2650 2710
