5260 5250 2530 2550
5260 5280 2530 2550
5260 5330 2540 2550
5260 5330 2540 2540
5260 5340 2540 2550
5260 5310 2530 2550
5260 5310 2520 2540
5260 5300 2520 2540
5250 5310 2520 2540
5250 5350 2530 2550
5250 5390 2540 2550
5250 5470 2540 2550
5250 5630 2540 2550
5240 5610 2540 2550
5240 5610 2540 2540
5250 5550 2530 2540
5260 5470 2540 2540
5260 5420 2540 2540
5260 5400 2540 2550
5260 5390 2540 2550
5260 5390 2550 2550
5260 5370 2550 2540
5260 5330 2540 2540
5260 5270 2540 2540
5260 5360 2540 2550
5260 5560 2550 2550
5260 5670 2550 2550
5260 5680 2550 2550
5260 5660 2540 2550
5260 5630 2550 2550
5260 5600 2540 2550
5260 5570 2530 2550
5260 5560 2530 2550
5260 5580 2520 2540
5270 5660 2520 2540
5250 5650 2530 2540
5250 5660 2540 2530
5260 5630 2540 2530
5260 5600 2540 2530
5250 5580 2540 2540
5250 5580 2540 2540
5250 5580 2530 2550
5270 5580 2520 2550
5260 5580 2520 2540
5260 5610 2530 2540
5260 5630 2540 2540
5250 5650 2540 2550
5250 5610 2520 2540
5250 5610 2520 2540
5250 5510 2520 2540
5250 5610 2520 2540
5250 5720 2530 2540
5240 5780 2530 2540
5240 5820 2520 2540
5240 5870 2520 2540
5250 5940 2520 2530
5250 5850 2520 2540
5270 5780 2520 2550
5270 5890 2530 2550
5260 5880 2520 2550
5260 5990 2520 2550
5260 5950 2520 2550
5240 5760 2530 2550
5240 5670 2520 2550
5240 5770 2520 2550
5250 5750 2520 2550
5250 5690 2510 2550
5250 5600 2500 2550
5240 5540 2500 2550
5240 5620 2500 2550
5240 5680 2510 2550
5250 5730 2530 2540
5250 5690 2520 2550
5260 5630 2520 2540
5250 5600 2520 2550
5260 5560 2530 2540
5260 5510 2530 2540
5260 5570 2530 2540
5260 5560 2530 2540
5260 5570 2530 2540
5260 5660 2530 2540
5260 5670 2530 2540
5260 5660 2520 2540
5260 5660 2530 2540
5260 5630 2530 2540
5260 5550 2520 2540
5260 5580 2520 2550
5260 5570 2520 2550
5260 5550 2520 2550
5260 5500 2520 2540
5270 5490 2520 2550
5270 5480 2520 2550
5260 5460 2520 2550
5260 5460 2520 2550
5270 5570 2520 2550
5260 5560 2520 2550
5250 5430 2520 2530
5250 5430 2520 2530
5250 5430 2510 2540
5250 5440 2520 2550
5260 5410 2520 2550
5260 5400 2520 2550
5260 5420 2520 2550
5260 5460 2530 2550
5260 5500 2540 2550
5260 5540 2550 2550
5270 5560 2540 2550
5270 5580 2540 2540
5270 5580 2530 2540
5270 5600 2520 2550
5270 5570 2530 2550
5260 5540 2520 2540
5260 5490 2510 2540
5260 5470 2520 2550
5260 5440 2530 2550
5260 5430 2530 2550
5260 5400 2530 2550
5260 5410 2520 2550
5260 5520 2520 2540
5270 5690 2520 2540
5420 5060 2540 2550
5430 5060 2540 2550
5450 5060 2540 2550
5430 5060 2540 2550
5590 5060 2550 2550
5570 5050 2550 2550
5620 5060 2540 2550
5620 5070 2530 2550
5620 5070 2530 2550
5600 5070 2520 2550
5600 5070 2520 2540
5600 5070 2520 2540
5600 5070 2520 2540
5490 5070 2510 2540
5500 5060 2510 2540
5510 5070 2510 2540
5520 5070 2500 2540
5580 5070 2510 2540
5620 5070 2500 2550
5620 5070 2510 2550
5590 5070 2510 2550
5580 5070 2510 2550
5520 5070 2520 2550
5490 5070 2520 2540
5470 5080 2530 2540
5440 5090 2520 2550
15390 5080 2530 2550
10260 5080 2540 2550
8780 5080 2540 2550
7760 5070 2540 2550
7060 5070 2530 2550
6620 5070 2530 2540
6310 5070 2530 2540
6090 5070 2530 2540
5940 5070 2520 2540
5810 5070 2520 2540
5670 5060 2530 2540
5630 5060 2520 2540
5600 5060 2520 2540
5560 5060 2520 2550
5550 5060 2530 2540
5540 5060 2520 2550
5540 5060 2520 2550
5560 5060 2520 2550
5580 5060 2530 2540
5570 5060 2520 2550
5580 5080 2520 2540
5570 5070 2510 2540
5520 5070 2520 2550
5490 5070 2520 2540
5470 5070 2520 2540
5460 5070 2530 2550
5430 5070 2530 2550
5400 5070 2530 2550
5370 5070 2520 2550
5370 5070 2520 2550
5400 5070 2530 2540
5420 5060 2520 2540
5430 5060 2520 2540
5410 5060 2520 2540
5400 5070 2530 2540
5400 5070 2520 2540
5420 5070 2520 2550
5420 5070 2530 2550
5410 5070 2520 2550
5410 5070 2520 2540
5400 5070 2520 2550
5350 5060 2520 2530
5360 5060 2520 2530
5350 5060 2510 2530
5350 5060 2510 2540
5350 5060 2520 2550
5350 5060 2510 2550
5350 5060 2510 2540
5350 5060 2510 2540
5350 5060 2510 2540
5370 5070 2510 2540
5380 5070 2510 2540
5440 5070 2510 2540
5390 5070 2520 2540
5360 5060 2520 2540
5370 5060 2520 2540
5470 5070 2520 2540
5460 5060 2520 2540
5430 5060 2520 2550
5410 5060 2520 2550
5390 5060 2520 2550
5380 5060 2530 2550
5380 5070 2530 2550
5410 5070 2540 2550
5430 5070 2530 2550
5440 5070 2530 2550
5450 5070 2530 2550
5400 5070 2520 2540
5360 5070 2510 2540
5340 5070 2510 2540
5310 5070 2510 2540
5310 5070 2520 2550
5310 5070 2520 2550
5360 5070 2530 2550
5350 5070 2530 2550
5330 5070 2520 2540
5320 5070 2500 2540
5310 5070 2500 2550
5350 5070 2510 2540
5460 5060 2510 2540
5520 5060 2510 2540
5550 5060 2510 2540
