5490 5320 3000 2120
5490 5290 3000 2120
5490 5270 3000 2110
5490 5290 3000 2090
5490 5350 3000 2090
5500 5280 3000 2110
5490 5290 3000 2090
5480 5280 3000 2090
5480 5270 3000 2090
5490 5290 3000 2090
5490 5340 3000 2080
5490 5290 3000 2090
5490 5350 3000 2090
5480 5320 3000 2110
5490 5290 3000 2080
5490 5290 3000 2110
5490 5330 2990 2120
5490 5350 2990 2110
5490 5330 2980 2110
5490 5280 2990 2110
5490 5290 3000 2110
5490 5320 3000 2110
5490 5280 3000 2110
5480 5330 3000 2090
5480 5350 2990 2090
5480 5310 2990 2090
5480 5300 2990 2090
5480 5350 2990 2090
5480 5340 2990 2110
5490 5300 2990 2120
5490 5330 2980 2120
5490 5350 2980 2090
5500 5370 2980 2090
5510 5320 2980 2110
5500 5360 2990 2120
5500 5340 2990 2120
5490 5330 2990 2110
5500 5360 2990 2110
5500 5310 2990 2110
5490 5350 2990 2090
5490 5330 2990 2110
5490 5360 2990 2120
5480 5350 3000 2110
5480 5300 2990 2090
5480 5320 2990 2080
5490 5320 2990 2070
5500 5360 3000 2070
5510 5330 2990 2080
5510 5310 3000 2090
5510 5330 3000 2110
5510 5330 3000 2090
5510 5370 3000 2110
5510 5360 3000 2110
5510 5350 3000 2120
5510 5320 2990 2110
5500 5330 2990 2120
5500 5340 2990 2110
5510 5380 2990 2110
5510 5320 2980 2110
5510 5320 2980 2090
5500 5360 2990 2080
5500 5330 2990 2070
5500 5370 2990 2080
5500 5300 2990 2090
5500 5300 2990 2090
5500 5320 2990 2080
5500 5300 2990 2090
5500 5350 2990 2080
5500 5310 2990 2080
5500 5320 2990 2110
5500 5290 2990 2120
5500 5280 2990 2120
5510 5320 2990 2110
5510 5320 2990 2110
5500 5310 2990 2110
5500 5370 2990 2090
5500 5300 2990 2110
5500 5310 2990 2120
5490 5300 2990 2120
5490 5350 2990 2090
5500 5300 2990 2090
5490 5280 2990 2090
5490 5350 3000 2110
5490 5310 3000 2110
5490 5310 3000 2090
5490 5300 3000 2110
5490 5270 3000 2110
5490 5330 3000 2090
5490 5300 2990 2080
5500 5320 2990 2080
5490 5290 3000 2110
5500 5360 2990 2110
5500 5340 2990 2090
5500 5340 3000 2090
5500 5350 3000 2090
5500 5290 2990 2110
5500 5340 2990 2110
5500 5310 2990 2110
5500 5290 2990 2110
5510 5320 3000 2090
5510 5360 3000 2110
5510 5340 3000 2090
5510 5330 3000 2090
5500 5330 3000 2090
5500 5280 3000 2090
5500 5310 3000 2110
5500 5350 3000 2110
5500 5280 3000 2090
5500 5270 3000 2110
5500 5320 3000 2090
5490 5280 3000 2090
5490 5340 3000 2090
5500 5300 3000 2090
5500 5350 3000 2090
5500 5310 3000 2090
5500 5330 3000 2090
5500 5350 3000 2090
5500 5280 3000 2090
5510 5350 3000 2080
5510 5300 3000 2080
5500 5330 3000 2070
5510 5310 3000 2080
5500 5300 3000 2110
5490 4840 3500 2120
5490 4840 3460 2120
5490 4840 3480 2110
5490 4830 3480 2110
5480 4830 3500 2090
5480 4840 3470 2120
5490 4830 3460 2110
5490 4840 3460 2110
5490 4850 3450 2110
5490 4840 3490 2110
5490 4840 3470 2120
5490 4840 3450 2130
5490 4850 3470 2130
5500 4830 3450 2130
5510 4820 3470 2140
5510 4830 3470 2130
5510 4840 3450 2120
5510 4820 3510 2120
5510 4810 3450 2110
5500 4820 3460 2090
5510 4830 3510 2090
5510 4820 3490 2090
5500 4840 3450 2090
5500 4840 3510 2090
5500 4840 3480 2090
5500 4850 3500 2110
5490 4850 3460 2110
5500 4860 3500 2110
5490 4860 3460 2090
5490 4860 3480 2090
5490 4860 3480 2090
5480 4850 3500 2090
5470 4840 3500 2090
5470 4850 3460 2110
5470 4830 3460 2090
5470 4820 3460 2110
5480 4830 3480 2110
5490 4820 3460 2110
5490 4830 3510 2090
5500 4840 3470 2110
5500 4850 3450 2090
5500 4860 3490 2090
5500 4840 3470 2090
5500 4800 3480 2080
5500 4820 3480 2080
5500 4810 3520 2090
5490 4830 3520 2090
5490 4810 3510 2110
5490 4830 3520 2090
5490 4850 3460 2110
5480 4850 3460 2110
5500 4860 3520 2110
5500 4860 3480 2110
5500 4850 3480 2110
5500 4850 3480 2120
5500 4830 3520 2120
5510 4840 3520 2120
5510 4830 3460 2110
5520 4820 3480 2110
5510 4830 3480 2090
5500 4840 3460 2110
5490 4850 3450 2090
5490 4850 3510 2110
5500 4820 3490 2090
5510 4840 3470 2090
5500 4850 3450 2090
5500 4860 3500 2110
5490 4860 3460 2120
5480 4860 3510 2120
5480 4870 3510 2110
5480 4850 3480 2090
5490 4850 3500 2110
5490 4850 3520 2110
5490 4840 3460 2110
5490 4830 3450 2090
5490 4830 3510 2090
5490 4830 3510 2110
5490 4820 3470 2090
5490 4830 3450 2090
5480 4830 3450 2090
5490 4840 3500 2110
5490 4840 3480 2110
5490 4830 3480 2110
5490 4830 3480 2090
5490 4840 3520 2110
5490 4840 3460 2110
5490 4850 3500 2120
5490 4850 3480 2120
5490 4850 3500 2110
5480 4850 3470 2090
5490 4850 3490 2090
5490 4830 3480 2110
5490 4840 3490 2110
5500 4840 3490 2110
5490 4840 3470 2090
5490 4840 3470 2090
5490 4840 3520 2090
5490 4830 3480 2090
5490 4830 3480 2110
5480 4820 3500 2110
5480 4840 3450 2110
5480 4830 3490 2110
5490 4830 3470 2090
5490 4810 3510 2080
5490 4820 3470 2080
5490 4830 3480 2090
5490 4830 3470 2110
5500 4840 3470 2110
5490 4850 3480 2090
5500 4840 3480 2090
5500 4840 3480 2110
