4930 5100 2330 3110
4880 5090 2340 3110
4940 5090 2340 3120
4880 5090 2340 3120
4940 5090 2360 3110
4890 5090 2360 3110
4930 5090 2370 3110
4870 5090 2360 3120
4910 5090 2370 3110
4940 5090 2370 3110
4920 5090 2370 3100
4940 5090 2380 3100
4920 5090 2390 3100
4950 5090 2390 3100
4890 5090 2390 3100
4900 5090 2390 3100
4900 5090 2390 3100
4940 5090 2380 3100
4920 5090 2380 3100
4900 5090 2370 3100
4890 5100 2370 3100
4890 5100 2360 3110
4950 5090 2370 3110
4930 5090 2360 3110
4940 5090 2370 3110
4920 5090 2360 3110
4900 5100 2350 3100
4880 5100 2360 3100
4940 5100 2370 3100
4940 5090 2370 3100
4900 5090 2370 3100
4940 5090 2390 3110
4880 5090 2390 3110
4880 5100 2390 3110
4900 5100 2380 3100
4910 5100 2370 3100
4910 5090 2360 3110
4950 5090 2370 3110
4910 5090 2370 3110
4930 5090 2380 3120
4900 5090 2380 3110
4940 5080 2370 3110
4900 5080 2370 3120
4920 5080 2380 3120
4900 5080 2390 3110
4880 5080 2400 3110
4880 5070 2400 3110
4910 5080 2420 3110
4930 5090 2420 3110
4890 5090 2400 3110
4890 5090 2400 3110
4910 5090 2380 3110
4930 5090 2390 3100
4910 5100 2400 3110
4890 5100 2400 3120
4950 5090 2400 3120
4950 5080 2390 3120
4890 5080 2390 3110
4930 5080 2380 3110
4910 5080 2370 3110
4900 5080 2360 3110
4900 5080 2350 3110
4420 5600 2340 3110
4420 5600 2340 3110
4420 5610 2340 3110
4430 5570 2350 3110
4430 5570 2350 3110
4430 5610 2350 3100
4430 5550 2350 3100
4430 5590 2350 3100
4430 5620 2340 3110
4430 5580 2340 3110
4430 5580 2340 3110
4420 5560 2350 3110
4430 5580 2350 3110
4430 5560 2350 3110
4430 5570 2350 3120
4440 5610 2350 3120
4440 5570 2350 3120
4440 5610 2350 3120
4440 5610 2350 3120
4440 5550 2350 3120
4430 5610 2350 3110
4420 5570 2350 3110
4420 5590 2350 3110
4420 5560 2350 3110
4420 5610 2340 3110
4420 5590 2330 3110
4420 5610 2330 3110
4420 5550 2330 3110
4420 5570 2330 3100
4420 5580 2340 3100
4420 5590 2340 3100
4420 5590 2340 3100
4420 5560 2340 3100
4420 5630 2340 3100
4420 5570 2330 3100
4420 5600 2330 3100
4430 5580 2330 3100
4430 5570 2330 3110
4430 5550 2330 3110
4430 5550 2340 3110
4430 5550 2340 3110
4430 5580 2340 3110
4430 5580 2330 3110
4420 5620 2330 3110
4420 5560 2330 3120
4420 5580 2330 3110
4420 5560 2340 3120
4420 5550 2340 3120
4420 5560 2340 3120
4420 5590 2350 3120
4420 5620 2360 3120
4420 5580 2340 3120
4420 5620 2340 3120
4420 5600 2340 3120
