5090 4880 3130 2290
5090 4850 3130 2290
5090 4890 3130 2280
5090 4870 3120 2280
5080 4910 3110 2280
5090 4870 3110 2300
5090 4880 3110 2290
5090 4870 3100 2300
5090 4900 3100 2300
5090 4910 3100 2300
5090 4870 3100 2300
5090 4870 3110 2290
5080 4860 3140 2300
5080 4850 3140 2290
5080 4920 3140 2300
5090 4900 3140 2290
5090 4870 3140 2300
5080 4880 3130 2290
5080 4870 3130 2300
5080 4870 3130 2290
5090 4860 3140 2300
5100 4860 3140 2300
5080 4850 3120 2310
5080 4860 3120 2300
5080 4920 3120 2300
5070 4900 3140 2300
5070 4900 3140 2300
5070 4860 3130 2300
5080 4890 3130 2300
5070 4870 3120 2310
5080 4860 3120 2290
5080 4840 3120 2300
5090 4880 3120 2310
5100 4900 3120 2300
5100 4900 3130 2300
5100 4840 3130 2290
5100 4850 3120 2280
5100 4890 3120 2270
5100 4900 3130 2290
5100 4900 3120 2280
5090 4850 3120 2300
5090 4850 3120 2280
5100 4920 3120 2280
5100 4910 3110 2290
5090 4850 3110 2310
5090 4910 3120 2310
5090 4870 3120 2310
5090 4870 3130 2310
5080 4870 3120 2300
5080 4900 3110 2310
5080 4920 3120 2300
5080 4860 3140 2290
5080 4840 3150 2300
5090 4890 3140 2290
5070 4880 3130 2290
5070 4870 3120 2290
5070 4910 3130 2300
5070 4890 3130 2290
5080 4850 3130 2300
5090 4880 3130 2290
5100 4890 3130 2300
5100 4910 3130 2290
5100 4930 3120 2280
5100 4870 3120 2290
5090 4920 3130 2290
5090 4900 3130 2300
5090 4860 3130 2310
5090 4920 3130 2310
5090 4880 3120 2310
5090 4880 3120 2300
5100 4860 3120 2310
5090 4870 3140 2290
5100 4890 3140 2300
5090 4910 3150 2300
5090 4910 3150 2300
5090 4880 3140 2290
5090 4880 3140 2290
5090 4860 3130 2280
5100 4920 3120 2290
5090 4910 3130 2310
5090 4870 3120 2300
5090 4920 3110 2300
5090 4880 3120 2300
5090 4860 3120 2320
5090 4900 3110 2300
5090 4850 3110 2290
5090 4890 3110 2290
5090 4400 3110 2820
5090 4390 3120 2810
5090 4380 3120 2800
5090 4380 3120 2760
5090 4400 3110 2760
5090 4400 3110 2800
5080 4390 3110 2810
5080 4400 3110 2750
5080 4410 3110 2800
5090 4410 3110 2750
5100 4400 3120 2760
5100 4380 3120 2780
5100 4380 3120 2820
5110 4370 3120 2770
5100 4380 3120 2760
5090 4380 3120 2780
5090 4390 3140 2780
5090 4400 3140 2790
5090 4380 3150 2820
5090 4390 3130 2820
5090 4400 3130 2800
5100 4410 3140 2790
5100 4420 3140 2820
5100 4420 3140 2760
5090 4420 3120 2790
5090 4420 3120 2820
5090 4420 3120 2810
5080 4420 3130 2770
5080 4420 3130 2770
5080 4420 3130 2760
5080 4420 3130 2790
5090 4430 3130 2810
5090 4410 3130 2830
5100 4410 3130 2800
5100 4390 3140 2780
5080 4420 3140 2830
5080 4410 3140 2770
5090 4390 3140 2790
5090 4410 3130 2750
5090 4390 3130 2810
5090 4370 3130 2770
5090 4360 3120 2790
5090 4350 3120 2780
5090 4350 3120 2780
5100 4360 3120 2790
5090 4360 3110 2790
5090 4380 3110 2770
5090 4360 3110 2790
5090 4380 3120 2780
5090 4390 3130 2780
5090 4400 3140 2740
5090 4420 3140 2800
5090 4410 3150 2780
5090 4420 3140 2750
5100 4410 3150 2810
5090 4400 3130 2770
5090 4410 3130 2810
5090 4390 3120 2770
5090 4400 3120 2820
5090 4410 3120 2760
5080 4400 3110 2760
5070 4380 3120 2810
5080 4380 3120 2820
5080 4400 3130 2750
5100 4410 3130 2750
5100 4400 3130 2770
5090 4400 3130 2760
5090 4410 3130 2760
5090 4390 3120 2800
5090 4400 3120 2810
5090 4400 3130 2750
5090 4390 3130 2800
5100 4390 3130 2770
5100 4400 3130 2760
5100 4400 3130 2790
5100 4400 3140 2810
5100 4380 3130 2820
5100 4370 3130 2780
5090 4380 3130 2770
5090 4370 3140 2780
5090 4380 3130 2810
5090 4400 3140 2780
5100 4410 3120 2820
5090 4410 3120 2770
5090 4390 3120 2770
5090 4400 3130 2760
5100 4410 3120 2800
5100 4410 3120 2740
