4670 4480 3340 2580
4680 4430 3370 2570
4680 4450 3370 2550
4680 4410 3360 2550
4680 4440 3340 2550
4680 4440 3360 2560
4680 4420 3360 2560
4670 4440 3340 2560
4670 4480 3340 2560
4680 4460 3340 2570
4680 4420 3360 2570
4680 4440 3360 2570
4690 4440 3340 2570
4690 4480 3360 2580
4690 4460 3360 2580
4680 4500 3340 2580
4680 4480 3340 2580
4680 4480 3330 2580
4680 4440 3330 2580
4680 4460 3330 2580
4680 4460 3330 2580
4680 4460 3330 2580
4680 4460 3330 2580
4680 4500 3360 2580
4680 4460 3340 2580
4670 4480 3370 2580
4680 4460 3360 2560
4670 4460 3370 2570
4680 4440 3360 2570
4680 4410 3340 2570
4680 4460 3340 2570
4680 4420 3330 2570
4670 4420 3330 2570
4670 4460 3330 2570
4680 4440 3340 2570
4670 4480 3360 2560
4680 4500 3360 2560
4680 4480 3340 2560
4680 4480 3340 2560
4680 4440 3340 2560
4680 4440 3340 2570
4670 4480 3360 2560
4670 4480 3340 2560
4670 4480 3340 2560
4680 4440 3360 2560
4690 4420 3360 2550
4690 4480 3370 2550
4700 4450 3370 2560
4700 4440 3370 2570
4690 4400 3360 2570
4680 4440 3370 2570
4680 4470 3360 2570
4690 4430 3370 2570
4690 4470 3360 2570
4690 4460 3360 2570
4690 4420 3370 2560
4690 4460 3360 2560
4690 4440 3360 2560
4680 4460 3340 2550
4680 4500 3360 2550
4680 4500 3370 2550
4680 4480 3370 2550
4680 4460 3370 2560
4670 4460 3370 2550
4670 4460 3370 2560
4670 4480 3360 2570
4670 4460 3360 2570
4670 4410 3360 2570
4670 4410 3370 2570
4680 4410 3370 2560
4680 4420 3370 2560
4690 4480 3360 2570
4690 4480 3370 2570
4690 4440 3360 2550
4690 4420 3360 2550
4690 4470 3340 2570
4690 4440 3360 2570
4690 4410 3370 2570
4690 4470 3370 2570
4690 4440 3370 2560
4690 4480 3360 2570
4680 4440 3360 2570
4680 4410 3360 2580
4690 4450 3360 2580
4690 4410 3360 2580
4690 4430 3360 2580
4690 4420 3360 2580
4690 4440 3340 2560
4680 4460 3340 2570
4680 4480 3360 2570
4680 4440 3370 2570
4680 4460 3370 2570
4680 4480 3370 2570
4680 4440 3370 2570
4680 4420 3360 2560
4680 4480 3370 2560
4680 4420 3370 2560
4680 4480 3370 2570
4680 3960 3830 2570
4680 3960 3860 2570
4680 3980 3890 2570
4680 3950 3860 2560
4680 3950 3840 2560
4680 3950 3840 2570
4680 3950 3790 2580
4680 3950 3830 2580
4680 3950 3840 2580
4680 3960 3820 2580
4680 3960 3840 2570
4680 3980 3880 2570
4680 3980 3840 2560
4680 3960 3820 2570
4680 3950 3800 2570
4680 3950 3800 2570
4680 3950 3800 2570
4680 3960 3830 2560
4670 3950 3800 2560
4670 3950 3850 2560
4680 3960 3860 2560
4690 3960 3890 2560
4680 3960 3830 2570
4680 3960 3860 2570
4690 3960 3860 2570
4690 3960 3820 2550
4690 3960 3860 2560
4690 3960 3820 2560
4690 3950 3800 2560
4690 3950 3820 2560
4690 3950 3840 2560
4680 3950 3840 2560
4680 3950 3870 2560
4680 3960 3890 2560
4680 3960 3840 2560
4680 3950 3880 2560
4690 3950 3850 2570
4690 3950 3860 2570
4680 3950 3880 2570
4680 3950 3880 2560
4670 3950 3830 2570
4670 3950 3870 2570
4670 3950 3830 2570
4670 3960 3880 2560
4680 3950 3850 2560
4680 3960 3890 2560
4680 3960 3840 2570
4670 3960 3840 2560
4680 3960 3850 2550
4680 3950 3850 2560
4680 3950 3850 2550
4680 3950 3880 2550
4680 3950 3890 2560
4670 3950 3890 2550
4670 3960 3860 2560
4680 3960 3880 2560
4680 3960 3820 2560
4680 3950 3800 2570
4680 3950 3860 2580
4680 3950 3860 2570
4680 3960 3860 2570
4680 3960 3800 2570
4680 3950 3860 2560
4690 3950 3800 2560
4690 3960 3820 2560
4690 3960 3840 2550
4690 3960 3820 2550
4690 3950 3840 2550
4680 3950 3880 2550
4680 3950 3840 2550
4680 3950 3830 2550
4670 3950 3830 2550
4680 3950 3850 2560
4680 3960 3880 2560
4670 3980 3880 2560
4680 3980 3890 2570
4680 3980 3840 2570
4680 3980 3860 2570
4680 3980 3830 2570
4680 3960 3850 2570
4670 3960 3850 2570
4670 3950 3820 2570
4670 3950 3870 2570
4670 3950 3840 2570
4660 3950 3840 2570
4660 3950 3820 2560
4670 3950 3870 2560
4670 3960 3850 2560
4680 3960 3880 2560
4680 3960 3850 2560
4680 3960 3850 2550
4680 3960 3830 2560
4680 3960 3840 2560
4680 3960 3820 2560
4680 3960 3820 2560
4680 3960 3850 2560
4680 3960 3840 2560
4680 3950 3820 2560
4680 3960 3820 2550
