4330 3550 3590 3190
4330 3550 3590 3190
4330 3550 3580 3170
4340 3550 3590 3210
4340 3550 3580 3250
4340 3550 3580 3250
4340 3550 3580 3200
4340 3550 3580 3160
4340 3550 3590 3140
4340 3550 3590 3230
4340 3550 3590 3320
4340 3550 3590 3390
4340 3560 3590 3410
4330 3560 3590 3380
4330 3560 3590 3390
4340 3560 3580 3380
4340 3560 3580 3390
4340 3560 3580 3380
4340 3550 3580 3390
4340 3550 3580 3400
4340 3560 3580 3410
4340 3560 3580 3430
4350 3560 3580 3440
4340 3550 3580 3440
4330 3550 3580 3440
4330 3550 3580 3460
4330 3550 3580 3450
4320 3550 3580 3410
4320 3550 3580 3400
4320 3550 3580 3400
4330 3550 3580 3440
4330 3560 3580 3510
4330 3550 3580 3550
4330 3550 3580 3540
4330 3550 3580 3500
4330 3550 3580 3480
4330 3550 3580 3450
4340 3550 3580 3430
4340 3550 3580 3430
4330 3550 3580 3430
4330 3550 3580 3340
4320 3550 3580 3310
4330 3550 3580 3310
4330 3550 3580 3370
4330 3540 3580 3580
4330 3550 3580 3620
4330 3550 3580 3530
4330 3550 3580 3440
4330 3550 3580 3410
4330 3540 3570 3410
4330 3540 3570 3420
4330 3550 3570 3420
4330 3550 3580 3470
4330 3550 3580 3490
4330 3540 3580 3530
4330 3550 3580 3510
4330 3550 3580 3480
4330 3550 3580 3450
4340 3550 3580 3480
4340 3550 3580 3500
4340 3550 3590 3510
4350 3550 3590 3520
4340 3550 3590 3490
4340 3550 3580 3460
4340 3540 3590 3430
4340 3550 3580 3430
4340 3550 3570 3430
4340 3550 3570 3430
4340 3550 3570 3430
4340 3550 3570 3450
4340 3550 3570 3460
4340 3550 3570 3480
4340 3550 3570 3490
4340 3550 3570 3510
4330 3550 3580 3530
4340 3550 3580 3530
4340 3550 3580 3530
4340 3550 3590 3530
4340 3550 3590 3530
4340 3550 3590 3530
4340 3540 3590 3530
4340 3550 3580 3560
4340 3550 3580 3570
4340 3550 3580 3570
4340 3550 3580 3560
4350 3550 3580 3560
4360 3540 3580 3580
4360 3550 3590 3600
4350 3550 3580 3610
4340 3550 3580 3610
4340 3550 3580 3610
4340 3550 3580 3610
4340 3550 3580 3610
4340 3540 3580 3610
4340 3540 3580 3600
4330 3540 3580 3580
4330 3540 3580 3550
4340 3540 3580 3560
4340 3550 3580 3600
4340 3550 3580 3600
4340 3550 3580 3590
4340 3550 3580 3580
4340 3550 3580 3570
4340 3540 3580 3550
4340 3550 3580 3560
4340 3550 3580 3550
4340 3540 3580 3550
4340 3540 3580 3550
4340 3540 3580 3560
4340 3540 3580 3560
4340 3540 3580 3560
4340 3550 3580 3560
4340 3560 3580 3560
4330 3560 3580 3560
4340 3560 3580 3560
4330 3540 3580 3540
4330 3530 3580 3540
4340 3530 3580 3540
4330 4080 3580 2890
4330 4060 3580 2870
4330 4050 3580 2880
4330 4070 3580 2880
4330 4160 3580 2890
4330 4290 3580 2880
4330 4380 3590 2890
4330 4440 3590 2900
4320 4470 3590 2890
4320 4490 3590 2900
4320 4490 3590 2910
4320 4490 3590 2900
4320 4490 3580 2900
4320 4500 3580 2910
4320 4500 3580 2910
4320 4460 3580 2900
4320 4420 3570 2900
4330 4270 3570 2900
4330 4370 3570 2900
4330 4170 3570 2900
4340 4250 3570 2900
4340 4250 3570 2880
4340 4180 3570 2890
4330 4090 3570 2900
4340 4050 3580 2900
4340 4060 3580 2880
4340 4210 3590 2890
4350 4100 3590 2900
4340 4240 3580 2890
4340 4160 3580 2880
4330 4100 3580 2880
4330 4040 3580 2870
4330 4070 3580 2870
4330 4170 3570 2870
4330 4270 3570 2870
4330 4360 3570 2870
4330 4400 3580 2880
4330 4430 3580 2880
4330 4440 3580 2880
4330 4420 3570 2890
4340 4500 3580 2880
4340 4510 3580 2880
4340 4490 3580 2890
4340 4480 3580 2900
4340 4520 3580 2890
4340 4550 3580 2880
4340 4560 3580 2880
4330 4410 3590 2880
4330 4320 3590 2880
4340 4350 3590 2880
4340 4260 3590 2890
4340 4190 3580 2890
4340 4150 3580 2880
4330 4350 3580 2870
4330 4390 3580 2860
4320 4470 3590 2870
4320 4500 3580 2870
4320 4520 3580 2880
4320 4540 3580 2890
4320 4580 3580 2900
4320 4440 3580 2890
4320 4400 3580 2880
4340 4480 3580 2880
4340 4310 3590 2880
4340 4240 3580 2890
4340 4210 3580 2900
4340 4210 3580 2890
4340 4210 3590 2900
4330 4170 3590 2910
4330 4320 3590 2900
4330 4420 3600 2900
4320 4500 3590 2910
4320 4610 3590 2920
4320 4580 3580 2920
4320 4170 3570 2920
4320 4460 3570 2920
4320 4570 3580 2910
4320 4390 3580 2920
4320 4300 3580 2920
4320 4270 3580 2900
4330 4480 3570 2910
4330 4550 3570 2910
4330 4660 3580 2890
4330 4710 3580 2900
4340 4770 3580 2900
4350 4790 3570 2900
4340 4800 3570 2920
4340 4800 3580 2910
4340 4770 3580 2920
4340 4750 3580 2920
4340 4740 3580 2910
4340 4570 3580 2920
4340 4420 3580 2900
4340 4390 3580 2900
4340 4380 3580 2900
4330 4410 3580 2890
4340 4490 3580 2900
4330 4470 3580 2920
4330 4410 3580 2900
4330 4340 3580 2900
