4050 3170 3880 3700
4040 3180 3890 3630
4040 3170 3870 3610
4040 3170 3870 3600
4040 3170 3860 3560
4050 3170 3870 3530
4040 3170 3870 3560
4050 3170 3870 3670
4060 3170 3880 3700
4040 3160 3870 3740
4050 3160 3880 3820
4050 3160 3870 3850
4050 3160 3880 3860
4060 3160 3890 3850
4050 3160 3880 3820
4050 3150 3880 3790
4050 3140 3870 3750
4040 3150 3880 3700
4040 3150 3880 3670
4040 3150 3870 3570
4030 3140 3880 3530
4050 3150 3890 3530
4050 3150 3880 3530
4050 3150 3870 3530
4030 3160 3870 3540
4030 3160 3870 3560
4040 3160 3870 3630
4040 3160 3880 3730
4040 3160 3880 3750
4040 3170 3870 3820
4030 3170 3870 3840
4030 3170 3880 3840
4020 3170 3880 3830
4020 3160 3880 3850
4030 3160 3880 3850
4040 3170 3880 3830
4040 3170 3880 3840
4030 3160 3900 3840
4030 3160 3900 3840
4040 3160 3890 3850
4040 3150 3890 3860
4050 3150 3900 3890
4040 3140 3900 3910
4040 3160 3880 3920
4040 3170 3880 3880
4040 3170 3890 3830
4040 3170 3880 3780
4040 3160 3870 3750
4040 3160 3880 3720
4040 3160 3890 3720
4040 3160 3890 3710
4040 3160 3890 3710
4040 3160 3890 3700
4040 3160 3890 3690
4040 3160 3880 3670
4040 3170 3880 3680
4040 3170 3880 3670
4040 3170 3880 3650
4040 3180 3880 3620
4030 3180 3880 3600
4040 3170 3880 3590
4030 3170 3890 3580
4040 3160 3900 3570
4040 3160 3900 3570
4040 3160 3890 3570
4050 3160 3880 3570
4040 3160 3880 3570
4050 3170 3880 3570
4050 3160 3880 3560
4060 3160 3900 3560
4060 3150 3900 3570
4050 3150 3900 3570
4050 3140 3900 3580
4050 3150 3890 3600
4040 3150 3880 3610
4030 3150 3880 3610
4040 3140 3880 3600
4040 3150 3870 3600
4040 3150 3880 3590
4040 3160 3880 3580
4040 3160 3880 3580
4040 3170 3880 3580
4040 3170 3880 3580
4030 3170 3870 3570
4040 3170 3870 3570
4040 3170 3870 3570
4040 3170 3870 3570
4050 3170 3880 3570
4050 3170 3880 3570
4040 3170 3880 3570
4060 3160 3870 3570
4060 3160 3870 3590
4050 3160 3870 3590
4040 3160 3860 3570
4040 3160 3860 3570
4030 3160 3870 3570
4040 3170 3870 3570
4030 3170 3880 3570
4040 3160 3890 3580
4040 3150 3890 3590
4030 3150 3890 3600
4040 3140 3880 3600
4040 3150 3890 3600
4030 3150 3900 3610
4050 3160 3900 3610
4040 3170 3910 3610
4040 3160 3910 3610
4040 3160 3910 3610
4040 3170 3890 3610
4040 3170 3880 3610
4050 3170 4060 3240
4040 3170 4070 3250
4040 3170 4060 3250
4040 3160 4090 3240
4040 3150 4090 3230
4050 3150 4090 3230
4040 3150 4100 3230
4050 3150 4090 3240
4050 3160 4100 3240
4050 3160 4110 3240
4040 3160 4110 3240
4040 3160 4130 3230
4050 3150 4140 3240
4040 3140 4160 3240
4030 3150 4180 3250
4030 3150 4190 3250
4040 3160 4200 3260
4030 3150 4240 3250
4030 3160 4230 3240
4030 3170 4190 3240
4030 3160 4160 3240
4030 3170 4130 3240
4040 3170 4110 3240
4040 3170 4110 3240
4040 3160 4120 3240
4050 3160 4120 3240
4050 3160 4110 3240
4040 3160 4100 3240
4040 3170 4090 3240
4040 3170 4110 3240
4040 3170 4120 3240
4030 3160 4110 3240
4040 3160 4110 3240
4040 3160 4100 3240
4040 3160 4090 3240
4030 3150 4100 3240
4030 3150 4120 3240
4040 3150 4110 3240
4030 3160 4110 3240
4040 3160 4100 3250
4030 3160 4090 3250
4030 3160 4090 3250
4020 3160 4090 3250
4020 3140 4080 3250
4030 3140 4080 3240
4040 3140 4080 3240
4040 3130 4080 3230
4030 3130 4080 3230
4030 3140 4090 3230
4030 3150 4090 3240
4030 3150 4080 3240
4050 3150 4110 3240
4050 3150 4110 3240
4040 3160 4110 3240
4040 3160 4140 3240
4050 3160 4170 3240
4040 3160 4160 3240
4040 3160 4170 3240
4040 3160 4160 3240
4050 3170 4150 3240
4050 3170 4150 3240
4050 3170 4170 3240
4040 3160 4210 3250
4030 3160 4190 3250
4040 3150 4180 3240
4030 3150 4180 3240
4030 3150 4190 3240
4030 3150 4160 3240
4040 3140 4150 3240
4050 3150 4130 3240
4050 3150 4140 3240
4050 3150 4160 3240
4050 3150 4210 3250
4040 3150 4330 3250
4040 3160 4300 3250
4040 3150 4290 3250
4050 3150 4230 3250
4050 3150 4190 3250
4060 3140 4160 3250
4060 3150 4140 3250
4060 3150 4130 3250
4060 3150 4120 3250
4070 3160 4110 3250
4060 3160 4120 3250
4050 3160 4120 3250
4050 3160 4120 3250
4060 3160 4110 3250
4050 3160 4100 3250
4040 3160 4120 3260
4050 3160 4230 3260
4040 3160 4290 3260
4050 3160 4320 3260
4040 3160 4350 3260
4030 3160 4320 3240
4040 3150 4310 3220
