3760 2770 4640 3620
3770 2760 4670 3620
3770 2760 4670 3620
3770 2760 4740 3620
3770 2760 4810 3620
3770 2760 4660 3620
3780 2750 4680 3620
3790 2760 4760 3630
3790 2760 4710 3630
3790 2770 4700 3630
3770 2770 4890 3630
3770 2770 4950 3640
3770 2780 4980 3640
3770 2780 4970 3640
3780 2770 4920 3630
3790 2770 4920 3630
3780 2770 4920 3630
3780 2760 4910 3630
3780 2760 4890 3630
3780 2770 4880 3630
3770 2770 4850 3620
3770 2760 4860 3620
3770 2760 4840 3620
3780 2770 4820 3620
3770 2780 4810 3620
3770 2790 4820 3630
3780 2790 4830 3630
3780 2780 4770 3630
3770 2780 4760 3620
3770 2770 4740 3620
3780 2770 4750 3620
3780 2770 4750 3620
3770 2780 4760 3620
3770 2770 4760 3620
3770 2760 4760 3620
3770 2760 4750 3620
3770 2760 4760 3620
3770 2760 4770 3630
3770 2760 4770 3630
3770 2760 4760 3630
3760 2760 4750 3630
3760 2760 4740 3630
3760 2770 4730 3630
3770 2770 4740 3630
3770 2770 4760 3630
3770 2760 4800 3640
3770 2760 4800 3630
3770 2760 4810 3630
3770 2780 4820 3630
3770 2780 4820 3630
3770 2770 4830 3630
3770 2770 4840 3620
3770 2770 4840 3620
3770 2770 4850 3620
3780 2780 4860 3620
3790 2760 4880 3610
3790 2760 4890 3620
3790 2760 4880 3620
3790 2760 4870 3620
3790 2770 4840 3610
3790 2780 4850 3620
3790 2770 4870 3630
3780 2760 4870 3630
3780 2770 4860 3620
3780 2760 4860 3620
3790 2770 4860 3620
3800 2770 4860 3620
3790 2770 4870 3630
3790 2760 4910 3630
3790 2770 4950 3630
3780 2770 4880 3630
3780 2760 4850 3630
3770 2760 4910 3620
3770 2760 4850 3630
3770 2760 4930 3630
3770 2760 4880 3630
3770 2760 4850 3630
3770 2760 4920 3630
3770 2770 4970 3630
3760 2770 5000 3620
3770 2770 5020 3620
3770 2770 5040 3610
3770 2770 4910 3610
3770 2770 4960 3610
3770 2770 4990 3600
3770 2770 5010 3600
3770 2760 5030 3610
3770 2770 5030 3620
3770 2770 5040 3620
3770 2770 5050 3620
3780 2760 5050 3620
3770 2760 5050 3620
3770 2760 5050 3620
3760 2750 5060 3630
3760 2770 5050 3620
3770 2770 5000 3620
3770 2770 4950 3620
3770 2760 4950 3620
3770 2760 4920 3620
3790 2760 4910 3620
3790 2760 4890 3620
3790 2760 4890 3620
3790 2760 4920 3620
3790 2760 4910 3620
3780 2760 4880 3630
3780 2760 4870 3630
3780 2770 4880 3630
3780 2760 4910 3630
3780 2760 4940 3630
3770 2760 4970 3630
3770 2750 4980 3630
3770 2740 4990 3630
3770 2750 5010 3630
3770 2760 5020 3630
3760 2770 5030 3630
3770 2770 5030 3620
3770 2770 5020 3620
3770 2770 5020 3620
3770 2770 5010 3620
3770 2770 5010 3620
3770 2760 4980 3620
3770 2760 4970 3610
3770 2760 4970 3610
3770 2770 4980 3610
3770 2770 4990 3610
3780 2770 4990 3610
3780 2770 4990 3620
3780 2770 4980 3620
3770 2780 4990 3620
3770 2760 5000 3620
3780 2760 5000 3620
3780 2760 4970 3620
3780 2760 4990 3620
3770 2770 5000 3610
3770 2770 5000 3620
3770 2770 5000 3620
3770 2770 5000 3620
3760 2770 4980 3620
3760 2770 4950 3630
3760 2770 4980 3620
3770 2760 4770 3630
3900 2760 4230 3620
3910 2760 4230 3620
3940 2760 4240 3620
3990 2760 4240 3620
4020 2760 4240 3620
4040 2760 4230 3620
4030 2760 4240 3610
4020 2760 4250 3610
4010 2770 4250 3610
4010 2780 4250 3610
4010 2780 4250 3610
4010 2770 4260 3620
4000 2770 4260 3620
4000 2760 4250 3620
3990 2760 4240 3620
3980 2770 4240 3620
3980 2760 4230 3620
3980 2770 4230 3620
3980 2770 4230 3620
3960 2770 4230 3620
3960 2770 4230 3620
3950 2770 4240 3620
3950 2760 4230 3620
3960 2770 4240 3610
3960 2770 4240 3620
3980 2780 4240 3620
3980 2780 4240 3630
3980 2780 4240 3620
3980 2780 4240 3610
3960 2780 4250 3610
3980 2780 4250 3610
3990 2780 4250 3610
3980 2760 4240 3610
3990 2760 4240 3620
3990 2770 4230 3620
3980 2770 4240 3620
3960 2760 4240 3620
3960 2770 4230 3620
3980 2770 4240 3620
4000 2770 4240 3620
4010 2770 4250 3620
4010 2770 4250 3620
4010 2770 4250 3620
3990 2770 4250 3620
3980 2770 4250 3620
3980 2770 4250 3620
3960 2760 4260 3620
3960 2770 4260 3620
3950 2770 4230 3620
3950 2760 4250 3630
3960 2760 4230 3630
3960 2770 4230 3630
3990 2770 4230 3630
4000 2770 4220 3630
4010 2770 4230 3630
4010 2780 4240 3630
4010 2760 4240 3630
4000 2770 4230 3630
4000 2770 4230 3630
3990 2770 4240 3630
3980 2770 4230 3630
3980 2770 4240 3620
3990 2780 4260 3620
4010 2780 4240 3620
4010 2780 4240 3620
4020 2790 4240 3620
4020 2780 4250 3620
4020 2760 4250 3620
4030 2770 4260 3630
4030 2770 4260 3630
4030 2770 4260 3630
4030 2770 4250 3630
4010 2780 4250 3630
4000 2770 4250 3630
3940 2770 4250 3620
3920 2770 4240 3630
3920 2780 4240 3630
3930 2780 4230 3620
3930 2770 4240 3620
3980 2760 4240 3620
3980 2760 4240 3620
3980 2760 4250 3620
3980 2760 4240 3610
3980 2760 4240 3610
3980 2760 4230 3610
3990 2770 4240 3610
3980 2780 4250 3610
3990 2780 4260 3610
3980 2780 4250 3610
3980 2780 4250 3620
3980 2780 4240 3620
3980 2770 4250 3620
3980 2760 4240 3620
3980 2760 4230 3620
3980 2770 4230 3620
3960 2770 4230 3610
3980 2770 4220 3610
3980 2770 4230 3610
3980 2770 4240 3620
3980 2780 4250 3620
3960 2780 4250 3620
3950 2770 4240 3620
3910 2760 4230 3620
