3480 2400 4860 4130
3480 2400 5010 4120
3470 2380 4970 4120
3460 2380 5000 4130
3470 2400 4970 4120
3480 2380 4910 4120
3480 2390 4870 4120
3480 2400 4860 4120
3470 2400 4850 4120
3470 2380 4810 4120
3470 2360 4800 4120
3470 2370 4830 4130
3480 2390 4970 4130
3480 2380 4920 4110
3480 2390 5000 4120
3480 2390 4980 4120
3480 2390 4910 4120
3470 2400 4840 4120
3470 2400 4760 4130
3470 2380 4970 4140
3480 2390 5090 4140
3480 2390 5160 4140
3480 2400 5190 4120
3480 2390 5190 4110
3480 2400 5180 4110
3480 2380 5170 4110
3490 2390 5150 4110
3490 2400 5150 4110
3500 2380 5140 4110
3490 2380 5110 4110
3480 2390 5100 4110
3480 2400 5050 4110
3480 2390 5030 4110
3480 2400 5000 4120
3480 2420 5000 4120
3480 2390 5020 4120
3480 2390 5010 4120
3490 2390 5010 4110
3490 2400 5020 4120
3480 2400 5080 4110
3480 2400 5120 4110
3470 2390 5130 4110
3470 2370 5150 4110
3470 2380 5150 4110
3470 2380 5080 4110
3470 2370 4990 4120
3470 2380 4940 4120
3470 2400 4880 4130
3480 2400 4860 4130
3480 2400 4860 4120
3480 2420 4880 4120
3490 2430 4990 4120
3490 2420 5010 4120
3490 2400 5010 4120
3490 2390 5020 4120
3490 2380 5020 4120
3490 2380 5010 4120
3490 2420 5050 4120
3490 2420 5060 4120
3490 2390 5010 4120
3480 2400 5030 4120
3490 2390 5000 4120
3490 2390 5040 4120
3490 2400 5070 4120
3490 2380 5070 4120
3490 2380 5100 4120
3490 2390 5130 4110
3490 2390 5110 4120
3490 2390 5080 4110
3490 2370 5080 4100
3490 2360 5070 4110
3490 2360 5060 4110
3490 2370 5060 4110
3490 2360 5070 4120
3490 2360 5070 4130
3490 2360 5060 4120
3490 2360 5050 4120
3490 2350 5050 4120
3490 2350 5050 4120
3490 2370 5040 4120
3480 2360 5050 4120
3480 2350 5070 4120
3480 2360 5100 4120
3480 2370 5160 4120
3480 2350 5170 4120
3480 2370 5140 4110
3470 2370 5030 4110
3470 2390 4980 4110
3470 2400 4910 4110
3470 2420 4850 4110
3470 2420 4810 4120
3470 2400 4750 4120
3470 2400 4720 4120
3470 2400 4710 4120
3470 2400 4750 4120
3480 2400 4810 4120
3490 2420 4850 4120
3500 2390 4920 4110
3490 2390 4950 4120
3480 2400 4990 4120
3480 2390 5050 4120
3480 2390 5180 4130
3480 2380 5250 4130
3500 2580 4570 4110
3490 2660 4580 4110
3500 2760 4580 4110
3490 2770 4580 4110
3490 2750 4570 4110
3490 2720 4570 4120
3490 2760 4570 4120
3490 2790 4570 4120
3480 2790 4580 4110
3480 2720 4580 4110
3490 2700 4580 4100
3500 2690 4580 4100
3490 2690 4580 4110
3490 2740 4580 4110
3490 2800 4580 4120
3500 2820 4570 4120
3490 2850 4570 4120
3490 2890 4570 4120
3500 2920 4570 4120
3500 2930 4580 4120
3490 2920 4580 4120
3490 2940 4580 4120
3490 2930 4580 4120
3490 2950 4580 4130
3480 2870 4580 4130
3490 2830 4580 4120
3500 2810 4570 4120
3490 2820 4570 4120
3480 2910 4580 4120
3480 2920 4580 4120
3490 2870 4580 4120
3490 2860 4580 4110
3490 2850 4580 4120
3490 2930 4580 4120
3500 2960 4580 4120
3500 2900 4570 4120
3490 2880 4570 4130
3490 2840 4580 4130
3490 2790 4600 4130
3500 2750 4580 4130
3490 2720 4580 4130
3490 2700 4580 4140
3490 2690 4600 4130
3490 2670 4580 4120
3490 2680 4580 4120
3500 2670 4580 4130
3500 2650 4570 4130
3490 2630 4580 4120
3490 2630 4570 4120
3490 2630 4570 4120
3490 2630 4570 4120
3490 2640 4570 4110
3490 2660 4570 4110
3490 2670 4580 4110
3490 2690 4580 4110
3490 2670 4580 4110
3490 2650 4580 4110
3490 2650 4580 4120
3490 2640 4580 4110
3490 2640 4580 4130
3490 2640 4580 4130
3490 2670 4580 4140
3480 2680 4600 4140
3480 2720 4600 4150
3490 2760 4610 4150
3500 2800 4600 4140
3490 2910 4600 4130
3490 2960 4600 4120
3500 2940 4600 4120
3500 2930 4580 4120
3490 2940 4600 4110
3490 2950 4580 4110
3490 2920 4580 4120
3470 2900 4580 4120
3470 2900 4570 4120
3470 2890 4570 4130
3470 2890 4570 4120
3480 2890 4570 4120
3480 2870 4570 4120
3480 2860 4570 4130
3490 2870 4570 4130
3480 2870 4570 4130
3490 2870 4570 4120
3480 2870 4570 4120
3480 2870 4580 4120
3480 2870 4580 4120
3490 2880 4600 4120
3500 2880 4580 4130
3500 2890 4580 4130
3500 2900 4570 4120
3500 2920 4570 4120
3490 2850 4570 4140
3490 2820 4570 4140
3490 2790 4580 4140
3490 2750 4580 4120
3490 2740 4580 4120
3490 2720 4580 4120
3490 2750 4580 4120
3490 2810 4580 4130
3490 2870 4580 4130
3480 2920 4580 4120
3490 2950 4580 4120
3490 2960 4580 4110
3490 2930 4600 4110
3490 2910 4600 4120
3490 2910 4600 4120
3480 2900 4580 4120
3470 2880 4580 4120
3470 2880 4600 4120
3480 2900 4600 4120
3490 2930 4600 4120
3480 2960 4580 4120
