3320 2150 5020 5170
3320 2140 5020 5060
3320 2140 5020 5030
3320 2130 5010 5070
3330 2150 5010 5100
3320 2150 5010 5240
3310 2160 5010 5210
3320 2160 5020 5200
3320 2140 5020 5170
3320 2150 5020 5160
3320 2150 5030 5130
3320 2160 5030 5110
3320 2150 5020 5100
3320 2160 5020 5070
3320 2160 5030 5050
3320 2160 5030 5070
3310 2170 5040 5130
3310 2170 5040 5150
3310 2160 5040 5160
3320 2170 5040 5180
3320 2140 5030 5230
3310 2140 5030 5240
3310 2130 5030 5240
3310 2150 5030 5250
3310 2150 5020 4960
3310 2150 5030 4820
3320 2140 5030 4730
3310 2140 5020 4670
3310 2150 5030 4630
3310 2140 5020 4600
3310 2140 5030 4570
3310 2150 5020 4540
3320 2160 5030 4540
3330 2170 5020 4550
3330 2170 5020 4740
3330 2170 5020 4710
3330 2170 5020 4840
3330 2170 5020 4790
3330 2160 5020 4770
3330 2150 5040 5050
3330 2150 5030 5120
3330 2140 5020 5170
3330 2140 5020 5200
3330 2130 5020 5260
3330 2150 5020 5270
3330 2140 5020 5270
3320 2140 5010 5280
3320 2140 5010 5280
3320 2160 5020 5240
3320 2160 5020 5200
3320 2160 5020 5240
3320 2160 5020 5250
3310 2160 5020 5210
3310 2170 5010 5250
3310 2150 5010 5280
3310 2150 5010 5290
3310 2140 5010 5320
3320 2170 5020 5320
3320 2170 5020 5320
3320 2170 5020 5320
3320 2160 5010 5330
3320 2170 5020 5330
3310 2150 5030 5330
3310 2170 5010 5330
3320 2160 5030 5320
3320 2160 5020 5320
3310 2160 5020 5320
3310 2160 5020 5320
3310 2160 5020 5320
3320 2160 5020 5230
3310 2160 5030 5110
3310 2160 5030 5050
3310 2160 5030 5010
3300 2160 5030 5020
3320 2170 5030 4950
3330 2170 5030 4910
3330 2170 5040 5020
3320 2170 5040 5040
3320 2150 5040 5110
3320 2160 5030 5120
3320 2150 5020 5170
3320 2160 5020 5080
3320 2160 5020 5000
3320 2170 5020 4940
3320 2180 5020 4800
3320 2170 5020 4790
3320 2160 5020 4790
3330 2170 5030 4950
3330 2140 5040 4930
3300 2140 5030 4800
3300 2150 5040 4730
3300 2140 5040 4720
3670 2160 5020 4530
3690 2150 5020 4530
3790 2160 5020 4540
3780 2160 5020 4540
3740 2170 5030 4540
3680 2170 5030 4540
3770 2160 5030 4540
3620 2170 5020 4540
3610 2160 5020 4530
3650 2170 5020 4530
3690 2160 5020 4530
3750 2160 5020 4530
3810 2150 5020 4530
3840 2140 5030 4540
3870 2140 5020 4540
3890 2150 5010 4550
3920 2160 5020 4550
3940 2170 5030 4550
3950 2160 5030 4550
3920 2180 5030 4550
3900 2160 5020 4550
3920 2160 5020 4550
3920 2160 5030 4550
3910 2160 5030 4550
3890 2140 5030 4550
3880 2150 5030 4540
3880 2150 5020 4540
3880 2150 5020 4540
3890 2160 5020 4540
3890 2150 5010 4540
3880 2160 5010 4540
3890 2180 5010 4540
3890 2180 5020 4540
3890 2180 5020 4540
3890 2180 5030 4540
3890 2160 5030 4550
3880 2140 5020 4550
3900 2150 5020 4550
3900 2160 5020 4550
3900 2170 5020 4540
3910 2160 5020 4540
3910 2170 5020 4530
3910 2160 5030 4530
3920 2160 5030 4530
3940 2170 5020 4530
4000 2170 5020 4530
4000 2160 5020 4530
3930 2140 5020 4540
3910 2140 5020 4540
3900 2140 5020 4550
3880 2140 5020 4550
3880 2130 5020 4540
3890 2150 5020 4540
3880 2150 5020 4550
3880 2150 5020 4540
3870 2160 5020 4540
3870 2160 5010 4540
3870 2160 5010 4530
3870 2170 5010 4540
3900 2160 5020 4530
3910 2170 5010 4530
3910 2160 5020 4520
3910 2150 5020 4520
3940 2140 5020 4520
3960 2160 5020 4510
4010 2150 5030 4530
4020 2160 5040 4540
4030 2160 5040 4530
4020 2150 5040 4530
4000 2150 5040 4540
3980 2150 5040 4550
3960 2140 5040 4550
3960 2140 5020 4550
3960 2140 5020 4540
3950 2150 5030 4540
3930 2160 5020 4550
3920 2140 5030 4540
3920 2140 5020 4540
3920 2130 5020 4540
3920 2150 5020 4530
3890 2150 5030 4530
3890 2170 5020 4530
3900 2160 5030 4530
3940 2160 5020 4530
3780 2170 5020 4530
3760 2150 5020 4530
3730 2160 5020 4530
3810 2150 5020 4530
3870 2170 5020 4520
3870 2160 5020 4520
3890 2150 5030 4520
3920 2130 5030 4530
3940 2150 5030 4530
3960 2140 5020 4540
3990 2130 5030 4540
4000 2140 5030 4540
4010 2150 5030 4530
4030 2160 5030 4530
4030 2170 5020 4530
4030 2180 5030 4530
4040 2180 5030 4530
4040 2180 5030 4530
4030 2160 5030 4530
4010 2150 5040 4530
3980 2140 5040 4530
3950 2150 5040 4540
3930 2150 5040 4530
3900 2160 5040 4530
3870 2160 5040 4540
3840 2170 5040 4540
3810 2190 5020 4540
3810 2190 5030 4530
3800 2170 5030 4530
3790 2160 5030 4530
3730 2150 5030 4540
3830 2150 5020 4540
3820 2140 5020 4530
3860 2140 5020 4530
3900 2150 5030 4540
3930 2160 5030 4540
3950 2160 5030 4540
3990 2170 5030 4540
3990 2180 5030 4530
4010 2180 5030 4530
4020 2160 5030 4530
3980 2150 5020 4530
3890 2140 5020 4530
3820 2150 5010 4530
3820 2140 5020 4520
3810 2140 5020 4510
3860 2140 5020 4500
3840 2150 5020 4510
3830 2150 5010 4520
3820 2140 5020 4520
3820 2170 5010 4530
3790 2150 5020 4530
3830 2150 5020 4530
3820 2150 5030 4530
