3200 1970 5980 4990
3190 1980 6000 4990
3200 2000 5940 4990
3190 1980 5940 4990
3190 1990 5960 4980
3190 1980 5940 4980
3180 1990 5930 4970
3190 1990 5930 4990
3200 1980 5970 4990
3180 1990 5990 4980
3190 1980 6000 4990
3190 1970 5940 4980
3190 1970 5940 4980
3200 1990 5960 4980
3200 1990 5940 4980
3200 2000 6000 4990
3200 1990 5960 4990
3200 1980 6010 4970
3200 1990 5940 4970
3200 1980 5950 4970
3190 1980 5980 4970
3200 1990 6000 4980
3200 1980 5990 4970
3200 1990 5950 4970
3190 1980 5930 4970
3200 1980 5930 4970
3210 1990 5950 4980
3210 1980 5940 4980
3210 1970 5990 4980
3200 1980 5950 4970
3200 1980 5950 4970
3200 1990 5940 4970
3200 2000 5990 4970
3190 1980 5940 4980
3180 1980 5960 4980
3180 1970 5960 4980
3180 1960 6000 4970
3190 1980 5960 4980
3190 1960 5940 4960
3190 1950 5990 4970
3200 1950 5930 4970
3200 1970 5980 4980
3180 1980 5950 4980
3200 1970 5950 4990
3180 1990 5930 4980
3190 2010 5950 4980
3190 2010 5940 4980
3200 1990 5940 4970
3200 1990 6010 4980
3210 1970 6010 4990
3210 1970 5960 4980
3200 1970 6000 4980
3210 1980 5960 4990
3200 1970 5930 4990
3200 1980 5950 4990
3210 1990 5950 4990
3200 2000 5930 4990
3200 1990 5960 5000
3200 1990 5980 5000
3200 1980 5940 5000
3200 1980 5960 5000
3190 2000 5940 5000
3180 1990 5990 4990
3170 1980 6010 4990
3170 1980 5990 5000
3170 1980 5970 5000
3190 1990 5940 5000
3200 1970 5940 4990
3210 1970 6000 5000
3190 1990 5940 5000
3190 1990 6000 5000
3190 1990 5960 5000
3190 2000 5940 4990
3180 2000 6010 4990
3200 2000 5950 4990
3200 1980 5950 5000
3200 1980 5960 5000
3190 1980 5960 5000
3190 1970 5950 4970
3200 1970 5930 4980
3210 1980 5960 4990
3200 1970 5950 4980
3210 1970 5970 4990
3210 1990 5990 4990
3210 2000 5950 4990
3200 1970 5960 4990
3200 1990 5960 4980
3200 2000 5970 4990
3200 1990 5930 4990
3200 1980 5950 5000
3190 1980 5980 4990
3190 1990 5960 4980
3200 1990 5940 4980
3200 1980 6000 4990
3200 1990 5980 4990
3190 2000 6000 5010
3200 1990 5980 5010
3200 1980 5480 5460
3200 1980 5490 5460
3200 1990 5490 5460
3200 2000 5490 5470
3210 2010 5490 5430
3220 2010 5480 5460
3210 2000 5480 5440
3210 1980 5490 5510
3210 1990 5490 5480
3210 1990 5480 5460
3190 1980 5470 5450
3200 1990 5460 5470
3200 1990 5470 5490
3190 1990 5470 5490
3190 1980 5480 5470
3190 1990 5480 5500
3190 2000 5480 5430
3190 1990 5480 5450
3190 1990 5480 5450
3190 1990 5480 5470
3190 2000 5480 5450
3190 2010 5480 5440
3190 2000 5480 5500
3200 2000 5480 5460
3200 2000 5470 5500
3200 1980 5470 5470
3200 1970 5470 5440
3210 1970 5470 5460
3190 1970 5480 5440
3190 1980 5470 5500
3190 1980 5470 5430
3190 1990 5470 5420
3200 1990 5470 5490
3190 1980 5470 5450
3190 1990 5470 5460
3200 2000 5470 5500
3200 1990 5470 5450
3200 1980 5470 5460
3200 1980 5470 5440
3200 1970 5470 5430
3190 1980 5470 5440
3200 1980 5470 5450
3190 1990 5470 5490
3190 1980 5470 5450
3190 1980 5470 5470
3190 1980 5470 5480
3190 1970 5470 5460
3190 1980 5470 5450
3190 1990 5470 5440
3190 1990 5480 5510
3190 1990 5480 5440
3180 1990 5470 5440
3180 2000 5470 5460
3180 2000 5470 5430
3180 2000 5470 5490
3180 2000 5470 5470
3180 2000 5470 5430
3170 1990 5470 5470
3180 2000 5470 5490
3190 1990 5470 5470
3190 1980 5470 5480
3190 1980 5470 5490
3190 1990 5470 5460
3190 2000 5470 5480
3190 1990 5480 5430
3190 1990 5470 5460
3190 2000 5470 5470
3190 2000 5470 5470
3190 1980 5470 5450
3200 1990 5470 5490
3210 1990 5480 5460
3210 1990 5480 5450
3210 1990 5480 5470
3210 1980 5480 5450
3200 1970 5480 5510
3200 1970 5480 5450
3180 1970 5480 5470
3180 1980 5490 5450
3200 1990 5490 5450
3200 1970 5490 5440
3190 1970 5490 5460
3190 1990 5490 5490
3190 1990 5490 5460
3190 1990 5490 5450
3210 1990 5490 5470
3210 2000 5490 5440
3200 1990 5480 5440
3190 1980 5480 5440
3190 1970 5480 5470
3190 1980 5480 5440
3190 1980 5480 5450
3190 1980 5480 5440
3190 1970 5480 5500
3190 1970 5480 5480
3190 1970 5480 5440
3190 1970 5480 5490
3190 1980 5480 5460
3200 1990 5480 5430
3190 2000 5480 5500
3200 2000 5480 5500
3200 1990 5480 5430
3200 1990 5480 5440
3200 1980 5480 5440
3190 1970 5480 5500
