3730 1990 5750 4780
3730 1950 5750 4770
3720 1930 5750 4770
3710 1910 5760 4780
3710 1930 5760 4780
3710 1980 5760 4780
3710 1960 5760 4770
3700 1990 5760 4770
3710 1930 5760 4780
3710 1950 5760 4780
3710 1970 5760 4770
3710 1940 5760 4760
3710 1970 5750 4770
3720 1950 5750 4770
3720 1960 5750 4770
3720 1990 5750 4780
3730 1930 5750 4780
3720 1970 5750 4780
3710 1970 5740 4790
3720 1930 5750 4790
3710 1930 5750 4780
3710 1940 5750 4780
3710 1940 5760 4780
3720 1990 5760 4790
3720 1930 5740 4790
3710 1970 5740 4790
3710 1980 5750 4780
3720 1980 5750 4780
3720 1940 5750 4790
3730 1950 5760 4790
3730 1950 5750 4790
3720 1980 5750 4790
3720 1970 5750 4790
3720 2000 5760 4780
3710 2010 5760 4780
3700 2020 5760 4780
3700 1960 5760 4780
3710 2030 5760 4780
3720 1970 5760 4780
3720 1990 5750 4780
3710 1920 5750 4780
3700 1970 5760 4790
3710 1960 5760 4790
3710 1990 5750 4780
3720 1930 5760 4790
3720 1920 5760 4790
3730 1910 5760 4790
3730 1980 5760 4780
3730 1940 5760 4770
3720 1910 5760 4770
3720 1950 5760 4770
3720 1940 5750 4780
3710 1990 5750 4780
3710 1990 5750 4780
3720 1950 5750 4780
3710 1940 5750 4780
3710 1950 5750 4770
3710 1940 5760 4770
3710 1920 5760 4760
3710 1920 5760 4760
3720 1970 5760 4760
3710 1950 5760 4770
3720 1950 5750 4770
3730 1950 5750 4770
3730 1950 5750 4760
3720 1970 5750 4770
3720 1930 5750 4770
3710 1950 5750 4760
3720 1970 5750 4770
3720 1990 5760 4770
3710 1950 5760 4770
3710 1970 5750 4770
3720 1980 5750 4760
3720 1980 5750 4760
3730 1990 5750 4760
3720 1970 5760 4770
3700 1950 5760 4770
3700 2010 5760 4770
3710 1930 5750 4770
3720 1940 5750 4780
3710 1950 5740 4780
3710 1930 5750 4780
3720 2010 5750 4780
3720 1950 5750 4770
3730 1970 5750 4760
3720 1950 5750 4770
3730 2020 5750 4760
3740 2010 5750 4780
3740 1980 5740 4780
3740 1950 5750 4780
3740 1970 5750 4780
3740 1950 5750 4770
3730 1990 5750 4770
3720 1970 5750 4760
3720 1960 5750 4760
3710 1460 5750 5260
3720 1460 5750 5260
3710 1450 5750 5230
3710 1470 5750 5260
3720 1490 5750 5240
3720 1500 5750 5250
3720 1490 5760 5260
3720 1470 5760 5220
3720 1470 5750 5240
3720 1470 5760 5220
3730 1460 5760 5240
3720 1460 5750 5250
3720 1470 5750 5250
3720 1460 5750 5250
3710 1490 5750 5270
3710 1490 5750 5240
3710 1490 5750 5240
3710 1490 5750 5240
3720 1490 5750 5260
3720 1460 5750 5290
3720 1470 5750 5290
3730 1470 5750 5270
3720 1470 5750 5270
3720 1470 5750 5260
3720 1470 5740 5280
3720 1470 5750 5290
3720 1470 5750 5250
3710 1460 5750 5220
3710 1460 5740 5280
3710 1460 5740 5250
3710 1470 5750 5260
3730 1470 5750 5300
3720 1470 5750 5290
3720 1460 5750 5230
3720 1470 5740 5270
3720 1470 5740 5230
3720 1460 5750 5290
3720 1460 5750 5280
3710 1460 5740 5300
3720 1470 5750 5250
3720 1490 5760 5230
3720 1470 5760 5230
3720 1470 5760 5250
3720 1470 5750 5250
3720 1470 5740 5230
3710 1460 5740 5240
3710 1460 5750 5230
3710 1470 5750 5270
3710 1490 5750 5250
3710 1490 5750 5290
3710 1500 5750 5230
3700 1490 5750 5240
3710 1470 5760 5230
3710 1460 5760 5280
3710 1450 5760 5220
3710 1470 5760 5290
3710 1460 5760 5250
3720 1460 5760 5240
3700 1450 5760 5220
3700 1490 5760 5240
3700 1490 5760 5280
3710 1460 5750 5290
3720 1470 5750 5280
3720 1460 5750 5280
3720 1470 5750 5280
3730 1470 5750 5210
3720 1470 5750 5240
3720 1470 5750 5220
3720 1490 5750 5270
3730 1470 5750 5250
3730 1470 5750 5230
3720 1490 5750 5240
3710 1470 5750 5220
3730 1460 5760 5280
3720 1470 5750 5290
3730 1490 5750 5230
3730 1470 5750 5290
3730 1450 5750 5260
3720 1450 5750 5240
3720 1460 5750 5250
3720 1470 5750 5250
3720 1470 5740 5250
3730 1450 5750 5230
3730 1450 5760 5290
3730 1450 5760 5260
3720 1450 5750 5230
3720 1450 5760 5280
3720 1460 5760 5240
