3780 1660 5320 4500
3770 1650 5320 4520
3770 1670 5320 4560
3780 1680 5320 4580
3760 1660 5320 4520
3770 1660 5320 4520
3760 1680 5320 4530
3760 1670 5320 4540
3760 1670 5310 4550
3770 1670 5300 4550
3770 1660 5310 4560
3770 1670 5300 4580
3770 1670 5310 4570
3770 1670 5310 4550
3770 1680 5300 4550
3760 1660 5290 4560
3760 1670 5310 4570
3770 1670 5310 4560
3780 1690 5300 4550
3770 1690 5300 4530
3770 1690 5290 4510
3780 1700 5290 4500
3780 1700 5300 4500
3770 1670 5300 4510
3770 1690 5310 4510
3770 1690 5310 4520
3770 1690 5310 4520
3770 1690 5310 4540
3770 1680 5310 4570
3770 1690 5320 4580
3770 1670 5310 4560
3770 1660 5310 4560
3770 1680 5300 4540
3770 1680 5300 4540
3760 1670 5300 4550
3770 1680 5290 4560
3780 1690 5290 4630
3780 1700 5290 4640
3770 1690 5300 4640
3770 1680 5300 4640
3780 1690 5300 4640
3790 1690 5310 4600
3780 1680 5310 4580
3780 1690 5310 4610
3780 1690 5300 4640
3770 1670 5310 4630
3770 1680 5310 4610
3770 1670 5310 4580
3760 1670 5310 4560
3760 1670 5310 4550
3770 1660 5320 4530
3760 1680 5310 4540
3760 1690 5310 4570
3770 1690 5300 4580
3770 1680 5300 4580
3760 1680 5310 4580
3760 1690 5310 4560
3760 1680 5320 4570
3770 1680 5310 4570
3770 1690 5310 4560
3770 1680 5310 4560
3760 1690 5310 4550
3770 1680 5310 4550
3770 1670 5310 4540
3770 1670 5310 4520
3780 1680 5310 4510
3770 1690 5310 4500
3770 1690 5310 4500
3770 1700 5310 4510
3770 1710 5310 4510
3780 1710 5310 4530
3780 1690 5310 4540
3780 1700 5310 4540
3780 1690 5300 4550
3770 1700 5300 4540
3770 1690 5300 4530
3780 1690 5310 4530
3780 1700 5310 4540
3770 1700 5310 4540
3770 1710 5300 4540
3780 1690 5300 4540
3790 1690 5300 4540
3790 1690 5300 4550
3790 1680 5320 4550
3790 1680 5310 4530
3790 1680 5320 4530
3780 1670 5330 4530
3780 1680 5320 4510
3780 1690 5320 4500
3780 1700 5320 4500
3780 1700 5310 4500
3780 1690 5310 4510
3770 1700 5310 4520
3770 1680 5290 4530
3770 1680 5300 4540
3770 1680 5300 4540
3770 1700 5300 4520
3770 1700 5300 4530
3770 1700 5300 4530
3770 1700 5300 4530
3780 1690 5300 4530
3780 1680 5310 4530
3780 1680 5320 4540
3780 1680 5320 4550
3780 1690 5320 4550
3780 1680 5320 4550
3780 2040 5290 4300
3780 2080 5290 4300
3770 2050 5290 4310
3770 2040 5290 4310
3770 2040 5310 4310
3770 2030 5310 4310
3760 2010 5310 4310
3760 2000 5310 4310
3750 2000 5310 4310
3760 1990 5310 4310
3760 1980 5300 4310
3760 1980 5300 4310
3760 1990 5300 4310
3750 2000 5320 4300
3760 2000 5320 4290
3770 2010 5310 4290
3760 2010 5310 4290
3770 2010 5310 4300
3780 1990 5310 4310
3770 1980 5310 4300
3760 1970 5310 4300
3760 1970 5310 4300
3760 1970 5300 4290
3770 1960 5300 4290
3770 1960 5290 4290
3780 2000 5290 4290
3780 2010 5300 4290
3790 2000 5300 4290
3790 2090 5310 4290
3790 2270 5310 4290
3780 2200 5300 4290
3770 2110 5290 4300
3770 2080 5290 4300
3760 2080 5300 4300
3760 2120 5300 4300
3770 2170 5300 4310
3770 2170 5300 4300
3760 2210 5300 4290
3770 2120 5300 4300
3770 2040 5300 4290
3770 2120 5310 4290
3770 2130 5300 4290
3770 2070 5290 4290
3770 2010 5310 4290
3770 1920 5320 4300
3780 1830 5320 4300
3770 1930 5320 4300
3770 1890 5330 4290
3770 1870 5320 4290
3770 1870 5320 4300
3770 1860 5320 4290
3770 1870 5320 4300
3770 1940 5320 4300
3770 1970 5320 4300
3770 1990 5320 4300
3770 1990 5300 4300
3770 2000 5320 4310
3770 2010 5310 4310
3770 2020 5300 4300
3780 2030 5300 4290
3770 2050 5310 4300
3770 2020 5300 4290
3770 2000 5300 4290
3780 1970 5300 4300
3770 1930 5300 4300
3770 1920 5300 4310
3770 2140 5300 4310
3760 2170 5300 4300
3770 2220 5300 4290
3760 2140 5300 4290
3760 2070 5300 4290
3760 2060 5310 4290
3750 2060 5320 4290
3750 2000 5320 4290
3750 1940 5320 4290
3760 1970 5310 4290
3760 2030 5310 4300
3760 2080 5310 4290
3770 2080 5310 4310
3780 2080 5310 4300
3770 2030 5320 4300
3770 2060 5310 4290
3760 2180 5290 4300
3760 2180 5290 4290
3770 2180 5300 4290
3770 2250 5300 4290
3760 2310 5310 4290
3770 2260 5310 4290
3770 2190 5310 4290
3770 2160 5310 4300
3770 2160 5310 4290
3770 2180 5310 4300
3760 2190 5310 4300
3760 2190 5310 4300
3770 2120 5310 4290
3760 2060 5310 4290
3760 2260 5310 4290
3760 2550 5310 4300
3760 2590 5310 4300
3760 2470 5300 4300
3760 2260 5300 4300
3760 2270 5300 4300
3760 2210 5300 4290
3760 2160 5300 4270
3760 2120 5300 4270
3760 2080 5300 4290
3770 2200 5290 4290
3760 2200 5290 4290
3760 2170 5310 4290
3760 2160 5310 4290
3770 2130 5310 4290
3780 2130 5310 4300
3770 2090 5310 4290
3760 2090 5300 4290
3770 2080 5310 4300
3760 2270 5300 4290
3760 2360 5300 4300
3770 2420 5300 4310
3770 2500 5300 4310
3780 2450 5300 4300
3770 2350 5300 4300
3770 2240 5300 4300
3770 2130 5300 4300
3770 2190 5300 4300
3770 2130 5300 4290
3760 2110 5300 4290
3760 2030 5300 4290
3760 1990 5300 4290
3770 1980 5300 4290
3770 2020 5300 4290
3770 2040 5310 4290
3770 2060 5310 4290
3770 2090 5310 4290
3780 2030 5310 4290
3790 1960 5310 4290
3790 1950 5310 4300
3790 1930 5310 4300
3790 1930 5300 4290
