2040 4770 3630 5620
2040 4760 3610 5620
2090 4760 3620 5610
2050 4760 3620 5610
2100 4760 3620 5610
2090 4760 3600 5620
2030 4760 3590 5620
2030 4760 3590 5620
2040 4750 3600 5610
2050 4760 3600 5610
2070 4760 3600 5610
2070 4760 3600 5610
2060 4760 3600 5620
2050 4760 3610 5620
2040 4760 3610 5620
2020 4760 3620 5610
2080 4770 3620 5610
2040 4770 3620 5610
2100 4770 3620 5620
2030 4770 3610 5610
2050 4780 3620 5610
2090 4770 3620 5610
2030 4770 3620 5610
2070 4770 3610 5610
2110 4770 3610 5610
2100 4760 3600 5600
2050 4760 3610 5610
2040 4760 3600 5610
2010 4760 3600 5610
2010 4760 3600 5600
2010 4770 3610 5600
2050 4770 3610 5600
2030 4770 3610 5610
2010 4760 3610 5620
2000 4770 3610 5620
2040 4770 3610 5620
2040 4770 3610 5620
2000 4770 3610 5620
2060 4760 3600 5620
2000 4760 3600 5630
2000 4770 3590 5620
2010 4770 3600 5610
2010 4770 3590 5610
2040 4760 3600 5630
2020 4760 3600 5630
2030 4760 3610 5630
2050 4760 3610 5620
2080 4760 3600 5620
2070 4770 3600 5620
2070 4770 3600 5620
2040 4770 3600 5620
2040 4770 3600 5610
2070 4770 3600 5610
2070 4770 3600 5620
2060 4770 3600 5610
2020 4770 3610 5620
2020 4770 3600 5620
2080 4770 3610 5630
2100 4760 3610 5630
2060 4760 3610 5630
2040 4760 3610 5620
2100 4760 3600 5620
2040 4760 3600 5620
2050 4760 3600 5620
2030 4760 3600 5630
2100 4760 3600 5620
2100 4760 3600 5610
2040 4760 3610 5620
2060 4760 3610 5620
2040 4770 3600 5610
2070 4760 3600 5610
2040 4760 3600 5620
2020 4760 3600 5620
2020 4760 3600 5620
2020 4760 3610 5630
2080 4760 3600 5620
2080 4750 3600 5620
2050 4750 3600 5620
2060 4760 3610 5620
2040 4760 3610 5620
2080 4760 3610 5640
2020 4760 3610 5640
2040 4760 3610 5640
2020 4760 3610 5630
2020 4770 3610 5630
2020 4770 3610 5630
2090 4760 3610 5630
2020 4760 3610 5630
1560 5280 3600 5620
1570 5260 3600 5610
1580 5280 3620 5620
1580 5280 3610 5620
1570 5220 3610 5620
1570 5290 3610 5610
1570 5260 3610 5620
1570 5260 3600 5620
1570 5220 3600 5620
1570 5260 3590 5620
1560 5260 3600 5620
1550 5240 3610 5620
1560 5240 3610 5620
1560 5280 3610 5620
1570 5240 3610 5630
1570 5260 3600 5630
1570 5230 3600 5640
1560 5270 3600 5630
1570 5230 3600 5620
1570 5280 3590 5620
1570 5220 3590 5620
1560 5240 3600 5620
1560 5220 3600 5620
1560 5250 3600 5610
1570 5240 3590 5620
1570 5220 3590 5620
1570 5220 3590 5620
1570 5280 3590 5610
1570 5240 3610 5610
1570 5250 3610 5610
1560 5230 3610 5620
1560 5250 3610 5620
1560 5270 3610 5630
1550 5220 3610 5620
1550 5260 3600 5630
1560 5240 3590 5620
1550 5220 3590 5630
1560 5230 3600 5620
1570 5270 3600 5620
1570 5270 3600 5610
1570 5210 3610 5620
1550 5280 3610 5620
1560 5240 3610 5630
1560 5240 3610 5630
1580 5240 3610 5620
1590 5220 3600 5620
1580 5280 3600 5620
1580 5240 3600 5610
1570 5240 3600 5620
1570 5240 3600 5620
1560 5220 3590 5620
1550 5240 3590 5630
1570 5280 3600 5620
1560 5220 3610 5620
1560 5280 3610 5620
1560 5240 3620 5620
1560 5240 3610 5610
1560 5270 3600 5610
1560 5260 3600 5610
1560 5240 3600 5630
1570 5210 3600 5620
1570 5210 3600 5620
1560 5210 3610 5620
1580 5270 3610 5620
1570 5260 3610 5630
1570 5290 3620 5630
1580 5290 3620 5630
1580 5230 3610 5620
1570 5230 3610 5630
1570 5240 3610 5630
1570 5280 3610 5630
1590 5240 3600 5620
1590 5270 3600 5620
1590 5270 3610 5620
1600 5260 3610 5610
1600 5240 3600 5620
1600 5240 3610 5620
1590 5230 3610 5620
1590 5230 3620 5620
1610 5220 3610 5620
1610 5240 3610 5620
1610 5280 3610 5620
1610 5230 3600 5620
1600 5240 3600 5620
1600 5280 3600 5620
