4500 4700 2630 3280
4500 4700 2640 3280
4500 4700 2640 3280
4520 4700 2640 3280
4470 4700 2640 3280
4480 4700 2650 3290
4540 4710 2650 3290
4480 4700 2640 3290
4500 4680 2630 3290
4500 4680 2630 3290
4480 4700 2630 3280
4520 4690 2630 3280
4540 4690 2630 3280
4500 4690 2630 3290
4530 4690 2630 3290
4510 4690 2630 3300
4500 4700 2630 3300
4500 4700 2630 3290
4490 4690 2630 3290
4480 4690 2630 3280
4550 4690 2630 3290
4490 4690 2630 3280
4490 4690 2630 3290
4510 4690 2630 3280
4510 4690 2630 3280
4540 4690 2630 3280
4520 4690 2630 3280
4540 4690 2630 3280
4500 4690 2630 3290
4550 4680 2630 3290
4540 4690 2630 3300
4500 4690 2640 3290
4540 4690 2630 3290
4530 4690 2630 3270
4510 4690 2630 3270
4480 4690 2620 3270
4480 4690 2620 3270
4490 4690 2620 3270
4500 4690 2620 3270
4480 4690 2620 3280
4480 4680 2630 3280
4490 4680 2630 3280
4550 4690 2630 3290
4540 4690 2640 3290
4480 4700 2650 3290
4480 4700 2650 3300
4540 4700 2640 3290
4480 4690 2640 3290
4480 4700 2640 3290
4480 4690 2630 3290
4500 4680 2630 3280
4520 4690 2630 3280
4500 4680 2630 3280
4500 4690 2630 3280
4480 4690 2630 3280
4500 4690 2630 3290
4470 4690 2630 3290
4480 4690 2630 3290
4500 4700 2630 3290
4530 4710 2640 3300
4490 4700 2630 3290
4510 4690 2630 3290
4490 4690 2630 3300
4490 4690 2630 3290
4510 4690 2620 3290
4480 4690 2620 3280
4500 4680 2620 3280
4480 4680 2620 3270
4530 4680 2620 3270
4550 4680 2620 3280
4480 4680 2620 3290
4500 4680 2630 3280
4480 4670 2620 3280
4540 4690 2620 3280
4530 4690 2620 3290
4530 4690 2620 3300
4490 4680 2630 3300
4510 4680 2640 3300
4520 4670 2650 3290
4520 4680 2650 3290
4560 4680 2650 3290
4510 4680 2640 3290
4510 4680 2640 3290
4530 4680 2640 3300
4550 4680 2640 3300
4500 4670 2640 3300
4480 4670 2630 3290
4540 4680 2630 3290
4500 4680 2630 3280
4540 4680 2630 3280
4490 4680 2630 3280
4470 4690 2630 3280
4490 4690 2630 3290
4010 5190 2630 3290
4010 5210 2630 3290
4010 5170 2630 3290
4010 5170 2630 3280
4010 5190 2630 3280
4010 5160 2640 3280
4010 5160 2640 3290
4010 5160 2640 3290
4010 5200 2640 3290
4000 5160 2640 3290
4000 5180 2640 3290
4000 5160 2640 3300
4010 5180 2640 3300
4020 5150 2640 3290
4020 5140 2630 3280
4010 5140 2630 3290
4010 5140 2630 3290
4010 5140 2620 3290
4010 5220 2620 3290
4010 5180 2620 3280
4010 5180 2620 3280
4020 5150 2630 3280
4020 5150 2630 3290
4020 5170 2630 3290
4020 5150 2640 3290
4020 5170 2640 3290
4020 5200 2650 3280
4020 5170 2640 3270
4020 5180 2630 3280
4020 5180 2630 3280
4020 5210 2630 3270
4020 5170 2630 3270
4020 5200 2630 3280
4020 5160 2630 3270
4020 5160 2630 3270
4010 5210 2630 3270
4010 5170 2640 3270
4020 5150 2650 3270
4020 5160 2650 3270
4020 5180 2650 3270
4020 5200 2640 3270
4020 5200 2640 3270
4020 5160 2630 3280
4020 5210 2630 3270
4010 5200 2630 3270
4010 5220 2630 3280
4010 5220 2630 3280
4010 5180 2630 3280
4010 5230 2630 3280
4010 5210 2630 3290
4010 5190 2620 3280
4010 5170 2630 3280
4010 5160 2630 3280
4010 5190 2620 3280
4010 5240 2620 3280
4010 5230 2620 3280
4010 5200 2630 3280
4020 5160 2630 3280
4010 5170 2630 3280
4010 5180 2630 3280
4000 5180 2630 3280
4000 5160 2630 3280
4000 5200 2630 3270
4000 5210 2640 3270
4010 5160 2640 3280
4020 5210 2640 3290
4020 5140 2640 3290
4020 5200 2640 3290
4020 5150 2640 3290
4020 5190 2640 3280
4020 5190 2640 3280
4020 5150 2640 3290
4020 5150 2630 3280
4020 5190 2640 3290
4010 5220 2630 3290
4020 5220 2640 3280
4020 5200 2640 3280
4020 5160 2630 3280
4030 5220 2630 3280
4030 5230 2630 3280
4040 5230 2630 3280
4030 5200 2630 3280
4030 5210 2630 3280
4030 5200 2630 3280
4030 5170 2630 3290
4030 5150 2630 3290
4030 5150 2630 3300
4030 5210 2630 3300
4030 5140 2640 3300
4030 5210 2640 3290
4020 5210 2640 3290
4010 5140 2640 3290
4010 5170 2640 3300
4030 5190 2640 3290
4020 5180 2630 3270
