3980 2450 4970 3870
3980 2370 4980 3860
4000 2310 4980 3870
3990 2290 4990 3870
3980 2270 4990 3870
3990 2500 4990 3880
3980 2450 4990 3870
3980 2600 4980 3870
3980 2750 4970 3870
3980 2780 4970 3870
3990 2980 4960 3870
3980 2930 4970 3870
4000 2770 4970 3870
3990 2720 4980 3870
3990 2600 4970 3870
4000 2540 4970 3870
3990 2510 4970 3870
3980 2460 4980 3870
3980 2390 4990 3870
3980 2340 4990 3880
3990 2340 4980 3880
3980 2380 4980 3880
3990 2430 4980 3870
3990 2500 4980 3860
3990 2470 4980 3860
3990 2460 4980 3860
4000 2400 4980 3860
4010 2370 4980 3860
4000 2350 4970 3860
3990 2320 4980 3860
3980 2300 4980 3860
3980 2290 4990 3870
3980 2280 4990 3870
3980 2270 4990 3870
3980 2290 4990 3870
3980 2290 4990 3870
3980 2300 4980 3870
3980 2300 4990 3870
3990 2310 4980 3870
3980 2310 4980 3870
3980 2300 4980 3870
3960 2290 4990 3870
3960 2300 4990 3870
3960 2290 4990 3870
3960 2300 4980 3870
3960 2300 4980 3870
3960 2320 4990 3870
3980 2330 4980 3880
3960 2330 4980 3880
3980 2330 4970 3870
3980 2330 4980 3870
3980 2490 4970 3880
3990 2610 4970 3870
3980 2670 4980 3870
3980 2680 4980 3870
3980 2680 4990 3870
3990 2760 4990 3870
4000 2830 4980 3870
3990 2870 4980 3870
3980 2890 4980 3860
3990 2880 4970 3860
3980 2720 4970 3860
3980 2670 4970 3860
3990 2640 4990 3860
3980 2750 4980 3870
3980 2830 4980 3870
3990 2840 4970 3870
3980 2780 4970 3870
3990 2720 4970 3880
4000 2670 4970 3880
3990 2600 4980 3870
3990 2540 4970 3870
3990 2550 4970 3860
3980 2600 4980 3870
3960 2560 4970 3870
3960 2520 4970 3880
3960 2490 4970 3870
3980 2460 4970 3880
3980 2490 4990 3880
3980 2500 4990 3880
3980 2500 4990 3870
3980 2540 4980 3870
3980 2600 4980 3870
3990 2740 4990 3870
3990 2920 5000 3870
3980 2800 5000 3870
3980 2810 5000 3870
3980 2910 5000 3880
3980 2970 4990 3880
3980 2820 4980 3870
3980 2810 4990 3870
3980 2750 4990 3870
3980 2660 4990 3870
3980 2600 4990 3870
3980 2560 4990 3880
3980 2530 4980 3890
3980 2520 4970 3880
3990 2520 4980 3880
4000 2530 4990 3880
3990 2530 4990 3870
3990 2550 4990 3870
3980 2580 4990 3870
3980 2610 5000 3880
3980 2620 5000 3890
4060 1980 4990 3870
4140 1990 4990 3880
4190 1990 4990 3880
4200 1990 4980 3890
4320 1990 4970 3900
4340 1990 4970 3900
4400 1980 4990 3900
4420 1980 4990 3890
4440 2000 4980 3900
4430 1990 4970 3890
4420 2000 4970 3880
4410 1990 4970 3890
4410 1980 4980 3890
4410 1980 4980 3890
4410 1990 4980 3890
4430 1990 4990 3880
4480 1990 4980 3870
4500 1980 4990 3870
4500 1990 4990 3870
4500 1990 4990 3870
4500 1990 4990 3880
4490 1980 4990 3880
4500 1970 4990 3880
4460 1980 4980 3880
4520 1980 4970 3880
4550 1970 4980 3880
4550 1970 4990 3870
4560 1980 4990 3870
4550 1970 4970 3880
4550 1980 4980 3870
4550 1970 4970 3860
4540 1980 4970 3860
4530 2000 4970 3860
4530 2000 4970 3860
4510 2000 4960 3860
4500 1990 4970 3860
4490 1990 4980 3860
4480 1990 4980 3870
4480 1990 4990 3870
4480 1990 5000 3880
4480 1990 4990 3890
4480 1990 4990 3890
4480 1990 4990 3890
4490 2000 5000 3880
4490 1990 5000 3870
4490 1990 4990 3870
4490 1990 5000 3870
4490 1990 4990 3870
4490 1990 4990 3880
4490 1990 4980 3880
4500 1990 4980 3890
4500 1990 4980 3880
4500 1980 4990 3880
4510 1990 4990 3880
4500 1990 4990 3890
4490 1990 5000 3890
4500 1980 5000 3890
4500 1970 5000 3890
4500 1970 5000 3890
4500 1990 4990 3880
4490 2000 4990 3870
4500 2000 4990 3870
4510 2000 4990 3870
4530 2000 4990 3870
4540 1990 4980 3880
4540 1990 4980 3890
4530 1980 4990 3890
4530 1990 5000 3880
4530 2000 4980 3880
4530 2000 4990 3880
4520 2000 5000 3870
4520 2000 5000 3870
4520 2000 5000 3870
4520 1990 5000 3870
4510 1980 4990 3880
4430 1970 5000 3880
4460 1970 4990 3880
4470 1970 4990 3880
4470 1970 5000 3870
4460 1970 5000 3880
4440 1970 5010 3870
4450 1970 5010 3870
4480 1970 5010 3880
4490 1990 5010 3870
4510 1990 5010 3870
4510 1990 4990 3880
4490 1990 4990 3880
4490 2000 4970 3880
4500 2000 4970 3880
4510 2000 4970 3880
4440 2010 4990 3880
4490 1980 5000 3890
4480 1990 4990 3880
4480 2000 4980 3880
4450 2000 4980 3870
4430 1990 4990 3870
4400 1980 4990 3870
4370 1980 4990 3870
4360 1980 4990 3870
4360 1970 4980 3870
4370 1970 4990 3870
4390 1970 4990 3870
4290 1980 4980 3880
4350 1970 4990 3870
4390 1980 4990 3870
4410 1980 4990 3870
4410 1990 4990 3870
4380 1990 4980 3870
4330 1990 4970 3880
4300 1990 4980 3880
4290 1980 4990 3880
4250 1970 4990 3880
4240 1970 4990 3890
4250 1980 5000 3880
4250 1990 5000 3880
4260 1990 4990 3880
4260 1990 4990 3880
4260 1990 4990 3870
4260 1990 4990 3860
4240 2000 5000 3870
4220 1990 4990 3870
4220 1990 4980 3880
4220 1990 4970 3880
4260 1980 4980 3880
