4160 2430 4770 3420
4170 2430 4800 3420
4170 2420 4820 3420
4170 2420 4930 3420
4170 2430 5100 3420
4160 2420 5150 3420
4160 2420 5160 3410
4160 2420 5200 3400
4170 2430 5210 3410
4170 2420 5210 3410
4170 2420 5150 3410
4170 2420 5120 3420
4170 2430 5110 3420
4180 2430 5110 3420
4180 2420 5110 3420
4170 2400 5150 3420
4170 2400 5170 3420
4180 2400 5190 3410
4180 2400 5190 3410
4180 2400 5210 3410
4170 2420 5270 3410
4170 2420 5310 3410
4170 2420 5290 3420
4180 2400 5300 3410
4170 2430 5280 3420
4170 2430 5230 3420
4170 2420 5250 3420
4170 2420 5270 3420
4180 2420 5200 3420
4180 2420 5120 3410
4180 2420 5050 3410
4180 2430 5030 3410
4180 2430 5050 3410
4180 2420 5130 3410
4170 2420 5040 3410
4170 2420 5190 3420
4170 2420 5290 3420
4160 2430 5340 3420
4160 2430 5390 3410
4170 2440 5320 3410
4170 2430 5290 3410
4170 2440 5280 3410
4170 2430 5250 3410
4170 2420 5230 3410
4170 2430 5210 3410
4170 2430 5200 3410
4170 2430 5200 3410
4170 2420 5190 3410
4170 2420 5250 3410
4170 2420 5210 3410
4170 2420 5200 3410
4170 2420 5190 3410
4170 2420 5170 3410
4170 2430 5170 3410
4170 2430 5160 3410
4170 2430 5130 3410
4170 2420 5100 3410
4170 2420 5210 3420
4170 2400 5200 3420
4170 2420 5200 3420
4170 2400 5190 3420
4170 2420 5190 3410
4170 2420 5190 3410
4170 2420 5190 3400
4170 2400 5190 3400
4170 2400 5180 3390
4160 2390 5170 3400
4160 2400 5160 3400
4160 2400 5180 3400
4170 2420 5170 3400
4170 2420 5160 3400
4180 2420 5160 3400
4180 2420 5130 3400
4180 2430 5120 3400
4170 2430 5120 3400
4160 2430 5120 3400
4160 2430 5170 3410
4160 2420 5190 3420
4160 2400 5200 3420
4160 2400 5180 3420
4190 2400 5110 3420
4190 2420 5140 3430
4180 2420 5210 3420
4180 2430 5230 3420
4180 2440 5270 3420
4180 2430 5270 3410
4170 2420 5260 3400
4180 2420 5270 3410
4180 2430 5270 3410
4180 2400 5250 3410
4180 2400 5250 3410
4170 2420 5240 3420
4170 2420 5210 3420
4160 2430 5200 3420
4170 2430 5200 3410
4170 2420 5260 3400
4160 2420 5280 3400
4170 2400 5290 3410
4170 2400 5290 3410
4170 2400 5300 3400
4180 2420 5260 3410
4180 2430 5160 3410
4180 2800 4610 3410
4180 2810 4620 3400
4180 2810 4630 3410
4180 2810 4630 3410
4180 2810 4640 3400
4180 2800 4630 3410
4180 2780 4630 3410
4180 2780 4620 3410
4170 2780 4620 3410
4170 2780 4610 3410
4170 2780 4610 3410
4170 2830 4610 3410
4170 2870 4620 3410
4170 2870 4620 3410
4170 2860 4620 3410
4170 2860 4630 3410
4170 2970 4630 3410
4170 3070 4630 3410
4170 3110 4630 3410
4180 3140 4630 3410
4170 3180 4630 3410
4170 3090 4620 3410
4160 3060 4630 3410
4170 3190 4630 3410
4170 3250 4630 3410
4170 3150 4630 3410
4170 3060 4630 3410
4170 3000 4630 3400
4180 2960 4630 3400
4180 2930 4630 3400
4180 2910 4620 3410
4180 2910 4620 3410
4170 2890 4610 3400
4170 2910 4610 3400
4170 2920 4610 3400
4180 2930 4610 3400
4180 2940 4610 3400
4180 2950 4610 3400
4180 2950 4610 3400
4180 2950 4610 3410
4180 2940 4610 3410
4170 2940 4610 3410
4180 2950 4610 3410
4180 2930 4610 3410
4170 2910 4610 3410
4170 2900 4610 3410
4170 2910 4610 3410
4180 2900 4610 3400
4180 2900 4610 3400
4180 2910 4620 3400
4180 2920 4620 3410
4180 2930 4620 3410
4180 2930 4630 3400
4170 2920 4630 3410
4180 2910 4620 3420
4180 2920 4620 3410
4180 2920 4620 3410
4180 2930 4620 3410
4170 2920 4620 3410
4180 2920 4620 3410
4170 2890 4620 3420
4170 2870 4620 3420
4170 2850 4630 3420
4170 2850 4630 3420
4180 2850 4630 3430
4190 2850 4630 3420
4180 2850 4630 3420
4180 2860 4630 3420
4180 2870 4620 3420
4180 2870 4610 3420
4170 2850 4610 3410
4160 2830 4620 3410
4160 2820 4620 3420
4160 2820 4620 3410
4160 2830 4620 3410
4160 2840 4620 3410
4170 2910 4620 3410
4170 2900 4620 3410
4170 2880 4620 3400
4170 2870 4620 3410
4160 2930 4620 3410
4160 2870 4640 3410
4180 2820 4640 3410
4170 2790 4630 3420
4170 3020 4630 3420
4180 2900 4630 3420
4160 2750 4610 3410
4160 2770 4610 3420
4160 2870 4620 3420
4170 2880 4630 3410
4170 2870 4630 3410
4170 2850 4630 3420
4170 2840 4630 3420
4180 2940 4630 3420
4180 2830 4620 3400
4180 2780 4620 3400
4180 2840 4610 3410
4180 3010 4620 3400
