4400 2850 4290 3280
4400 2850 4290 3260
4400 2850 4300 3240
4400 2860 4300 3220
4390 2860 4310 3210
4390 2860 4310 3210
4390 2850 4300 3180
4390 2860 4310 3140
4390 2860 4310 3200
4390 2860 4310 3210
4390 2860 4310 3210
4390 2860 4310 3270
4390 2860 4310 3380
4390 2850 4310 3410
4410 2850 4300 3440
4400 2860 4300 3450
4400 2870 4320 3480
4400 2870 4320 3500
4400 2870 4320 3520
4400 2870 4320 3370
4400 2870 4310 3380
4400 2870 4310 3420
4400 2860 4310 3420
4400 2870 4310 3400
4400 2870 4320 3370
4410 2870 4300 3320
4400 2860 4290 3290
4400 2850 4300 3280
4400 2850 4300 3270
4410 2860 4290 3270
4410 2850 4290 3330
4420 2840 4290 3400
4420 2840 4290 3430
4410 2860 4310 3440
4400 2870 4300 3440
4400 2860 4300 3410
4400 2860 4310 3370
4400 2860 4300 3370
4400 2860 4290 3370
4400 2870 4290 3370
4400 2870 4290 3370
4400 2860 4290 3340
4400 2860 4300 3320
4400 2850 4310 3310
4400 2850 4310 3310
4400 2840 4310 3310
4400 2850 4300 3290
4410 2840 4310 3300
4400 2840 4300 3290
4400 2850 4310 3280
4400 2850 4310 3260
4400 2850 4310 3240
4400 2850 4310 3220
4400 2850 4300 3220
4400 2850 4290 3230
4400 2850 4290 3260
4410 2840 4300 3290
4420 2850 4310 3320
4420 2840 4320 3340
4420 2840 4330 3370
4410 2840 4320 3370
4400 2860 4320 3390
4410 2850 4310 3470
4400 2850 4310 3450
4400 2840 4310 3450
4400 2840 4300 3440
4400 2840 4310 3450
4400 2850 4310 3450
4400 2850 4300 3440
4400 2850 4300 3430
4400 2840 4290 3400
4400 2850 4300 3380
4410 2850 4300 3360
4400 2840 4310 3330
4400 2840 4310 3320
4400 2840 4310 3320
4400 2840 4310 3320
4390 2840 4300 3320
4400 2850 4310 3330
4400 2850 4310 3330
4410 2870 4310 3320
4400 2860 4300 3310
4400 2860 4300 3280
4400 2870 4290 3270
4400 2870 4290 3270
4400 2870 4290 3260
4400 2860 4290 3250
4400 2860 4300 3260
4400 2860 4300 3260
4400 2860 4300 3260
4400 2870 4290 3280
4400 2870 4300 3290
4400 2870 4300 3310
4400 2870 4300 3310
4390 2870 4300 3290
4400 2870 4300 3290
4400 2880 4310 3290
4400 2860 4310 3290
4410 2860 4300 3310
4410 2860 4310 3300
4400 2860 4310 3330
4400 2860 4310 3390
4410 2860 4310 3420
4400 2870 4300 3420
4400 2870 4300 3260
4400 2860 4290 3420
4390 2850 4290 3490
4400 2850 4290 3370
4390 2850 4290 3300
4390 2850 4300 3330
4390 2860 4300 3370
4390 2850 4310 3420
4400 2860 4310 3430
4400 2860 4300 3430
4400 2860 4300 3450
4400 2850 4300 3440
4400 2860 4300 3430
4400 2860 4310 3440
4400 2860 4310 3470
4400 2860 4310 3460
4400 2860 4300 3420
4400 2860 4310 3390
4400 2860 4310 3380
4400 2860 4310 3380
4400 2860 4310 3380
4400 2860 4310 3380
4390 2860 4310 3390
4390 2860 4300 3400
4390 2860 4300 3420
4390 2860 4310 3390
4390 2860 4310 3410
4390 2860 4300 3450
4390 2860 4310 3450
4390 2860 4310 3450
4390 2860 4290 3440
4390 2870 4310 3430
4480 2850 4300 2940
4500 2860 4290 2930
4510 2860 4270 2940
4510 2850 4290 2940
4510 2850 4300 2940
4510 2860 4310 2940
4520 2860 4310 2940
4520 2870 4310 2920
4530 2860 4310 2930
4530 2860 4310 2930
4530 2860 4300 2930
4530 2860 4310 2920
4550 2850 4300 2930
4550 2850 4300 2940
4560 2850 4300 2940
4560 2850 4300 2940
4570 2850 4290 2940
4570 2860 4290 2940
4560 2860 4300 2940
4560 2850 4300 2940
4560 2850 4300 2940
4570 2850 4300 2940
4570 2850 4300 2940
4570 2860 4310 2950
4570 2860 4310 2950
4570 2860 4310 2950
4560 2850 4310 2940
4540 2850 4310 2940
4540 2840 4300 2940
4710 2840 4300 2940
4650 2850 4310 2940
4770 2860 4310 2930
4720 2860 4310 2930
4690 2860 4310 2930
4670 2860 4310 2930
4690 2860 4310 2930
4670 2850 4320 2930
4780 2850 4320 2930
4720 2860 4310 2930
4680 2860 4310 2940
4650 2860 4300 2940
4670 2860 4300 2950
4750 2870 4290 2940
4800 2880 4290 2940
4830 2880 4300 2940
4870 2880 4300 2940
4940 2880 4310 2940
5030 2880 4300 2930
5040 2870 4310 2930
5060 2860 4310 2920
5070 2870 4310 2920
5090 2870 4310 2920
5090 2870 4310 2920
5010 2870 4320 2920
4850 2870 4300 2920
4810 2860 4310 2930
4790 2860 4290 2930
4790 2870 4300 2930
4790 2860 4310 2940
4780 2850 4300 2940
4750 2860 4310 2940
4640 2860 4320 2940
4930 2860 4310 2930
4990 2850 4320 2940
5050 2870 4320 2950
5080 2880 4320 2950
5110 2880 4310 2950
5110 2880 4310 2940
5090 2860 4310 2940
5030 2860 4310 2940
4990 2860 4310 2940
4910 2870 4320 2950
4760 2860 4300 2950
4710 2850 4290 2940
4700 2850 4300 2940
4690 2850 4310 2950
4690 2860 4310 2960
4710 2860 4300 2950
4690 2860 4300 2950
4680 2860 4290 2950
4680 2860 4290 2950
4670 2860 4290 2950
4640 2850 4300 2940
4620 2850 4290 2940
4600 2850 4300 2940
4570 2850 4310 2930
4560 2850 4310 2930
4540 2840 4310 2930
4550 2850 4310 2930
4610 2860 4310 2930
4700 2850 4310 2930
4770 2840 4300 2930
4790 2840 4300 2940
4780 2850 4310 2940
4760 2860 4310 2940
4680 2850 4310 2940
4630 2850 4300 2930
4630 2870 4320 2940
4650 2860 4320 2940
