4700 3770 4030 2520
4710 3830 4030 2520
4710 3830 4030 2530
4710 3770 4030 2530
4710 3760 4030 2520
4710 3800 4030 2520
4710 3820 4040 2520
4710 3810 4030 2530
4710 3830 4030 2520
4710 3790 4030 2510
4710 3790 4030 2530
4710 3790 4030 2530
4700 3770 4030 2530
4700 3770 4030 2520
4700 3800 4030 2520
4710 3760 4030 2520
4700 3780 4040 2530
4700 3790 4030 2530
4700 3790 4030 2520
4700 3830 4030 2510
4710 3780 4030 2520
4710 3770 4040 2520
4710 3780 4040 2510
4710 3790 4030 2510
4710 3770 4030 2520
4710 3790 4030 2530
4710 3830 4030 2520
4710 3810 4030 2520
4710 3810 4030 2520
4710 3770 4030 2530
4710 3760 4030 2530
4710 3780 4030 2530
4710 3780 4030 2530
4700 3810 4030 2530
4700 3770 4030 2530
4700 3760 4040 2520
4700 3820 4030 2520
4700 3780 4030 2530
4710 3820 4030 2530
4710 3760 4030 2530
4710 3760 4030 2520
4710 3820 4030 2530
4700 3760 4040 2520
4700 3780 4040 2510
4710 3780 4040 2510
4710 3760 4030 2510
4710 3800 4030 2520
4700 3760 4030 2520
4700 3810 4030 2530
4700 3790 4030 2540
4710 3810 4030 2540
4710 3830 4030 2540
4710 3790 4040 2540
4710 3780 4030 2530
4710 3800 4030 2520
4710 3780 4030 2510
4710 3790 4030 2520
4710 3810 4030 2530
4710 3790 4030 2520
4710 3770 4030 2500
4720 3780 4020 2530
4720 3850 4030 2530
4720 3850 4030 2530
4710 3820 4030 2530
4710 3800 4040 2520
4710 3800 4030 2530
4710 3810 4030 2530
4710 3820 4030 2540
4710 3780 4030 2540
4700 3780 4030 2540
4700 3800 4040 2540
4700 3800 4030 2550
4710 3820 4040 2520
4710 3780 4030 2520
4710 3840 4030 2530
4710 3820 4030 2530
4700 3820 4030 2540
4700 3780 4030 2540
4700 3780 4030 2540
4700 3780 4030 2540
4710 3800 4030 2530
4710 3780 4030 2530
4710 3770 4040 2530
4710 3810 4040 2530
4700 3790 4040 2530
4700 3770 4040 2530
4700 3830 4040 2510
4700 3770 4030 2520
4700 3790 4030 2510
4700 3810 4030 2500
4700 3810 4040 2520
4700 3770 4040 2530
4700 3810 4030 2520
4700 3770 4030 2530
4700 3830 4020 2540
4700 3810 4020 2540
4700 3770 4030 2540
4700 3790 4040 2540
4700 3820 4030 2520
4700 3820 4030 2520
4700 3760 4030 2520
4690 3820 4030 2530
4700 3800 4030 2510
4700 3780 4030 2510
4700 3770 4030 2520
4700 3780 4020 2520
4700 3780 4030 2520
4710 3760 4030 2520
4690 3770 4030 2520
4680 3830 4030 2520
4690 3830 4030 2520
4690 3830 4030 2520
4700 3790 4030 2520
4700 3830 4030 2520
4710 3810 4030 2530
4700 3810 4030 2530
4700 3760 4030 2530
4700 3300 4510 2530
4700 3300 4540 2530
4700 3300 4520 2530
4700 3300 4530 2520
4700 3300 4530 2520
4700 3300 4550 2530
4700 3300 4510 2530
4700 3300 4550 2530
4700 3300 4500 2520
4700 3300 4510 2520
4700 3300 4490 2520
4700 3300 4510 2520
4700 3300 4500 2530
4700 3300 4560 2520
4700 3300 4560 2530
4700 3300 4530 2530
4700 3290 4570 2530
4700 3300 4520 2530
4700 3300 4510 2520
4700 3300 4570 2520
4700 3300 4500 2520
4710 3300 4500 2520
4700 3300 4560 2530
4700 3300 4530 2530
4700 3300 4510 2540
4700 3300 4510 2540
4700 3300 4540 2540
4710 3300 4490 2530
4700 3310 4490 2530
4700 3310 4550 2530
4710 3310 4550 2530
4710 3310 4490 2520
4710 3310 4490 2520
4710 3310 4530 2520
4710 3310 4510 2520
4710 3310 4550 2510
4720 3310 4550 2520
4720 3310 4550 2520
4710 3310 4510 2530
4710 3310 4550 2520
4710 3310 4560 2530
4710 3310 4500 2520
4700 3310 4510 2530
4700 3310 4510 2530
4710 3310 4500 2540
4710 3310 4560 2540
4710 3310 4520 2550
4700 3310 4550 2550
4710 3310 4510 2550
4700 3310 4550 2550
4700 3310 4550 2550
4700 3310 4490 2550
4700 3310 4550 2540
4700 3310 4490 2530
4700 3310 4490 2530
4700 3310 4550 2520
4710 3310 4510 2520
4710 3310 4530 2530
4700 3310 4490 2530
4700 3310 4530 2520
4700 3310 4550 2530
4700 3310 4530 2540
4700 3310 4520 2540
4710 3310 4530 2540
4710 3310 4560 2540
4710 3310 4510 2530
4710 3310 4510 2520
4710 3310 4510 2520
4710 3310 4550 2520
4710 3310 4520 2520
4710 3310 4500 2510
4710 3310 4520 2530
4710 3310 4520 2520
4710 3310 4560 2520
4710 3310 4520 2530
4710 3310 4560 2530
4710 3310 4500 2520
4710 3310 4540 2530
4710 3310 4550 2520
4710 3310 4500 2530
4710 3310 4500 2530
4710 3310 4490 2540
4710 3300 4560 2530
4710 3300 4540 2540
4710 3300 4540 2530
4710 3300 4530 2530
4710 3300 4530 2530
4710 3300 4530 2520
4710 3300 4530 2520
4710 3300 4490 2530
4710 3300 4530 2530
4710 3300 4510 2520
4700 3300 4520 2530
4700 3300 4530 2530
4700 3300 4530 2520
4710 3300 4510 2520
4710 3300 4490 2520
4710 3310 4530 2530
4720 3310 4550 2540
4710 3310 4510 2540
4700 3310 4510 2540
4700 3310 4490 2540
4700 3310 4550 2540
4700 3310 4560 2540
4710 3310 4520 2540
4700 3310 4490 2540
4710 3310 4490 2530
4710 3300 4540 2530
4710 3300 4520 2530
4710 3300 4520 2530
4710 3300 4530 2540
4710 3300 4490 2540
4710 3300 4530 2540
4710 3300 4490 2550
4710 3300 4510 2540
4700 3300 4490 2540
4700 3300 4490 2530
4700 3300 4490 2530
4700 3300 4490 2520
4690 3300 4490 2520
4690 3300 4550 2520
4700 3300 4490 2510
4700 3300 4490 2520
4690 3300 4510 2530
4700 3300 4550 2530
