5080 3760 3770 2520
5080 3760 3780 2580
5080 3760 3780 2620
5070 3770 3790 2680
5070 3760 3790 2670
5070 3760 3790 2830
5070 3750 3790 2800
5080 3750 3800 2750
5070 3760 3800 2660
5070 3750 3790 2640
5070 3740 3780 2610
5070 3750 3790 2570
5070 3750 3780 2560
5070 3740 3780 2540
5080 3740 3770 2640
5080 3750 3770 2700
5080 3750 3770 2790
5080 3750 3770 2840
5070 3750 3790 2880
5060 3760 3790 2880
5070 3760 3780 2880
5080 3760 3780 2720
5080 3760 3780 2760
5070 3740 3790 2470
5070 3750 3790 2600
5080 3750 3790 2580
5080 3750 3790 2550
5080 3750 3790 2550
5080 3760 3790 2540
5070 3760 3790 2480
5080 3760 3780 2320
5080 3760 3780 2310
5080 3750 3770 2300
5080 3750 3780 2300
5090 3760 3770 2310
5090 3760 3770 2300
5090 3760 3790 2280
5090 3760 3780 2300
5090 3760 3780 2350
5090 3750 3790 2320
5090 3750 3790 2290
5090 3740 3790 2360
5090 3740 3800 2620
5090 3750 3800 2490
5090 3760 3790 2420
5090 3760 3790 2350
5080 3750 3790 2330
5080 3760 3790 2470
5090 3750 3790 2590
5090 3740 3780 2510
5080 3740 3770 2420
5070 3740 3770 2360
5070 3750 3770 2330
5070 3750 3780 2430
5070 3760 3780 2430
5070 3760 3780 2420
5080 3760 3790 2460
5080 3760 3790 2490
5090 3760 3790 2500
5080 3760 3790 2470
5080 3760 3790 2480
5090 3770 3790 2490
5090 3760 3790 2490
5090 3760 3780 2510
5090 3760 3790 2510
5090 3760 3790 2640
5080 3760 3790 2690
5080 3750 3800 2710
5080 3750 3800 2750
5080 3760 3790 2680
5080 3770 3790 2630
5080 3770 3790 2700
5080 3770 3800 2740
5080 3770 3800 2780
5070 3770 3790 2740
5070 3760 3800 2720
5070 3760 3790 2720
5070 3760 3790 2690
5070 3750 3790 2670
5070 3760 3800 2640
5070 3760 3800 2620
5080 3750 3800 2600
5080 3760 3790 2590
5080 3760 3790 2560
5080 3760 3790 2560
5080 3760 3790 2560
5090 3760 3780 2600
5090 3760 3780 2610
5070 4000 3800 2130
5080 4050 3790 2130
5080 4110 3800 2140
5080 4170 3790 2160
5080 4110 3790 2150
5070 4060 3790 2130
5070 4030 3790 2150
5070 4030 3790 2150
5070 3990 3790 2160
5070 4110 3790 2160
5070 4030 3790 2160
5070 4150 3800 2150
5070 4240 3800 2140
5070 4310 3780 2140
5070 4340 3790 2140
5070 4370 3780 2140
5070 4390 3780 2150
5070 4390 3790 2140
5070 4330 3790 2140
5070 4120 3790 2130
5080 4060 3790 2130
5070 4020 3790 2130
5070 4000 3790 2140
5070 4000 3790 2150
5080 4000 3790 2150
5080 3980 3790 2160
5090 3920 3790 2160
5080 3890 3790 2140
5080 3920 3790 2140
5090 3980 3790 2150
5090 4040 3790 2140
5090 4170 3790 2150
5090 4250 3790 2140
5090 4330 3790 2130
5090 4360 3790 2130
5090 4210 3790 2130
5090 4050 3790 2140
5090 4010 3790 2130
5090 3990 3790 2130
5090 3960 3790 2130
5090 3920 3800 2150
5090 3910 3800 2160
5090 3910 3800 2150
5090 3920 3800 2150
5090 4080 3800 2160
5090 4220 3780 2160
5090 4220 3780 2160
5080 4210 3790 2140
5080 4150 3790 2150
5080 4070 3780 2160
5080 4010 3780 2140
5080 3950 3780 2140
5080 3910 3780 2140
5090 3880 3780 2140
5080 3890 3780 2130
5080 3890 3790 2130
5080 3910 3780 2130
5080 3960 3780 2130
5090 4000 3790 2140
5090 4020 3790 2140
5090 4000 3790 2130
5090 3980 3790 2120
5080 3920 3800 2160
5080 3920 3790 2150
5080 3920 3790 2140
5080 3940 3790 2130
5080 3940 3790 2140
5080 3960 3790 2150
5080 4000 3790 2160
5090 4000 3790 2160
5090 3980 3790 2170
5090 3980 3790 2160
5090 4080 3790 2170
5090 3950 3780 2160
5090 3880 3790 2140
5080 3860 3790 2150
5080 3870 3790 2150
5080 3880 3790 2140
5080 3890 3790 2140
5080 4020 3790 2150
5070 4070 3790 2150
5070 4040 3790 2150
