5430 4720 3610 1820
5420 4720 3620 1820
5430 4740 3630 1820
5430 4700 3620 1820
5430 4730 3630 1830
5420 4750 3620 1840
5420 4760 3620 1840
5420 4750 3620 1850
5420 4690 3620 1850
5420 4690 3620 1850
5430 4710 3630 1850
5430 4690 3630 1850
5430 4690 3630 1850
5440 4710 3620 1840
5440 4730 3620 1840
5440 4690 3620 1830
5430 4750 3620 1840
5440 4760 3620 1840
5440 4720 3620 1840
5440 4730 3620 1830
5440 4700 3620 1840
5440 4700 3620 1840
5430 4700 3620 1850
5440 4730 3620 1840
5430 4690 3620 1840
5420 4730 3620 1840
5430 4710 3620 1840
5430 4690 3620 1830
5420 4730 3620 1830
5420 4680 3620 1820
5420 4680 3620 1830
5440 4750 3630 1850
5430 4730 3630 1850
5420 4760 3630 1850
5410 4770 3620 1850
5420 4760 3620 1840
5430 4690 3620 1830
5420 4690 3620 1820
5420 4690 3620 1820
5430 4720 3620 1830
5440 4690 3620 1840
5430 4750 3620 1830
5440 4690 3630 1840
5440 4690 3620 1830
5430 4690 3620 1820
5430 4730 3620 1820
5430 4740 3620 1820
5440 4750 3620 1820
5440 4710 3620 1830
5440 4750 3630 1840
5440 4700 3630 1840
5440 4770 3630 1840
5440 4770 3630 1830
5440 4760 3630 1830
5450 4760 3620 1820
5450 4700 3620 1820
5430 4680 3630 1820
5420 4730 3640 1820
5430 4750 3630 1830
5430 4750 3630 1830
5430 4720 3630 1820
5430 4680 3630 1830
5430 4670 3630 1840
5430 4700 3630 1840
5440 4680 3630 1830
5440 4740 3630 1820
5440 4680 3630 1820
5440 4700 3630 1820
5440 4740 3620 1830
5440 4700 3620 1830
5440 4730 3620 1830
5430 4750 3620 1840
5430 4730 3620 1840
5430 4760 3620 1840
5430 4770 3610 1840
5420 4700 3620 1840
5420 4720 3620 1830
5430 4720 3620 1830
5430 4720 3630 1820
5430 4710 3630 1830
5430 4710 3630 1820
5420 4730 3630 1830
5420 4690 3630 1830
5430 4710 3640 1820
5440 4690 3630 1830
5440 4730 3620 1820
5430 4730 3630 1830
5430 4690 3630 1820
5430 4710 3630 1820
5430 4760 3630 1830
5430 4700 3620 1830
5420 4700 3620 1820
5420 4760 3620 1830
5420 4760 3620 1830
5430 4760 3630 1820
5420 4710 3630 1820
5430 4690 3630 1830
5440 4740 3620 1830
5440 4690 3620 1830
5440 4730 3620 1830
5440 4680 3630 1820
5440 4690 3640 1830
5440 4730 3630 1820
5430 4710 3620 1820
5440 4730 3620 1820
5440 4690 3620 1830
5440 4700 3620 1850
5440 4710 3630 1850
5440 4760 3640 1850
5440 4750 3630 1840
5440 4750 3630 1840
5440 4700 3630 1850
5440 4690 3630 1840
5440 4710 3630 1840
5440 4730 3630 1840
5440 4750 3630 1840
5440 4750 3630 1840
5450 4710 3630 1840
5430 4700 3620 1840
5440 4240 4140 1840
5440 4240 4080 1840
5440 4250 4120 1840
5430 4240 4140 1850
5430 4240 4090 1850
5430 4230 4070 1840
5430 4220 4070 1840
5430 4220 4080 1850
5430 4220 4090 1850
5430 4220 4130 1860
5420 4220 4090 1860
5420 4230 4110 1860
5430 4230 4120 1860
5430 4220 4110 1850
5440 4210 4110 1840
5440 4230 4110 1850
5430 4230 4150 1860
5420 4230 4150 1860
5430 4230 4090 1850
5430 4230 4080 1850
5430 4230 4070 1850
5430 4230 4080 1850
5430 4230 4090 1850
5420 4240 4090 1850
5420 4240 4100 1850
5420 4230 4120 1850
5420 4240 4090 1850
5420 4230 4150 1840
5430 4230 4140 1840
5430 4220 4110 1850
5440 4210 4090 1840
5430 4220 4140 1840
5440 4230 4100 1840
5440 4240 4100 1840
5440 4240 4120 1840
5440 4230 4080 1840
5440 4230 4080 1850
5440 4230 4120 1850
5440 4230 4140 1860
5440 4230 4110 1860
5440 4230 4120 1860
5440 4240 4100 1860
5430 4240 4080 1850
5430 4240 4080 1860
5430 4230 4120 1860
5430 4230 4140 1860
5440 4230 4080 1870
5440 4230 4120 1860
5440 4230 4110 1860
5440 4230 4110 1860
5430 4230 4090 1860
5420 4230 4160 1860
5420 4230 4100 1860
5430 4230 4110 1860
5430 4230 4150 1850
5430 4230 4100 1860
5440 4240 4100 1870
5440 4230 4080 1860
5420 4230 4100 1850
5420 4230 4100 1850
5430 4230 4120 1860
5430 4240 4110 1850
5430 4240 4090 1850
5420 4240 4160 1850
5420 4240 4120 1850
5430 4240 4140 1860
5430 4230 4100 1860
5430 4230 4120 1860
5430 4230 4090 1860
5440 4230 4130 1850
5420 4230 4140 1850
5430 4230 4080 1860
5430 4220 4090 1840
5430 4230 4150 1840
5430 4220 4090 1850
5430 4220 4150 1850
5440 4220 4100 1850
5430 4230 4120 1860
5430 4220 4100 1860
5440 4220 4150 1860
5430 4220 4080 1850
5430 4220 4140 1860
5430 4220 4110 1840
5430 4230 4080 1850
5430 4230 4130 1850
5430 4230 4090 1840
5430 4240 4110 1840
5440 4250 4150 1840
5440 4230 4110 1840
5440 4240 4150 1840
5440 4230 4120 1840
5440 4220 4090 1850
5430 4220 4090 1860
5420 4220 4110 1850
5420 4220 4080 1840
5420 4230 4080 1840
5430 4240 4100 1850
5430 4240 4120 1850
5430 4240 4080 1850
5430 4220 4120 1850
5430 4220 4080 1850
5430 4230 4100 1850
5430 4230 4100 1860
5440 4230 4100 1850
5430 4230 4120 1850
5430 4230 4080 1840
5430 4230 4120 1850
5430 4230 4080 1840
5410 4210 4100 1830
5410 4210 4100 1830
5420 4210 4100 1830
5420 4210 4080 1840
5450 4210 4090 1850
5440 4220 4080 1830
5440 4230 4100 1840
5440 4220 4100 1850
5440 4220 4090 1850
5440 4230 4110 1850
