5810 4710 3710 1590
5810 4710 3720 1580
5820 4700 3690 1580
5830 4710 3700 1590
5830 4720 3730 1580
5820 4720 3750 1580
5820 4710 3780 1580
5820 4700 3860 1590
5830 4700 3860 1590
5820 4720 3770 1590
5830 4710 3710 1580
5830 4710 3670 1580
5850 4720 3630 1590
5850 4730 3620 1590
5860 4730 3680 1590
5860 4730 3710 1590
5860 4730 3760 1590
5860 4730 3790 1590
5860 4720 3760 1590
5850 4710 3730 1590
5830 4730 3710 1580
5830 4720 3700 1580
5830 4730 3680 1590
5830 4730 3650 1590
5830 4730 3650 1590
5830 4730 3630 1590
5850 4730 3630 1590
5860 4730 3630 1580
5850 4720 3610 1580
5850 4710 3610 1590
5860 4710 3640 1580
5850 4710 3670 1580
5850 4720 3680 1570
5850 4720 3680 1570
5850 4720 3700 1580
5850 4710 3680 1580
5860 4700 3690 1580
5860 4700 3670 1580
5860 4710 3670 1580
5830 4710 3650 1590
5830 4720 3670 1590
5830 4710 3650 1580
5830 4720 3640 1580
5850 4730 3640 1570
5850 4730 3670 1580
5830 4720 3680 1580
5830 4720 3690 1580
5850 4720 3680 1590
5850 4720 3650 1590
5860 4720 3650 1590
5860 4710 3670 1590
5830 4730 3630 1590
5860 4720 3610 1580
5870 4710 3590 1580
5870 4720 3610 1580
5870 4700 3610 1580
5870 4720 3600 1590
5860 4720 3600 1590
5860 4710 3600 1590
5860 4720 3600 1580
5850 4710 3590 1580
5850 4710 3590 1580
5850 4710 3600 1580
5850 4710 3610 1580
5850 4720 3600 1580
5850 4720 3600 1580
5850 4720 3630 1580
5850 4720 3670 1580
5830 4730 3730 1580
5850 4710 3780 1580
5860 4710 3800 1580
5860 4710 3820 1580
5860 4710 3850 1580
5850 4710 3860 1590
5850 4710 3860 1590
5850 4700 3790 1580
5830 4710 3800 1590
5830 4710 3800 1590
5820 4740 3780 1590
5820 4730 3760 1580
5820 4730 3790 1580
5830 4710 3790 1580
5830 4710 3790 1580
5830 4710 3750 1570
5820 4710 3800 1580
5830 4710 3790 1580
5830 4710 3760 1570
5830 4710 3750 1570
5850 4720 3750 1570
5850 4710 3750 1570
5850 4710 3750 1570
5850 4730 3780 1570
5830 4720 3760 1580
5820 4730 3750 1580
5830 4740 3710 1580
5850 4730 3700 1580
5850 4720 3670 1580
5850 4720 3670 1580
5830 4710 3670 1580
5830 4710 3680 1580
5830 4720 3680 1590
5830 4720 3680 1590
5820 4720 3680 1590
5820 4720 3680 1590
5810 4730 3680 1590
5820 4730 3690 1580
5820 4720 3700 1590
5820 4730 3710 1590
5820 4740 3710 1590
5810 4740 3720 1590
5810 4720 3720 1590
5820 4710 3710 1570
5830 4710 3710 1590
5850 4710 3700 1590
5850 4710 3680 1590
5860 4700 3690 1580
5830 4710 3760 1590
5830 4710 3750 1590
5830 4710 3740 1590
5850 4710 3730 1590
5830 4720 3720 1590
5850 4720 3720 1580
5830 4730 3710 1580
5820 4720 3700 1580
5820 4720 3690 1580
5820 4720 3690 1580
5820 4730 3690 1580
5820 4720 3690 1580
5820 4720 3680 1580
5830 4720 3700 1580
5860 4720 3680 1580
5830 4720 3670 1570
5830 4710 3670 1580
6110 4710 3530 1580
6080 4710 3530 1580
6030 4720 3530 1580
6030 4710 3530 1580
6060 4720 3530 1580
6080 4710 3530 1580
6090 4710 3530 1580
6090 4710 3530 1580
6090 4710 3520 1580
6100 4690 3510 1580
6100 4700 3510 1580
6100 4700 3510 1580
6100 4700 3510 1580
6100 4710 3520 1590
6110 4720 3520 1590
6110 4720 3520 1590
6100 4710 3520 1590
6140 4700 3520 1590
6160 4700 3520 1590
6120 4710 3520 1590
6100 4720 3510 1590
6070 4730 3510 1590
6080 4730 3510 1590
6080 4730 3510 1590
6060 4720 3520 1590
6060 4720 3520 1590
6070 4710 3520 1590
6070 4710 3520 1590
6070 4720 3530 1590
6070 4710 3530 1590
6090 4710 3530 1590
6090 4720 3530 1590
6090 4710 3530 1580
6090 4720 3520 1580
6100 4720 3520 1580
6130 4730 3520 1580
6140 4720 3530 1580
6140 4730 3530 1580
6110 4730 3530 1580
6090 4720 3530 1580
6080 4740 3530 1580
6030 4730 3530 1590
6030 4720 3540 1590
6020 4710 3530 1590
6020 4710 3530 1590
6030 4710 3530 1590
6040 4710 3520 1590
6030 4720 3520 1590
6000 4710 3530 1590
5990 4710 3530 1590
6000 4710 3530 1590
6020 4730 3530 1600
6040 4740 3520 1590
6050 4720 3510 1590
6060 4720 3520 1590
6070 4720 3520 1590
6080 4710 3520 1590
6080 4720 3520 1590
6080 4710 3520 1590
6080 4720 3520 1590
6070 4710 3520 1590
6070 4710 3520 1590
6070 4710 3520 1580
6060 4710 3520 1580
6060 4710 3530 1580
6070 4710 3520 1580
6060 4720 3510 1590
6070 4710 3510 1590
6070 4710 3520 1590
6030 4720 3510 1590
6010 4710 3520 1590
6020 4710 3510 1590
6040 4710 3510 1580
6040 4720 3510 1580
6050 4710 3510 1580
6040 4710 3510 1580
6040 4720 3510 1580
6040 4720 3510 1580
6040 4720 3510 1580
6040 4720 3510 1580
6040 4710 3520 1580
6030 4710 3520 1570
6030 4720 3520 1570
6030 4710 3520 1570
6030 4710 3520 1570
6030 4710 3520 1570
6040 4710 3520 1580
6020 4720 3520 1580
5980 4720 3520 1580
6040 4710 3520 1580
6030 4710 3520 1590
5970 4710 3520 1580
5980 4710 3520 1580
5970 4720 3520 1580
5990 4720 3520 1580
6000 4710 3520 1580
6080 4700 3520 1580
6130 4700 3520 1580
6200 4700 3520 1580
6140 4700 3520 1580
6120 4690 3520 1570
6060 4710 3520 1580
6130 4710 3520 1580
6110 4710 3520 1580
6110 4710 3520 1580
6110 4710 3510 1580
6060 4710 3500 1580
6070 4720 3500 1580
6070 4710 3510 1580
