6140 4600 4210 1140
6160 4570 4260 1150
6140 4570 4250 1150
6160 4580 4260 1140
6170 4580 4270 1150
6190 4570 4290 1160
6180 4570 4290 1160
6180 4570 4270 1160
6180 4570 4270 1160
6180 4560 4250 1160
6170 4570 4230 1160
6190 4570 4210 1180
6190 4560 4200 1160
6180 4550 4190 1150
6180 4560 4190 1140
6180 4570 4180 1140
6180 4570 4180 1150
6160 4560 4200 1160
6160 4570 4220 1150
6170 4570 4220 1160
6160 4580 4230 1150
6160 4580 4230 1140
6170 4570 4230 1160
6170 4580 4220 1160
6170 4580 4220 1160
6160 4580 4220 1160
6160 4580 4220 1160
6160 4580 4220 1160
6140 4580 4230 1150
6160 4580 4230 1160
6160 4580 4240 1180
6140 4580 4250 1160
6160 4580 4250 1160
6160 4570 4250 1160
6140 4570 4240 1180
6140 4580 4240 1160
6140 4580 4240 1150
6140 4580 4240 1160
6140 4580 4230 1150
6140 4580 4230 1140
6160 4570 4230 1130
6170 4570 4250 1150
6170 4570 4270 1150
6190 4570 4270 1150
6190 4570 4290 1160
6190 4580 4260 1160
6190 4580 4270 1160
6180 4580 4270 1160
6180 4580 4270 1160
6170 4580 4270 1160
6170 4580 4270 1150
6160 4570 4270 1150
6170 4570 4270 1160
6170 4570 4290 1150
6180 4580 4300 1150
6190 4570 4350 1160
6180 4580 4360 1160
6190 4550 4380 1160
6190 4560 4370 1160
6180 4570 4360 1160
6170 4570 4340 1150
6170 4570 4340 1150
6170 4580 4350 1150
6180 4580 4340 1140
6180 4580 4350 1140
6180 4580 4350 1150
6170 4580 4340 1160
6160 4580 4330 1180
6160 4580 4320 1160
6160 4600 4320 1160
6170 4580 4340 1160
6180 4560 4340 1150
6170 4560 4340 1160
6180 4560 4330 1140
6170 4570 4360 1150
6180 4570 4360 1150
6190 4570 4360 1150
6160 4570 4310 1150
6160 4570 4290 1150
6160 4570 4260 1150
6160 4570 4250 1150
6170 4580 4260 1180
6180 4570 4240 1160
6170 4570 4230 1180
6170 4570 4260 1160
6160 4570 4250 1160
6140 4580 4210 1150
6130 4580 4180 1160
6130 4580 4170 1190
6140 4580 4140 1160
6160 4580 4140 1160
6140 4580 4130 1150
6140 4580 4120 1140
6170 4580 4120 1140
6160 4600 4150 1140
6140 4600 4150 1140
6130 4580 4150 1150
6160 4570 4150 1160
6160 4570 4130 1150
6140 4570 4130 1160
6140 4560 4130 1160
6140 4560 4140 1150
6140 4580 4130 1150
6160 4580 4170 1140
6160 4580 4190 1140
6140 4570 4200 1140
6160 4580 4190 1150
6160 4580 4190 1150
6160 4580 4180 1160
6140 4580 4170 1160
6140 4600 4190 1190
6160 4600 4180 1160
6160 4580 4200 1160
6180 4580 4220 1160
6180 4580 4230 1150
6180 4580 4240 1160
6170 4600 4230 1160
6160 4600 4220 1150
6160 4600 4210 1150
6160 4600 4210 1150
6160 4600 4200 1160
6170 4600 4190 1150
6180 4580 4200 1140
6170 4570 4210 1140
6160 4570 4230 1140
6160 4570 4230 1140
6140 4570 4240 1140
6140 4570 4240 1150
6140 4570 4230 1150
6140 4560 4230 1150
6140 4580 4230 1140
6140 4580 4230 1150
6140 4580 4240 1140
6140 4570 4240 1150
6160 4740 4030 1160
6160 4750 4030 1160
6160 4750 4030 1160
6130 4810 4030 1150
6120 4850 4040 1180
6120 4850 4040 1180
6140 4840 4030 1160
6140 4810 4040 1180
6140 4800 4030 1160
6140 4780 4030 1180
6140 4770 4040 1160
6170 4750 4030 1160
6170 4730 4040 1140
6160 4700 4030 1160
6160 4700 4030 1160
6140 4700 4020 1180
6140 4710 4020 1160
6160 4710 4030 1160
6170 4720 4030 1160
6160 4710 4030 1160
6160 4710 4030 1160
6160 4730 4030 1160
6170 4740 4030 1180
6190 4740 4030 1160
6190 4740 4030 1160
6180 4750 4030 1180
6170 4740 4030 1160
6180 4740 4030 1150
6160 4740 4040 1150
6160 4740 4040 1150
6160 4740 4030 1150
6170 4740 4030 1160
6160 4740 4030 1160
6140 4740 4030 1150
6160 4730 4030 1150
6160 4710 4030 1150
6160 4710 4030 1150
6160 4710 4030 1150
6170 4720 4030 1150
6170 4720 4040 1150
6160 4700 4040 1140
6160 4740 4030 1140
6170 4720 4030 1140
6160 4780 4030 1150
6170 4770 4030 1140
6180 4780 4030 1140
6180 4820 4030 1140
6190 4870 4030 1140
6170 4920 4030 1140
6170 4910 4030 1140
6170 4920 4030 1150
6170 4880 4030 1150
6160 4850 4040 1140
6160 4840 4040 1140
6160 4830 4040 1130
6160 4800 4040 1130
6160 4830 4040 1130
6130 4800 4040 1140
6130 4780 4030 1150
6130 4750 4030 1160
6130 4740 4030 1160
6130 4820 4030 1160
6170 4850 4030 1140
6170 4910 4040 1150
6170 4910 4040 1160
6170 4870 4040 1180
6160 4840 4040 1160
6170 4940 4050 1150
6170 5030 4040 1150
6160 4980 4040 1140
6140 4930 4030 1140
6140 4940 4030 1160
6140 5070 4030 1160
6180 4970 4020 1140
6180 4920 4020 1150
6180 4870 4020 1140
6160 4850 4020 1140
6140 4880 4020 1140
6140 4910 4020 1130
6140 4840 4020 1130
6130 4820 4020 1180
6130 4800 4030 1180
6130 4790 4030 1160
6130 4780 4030 1160
6130 4780 4040 1180
6130 4780 4030 1180
6130 4780 4030 1160
6130 4770 4020 1190
6130 4770 4030 1200
6140 4780 4020 1180
6140 4790 4020 1190
6130 4820 4030 1180
6140 4840 4030 1160
6140 4850 4030 1140
6140 4840 4030 1150
6140 4840 4030 1160
6120 4810 4030 1140
6120 4800 4030 1140
6120 4800 4020 1150
6120 4810 4020 1160
6130 4830 4030 1160
6140 4880 4030 1150
6140 4880 4030 1150
6140 4920 4030 1150
6140 4880 4030 1150
6160 4920 4030 1140
6140 5020 4030 1130
6140 5050 4030 1150
6130 5060 4030 1150
6130 5080 4030 1140
6130 5060 4030 1150
6120 5040 4030 1150
6120 5040 4030 1160
6140 5050 4030 1150
6140 5060 4030 1150
6140 5030 4030 1150
6140 5030 4040 1150
6140 5010 4040 1150
6130 4990 4040 1150
6130 4970 4030 1140
6130 4940 4030 1140
6160 4930 4030 1150
6140 4880 4050 1160
6140 4880 4040 1160
6140 4910 4030 1150
6140 4880 4030 1140
6140 4860 4030 1150
6140 4840 4040 1140
6140 4840 4030 1150
6130 4830 4020 1140
6140 4830 4020 1160
