5790 4080 4110 1820
5790 4090 4110 1890
5790 4090 4110 1920
5790 4100 4110 1960
5790 4100 4110 1920
5790 4090 4110 1910
5800 4080 4120 1930
5800 4080 4120 1990
5800 4080 4120 2070
5810 4090 4120 2130
5810 4090 4120 2190
5810 4080 4110 2160
5810 4080 4110 2080
5800 4080 4110 2040
5800 4090 4120 2010
5810 4090 4120 2000
5810 4080 4120 2040
5820 4080 4110 2040
5820 4080 4100 2000
5810 4080 4110 1970
5810 4090 4110 1960
5810 4080 4110 1970
5810 4080 4110 1930
5810 4090 4110 1870
5810 4080 4110 1830
5810 4080 4110 1880
5810 4090 4110 1870
5810 4080 4110 1810
5810 4080 4110 1780
5800 4080 4110 1750
5800 4080 4110 1710
5800 4080 4120 1660
5790 4080 4110 1660
5790 4090 4110 1660
5790 4090 4110 1750
5790 4080 4110 1800
5790 4080 4100 1760
5790 4080 4090 1730
5800 4080 4100 1660
5790 4080 4100 1660
5790 4080 4100 1660
5800 4080 4100 1660
5800 4080 4100 1700
5800 4080 4100 1770
5810 4080 4100 1780
5800 4080 4100 1770
5800 4090 4100 1750
5810 4090 4100 1690
5800 4090 4110 1880
5800 4090 4120 1920
5800 4090 4120 1860
5800 4080 4110 1780
5800 4080 4110 1750
5800 4080 4110 1890
5800 4080 4110 1920
5800 4080 4110 1950
5800 4080 4110 1950
5810 4080 4100 2030
5800 4080 4090 2060
5800 4080 4100 2040
5800 4080 4100 1990
5800 4070 4100 1950
5800 4070 4110 1950
5800 4070 4100 1920
5800 4070 4100 1920
5800 4070 4110 1920
5800 4070 4110 1930
5800 4070 4110 1900
5800 4070 4110 1850
5800 4070 4110 1770
5800 4070 4110 1740
5800 4070 4120 1770
5800 4080 4120 1840
5800 4080 4120 1980
5800 4090 4120 1960
5800 4080 4120 2060
5800 4080 4120 2120
5800 4080 4110 2230
5800 4080 4100 2260
5800 4090 4110 2190
5800 4090 4110 2040
5800 4090 4110 2040
5800 4080 4120 2030
5800 4080 4100 2300
5800 4080 4110 2290
5810 4080 4110 2190
5810 4090 4110 2140
5810 4080 4100 2140
5810 4080 4090 2110
5810 4080 4100 2160
5810 4080 4100 2210
5810 4090 4100 2170
5810 4090 4100 2130
5810 4090 4090 2190
5810 4090 4100 2150
5810 4090 4090 2160
5810 4080 4110 2050
5810 4080 4090 2010
5810 4080 4090 2000
5810 4090 4090 2000
5810 4080 4090 1990
5810 4080 4090 2090
5800 4080 4110 2070
5800 4080 4110 2180
5810 4080 4110 2010
5820 4080 4110 1950
5820 4080 4110 1990
6010 4060 4100 1420
6020 4060 4090 1420
6040 4060 4090 1420
6070 4070 4090 1430
6020 4080 4090 1440
6000 4080 4090 1450
5980 4080 4090 1460
5970 4080 4090 1460
6110 4080 4100 1450
6240 4090 4100 1450
6320 4080 4100 1450
6250 4080 4100 1450
6250 4080 4100 1440
6140 4080 4100 1440
6100 4080 4110 1440
6040 4080 4110 1440
6020 4070 4100 1440
6020 4070 4100 1440
6040 4070 4090 1440
6050 4070 4080 1430
6050 4070 4090 1430
6070 4070 4090 1440
6070 4070 4090 1440
6080 4070 4100 1440
6080 4070 4100 1440
6080 4080 4100 1430
6080 4080 4100 1430
6080 4080 4100 1440
6040 4080 4110 1440
6030 4080 4100 1430
6010 4080 4100 1430
6010 4070 4100 1430
5990 4070 4100 1430
5980 4080 4110 1430
5960 4080 4110 1430
5970 4070 4110 1430
5970 4080 4110 1430
5940 4080 4100 1430
5930 4080 4090 1430
5940 4090 4100 1430
5940 4080 4100 1430
5950 4080 4100 1420
5930 4080 4100 1410
5890 4080 4100 1410
5830 4080 4100 1410
5800 4080 4110 1430
5780 4080 4110 1420
5780 4080 4110 1420
5770 4080 4110 1420
5780 4080 4110 1420
5850 4080 4120 1420
5850 4080 4110 1420
5870 4070 4110 1420
5900 4080 4110 1440
5900 4090 4110 1440
5910 4080 4110 1450
5920 4070 4110 1440
5930 4070 4110 1440
5940 4070 4110 1430
5960 4080 4110 1430
5980 4080 4110 1440
6000 4080 4110 1440
6020 4090 4110 1440
6020 4080 4120 1430
6030 4080 4120 1430
6050 4080 4110 1420
6060 4080 4110 1430
6060 4080 4110 1440
6060 4080 4110 1430
6040 4090 4110 1420
6030 4090 4100 1420
6000 4080 4100 1420
5940 4080 4110 1420
5940 4080 4110 1420
5950 4080 4100 1420
5940 4080 4100 1410
5940 4080 4090 1420
5940 4070 4100 1420
5940 4070 4100 1420
5940 4070 4090 1420
5950 4080 4100 1430
5960 4080 4100 1420
5980 4070 4100 1430
5990 4070 4110 1430
6000 4070 4110 1440
6010 4070 4110 1430
6010 4070 4110 1430
6010 4070 4120 1440
6020 4070 4120 1430
6010 4070 4120 1430
5990 4070 4110 1430
5970 4070 4110 1430
5950 4060 4110 1440
5930 4070 4110 1430
5930 4070 4110 1430
5920 4070 4110 1430
5910 4070 4110 1440
5940 4070 4110 1430
5960 4070 4110 1430
5970 4070 4110 1430
5980 4070 4100 1430
5990 4080 4100 1430
5980 4080 4100 1430
5960 4090 4110 1430
