5480 3590 4500 1800
5500 3600 4480 1800
5500 3600 4450 1780
5500 3600 4440 1800
5500 3600 4440 1810
5500 3600 4440 1800
5500 3600 4430 1770
5500 3600 4430 1770
5500 3600 4440 1780
5490 3600 4450 1770
5480 3600 4470 1800
5490 3590 4470 1810
5490 3600 4470 1780
5490 3600 4470 1780
5490 3600 4480 1760
5490 3600 4500 1780
5490 3600 4510 1780
5480 3600 4500 1760
5480 3590 4500 1760
5480 3590 4490 1770
5480 3590 4490 1800
5480 3590 4480 1780
5470 3600 4490 1800
5460 3620 4510 1780
5460 3610 4510 1770
5480 3600 4520 1780
5480 3600 4520 1800
5490 3600 4520 1800
5490 3600 4530 1800
5490 3600 4540 1780
5490 3600 4540 1800
5490 3600 4550 1780
5480 3600 4550 1800
5480 3600 4550 1800
5490 3610 4560 1780
5490 3620 4560 1780
5490 3610 4550 1800
5490 3600 4550 1800
5490 3600 4530 1800
5470 3610 4540 1810
5470 3610 4540 1810
5480 3610 4540 1810
5490 3610 4540 1810
5500 3610 4540 1810
5500 3610 4540 1780
5500 3610 4540 1780
5500 3610 4520 1780
5500 3610 4520 1780
5500 3600 4520 1780
5490 3600 4520 1800
5490 3600 4520 1780
5490 3590 4520 1800
5500 3590 4530 1800
5490 3600 4550 1770
5490 3600 4530 1750
5480 3600 4520 1750
5480 3600 4510 1770
5470 3590 4500 1810
5490 3590 4520 1810
5490 3590 4520 1810
5490 3590 4520 1780
5480 3590 4510 1770
5470 3600 4510 1770
5480 3600 4520 1760
5480 3600 4520 1780
5470 3610 4530 1780
5460 3600 4540 1800
5460 3600 4540 1800
5460 3600 4540 1780
5460 3600 4540 1780
5460 3600 4540 1780
5460 3600 4550 1800
5460 3600 4540 1770
5460 3600 4530 1760
5460 3600 4530 1750
5460 3590 4520 1750
5460 3590 4500 1780
5460 3590 4500 1800
5460 3590 4500 1800
5460 3600 4510 1780
5460 3600 4520 1800
5470 3600 4540 1800
5460 3600 4550 1770
5460 3600 4550 1780
5460 3600 4540 1770
5460 3600 4530 1770
5460 3600 4530 1770
5460 3610 4530 1770
5460 3600 4530 1780
5470 3600 4530 1760
5470 3610 4520 1760
5470 3610 4520 1770
5470 3610 4520 1760
5470 3610 4520 1770
5470 3620 4520 1780
5470 3620 4530 1770
5460 3610 4530 1780
5460 3610 4520 1800
5470 3600 4520 1800
5470 3600 4520 1770
5470 3600 4520 1780
5460 3590 4530 1810
5460 3600 4530 1780
5460 3600 4530 1800
5440 3600 4540 1770
5440 3600 4540 1770
5610 3610 4240 1770
5610 3610 4240 1760
5600 3610 4230 1760
5620 3620 4230 1760
5590 3610 4230 1780
5540 3610 4240 1770
5580 3610 4240 1770
5590 3610 4250 1760
5580 3600 4250 1770
5630 3600 4250 1780
5670 3600 4260 1780
5670 3600 4250 1770
5670 3590 4260 1760
5650 3600 4260 1760
5780 3600 4250 1770
5620 3600 4260 1800
5610 3600 4260 1780
5750 3600 4250 1770
5690 3590 4250 1780
5620 3590 4250 1800
5670 3610 4250 1780
5710 3600 4250 1800
5720 3600 4240 1780
5710 3600 4240 1780
5870 3600 4230 1760
5930 3600 4230 1760
5950 3600 4230 1760
5960 3600 4230 1770
5970 3600 4230 1780
5960 3610 4240 1800
5940 3600 4250 1800
5920 3600 4250 1800
5880 3610 4240 1780
5850 3610 4240 1780
5850 3610 4240 1800
5880 3590 4240 1770
5920 3590 4240 1770
5940 3590 4240 1780
5980 3590 4230 1770
6030 3600 4240 1780
6030 3590 4230 1760
6030 3590 4250 1770
6030 3590 4250 1760
6020 3590 4260 1770
6000 3590 4260 1760
5980 3590 4250 1770
5940 3610 4250 1780
5930 3610 4250 1770
5900 3610 4240 1780
5880 3600 4250 1800
5860 3600 4250 1800
5860 3590 4240 1780
5870 3590 4250 1780
5850 3590 4250 1800
5850 3590 4240 1770
5830 3590 4230 1770
5830 3600 4240 1780
5830 3600 4250 1780
5830 3600 4240 1760
5860 3610 4240 1760
5860 3600 4240 1760
5860 3600 4260 1760
5870 3590 4260 1770
5870 3600 4260 1760
5780 3610 4260 1780
5740 3610 4260 1780
5700 3610 4240 1800
5690 3600 4240 1800
5690 3590 4250 1770
5670 3610 4240 1770
5640 3610 4240 1770
5620 3600 4250 1780
5600 3590 4250 1800
5590 3590 4250 1780
5640 3590 4250 1770
5670 3590 4240 1770
5700 3590 4250 1760
5710 3590 4250 1760
5700 3600 4240 1770
5730 3590 4240 1770
5730 3590 4250 1770
5730 3590 4260 1770
5720 3590 4270 1780
5720 3600 4270 1800
5710 3600 4270 1810
5710 3600 4260 1780
5710 3590 4260 1780
5720 3590 4260 1800
5730 3590 4260 1800
5740 3600 4250 1800
