4030 4300 2920 3550
4070 4310 2920 3550
4050 4310 2920 3550
4070 4310 2920 3550
4010 4300 2930 3560
4050 4310 2910 3560
4020 4300 2910 3560
4010 4300 2910 3570
4020 4300 2910 3570
4020 4300 2920 3560
4050 4320 2910 3560
4030 4320 2910 3540
4030 4320 2900 3550
4030 4320 2900 3560
4010 4320 2900 3570
4020 4300 2900 3570
4070 4300 2920 3560
4010 4300 2920 3560
4030 4300 2920 3570
4010 4300 2910 3580
4030 4310 2900 3560
4070 4300 2910 3570
4010 4310 2910 3570
4070 4300 2910 3570
4030 4310 2910 3570
4050 4300 2910 3570
4070 4300 2910 3570
4050 4300 2910 3560
4010 4310 2910 3560
4030 4310 2920 3560
4010 4310 2920 3580
4030 4300 2920 3580
4070 4310 2920 3570
4050 4320 2910 3570
4060 4320 2910 3570
4060 4320 2920 3580
4020 4320 2920 3570
4070 4320 2920 3570
4050 4320 2920 3560
4050 4320 2920 3560
4030 4320 2920 3560
4070 4320 2920 3560
4070 4310 2920 3550
4030 4310 2920 3550
4010 4310 2910 3560
4060 4310 2910 3560
4020 4310 2900 3560
4080 4310 2900 3560
4080 4310 2900 3560
4080 4300 2900 3560
4040 4300 2900 3570
4060 4300 2900 3560
4020 4320 2900 3580
4020 4330 2900 3570
4080 4330 2900 3560
4060 4330 2900 3560
4080 4330 2910 3550
4030 4330 2910 3550
4060 4330 2910 3560
4020 4320 2910 3560
4040 4320 2910 3550
4020 4320 2910 3550
4080 4320 2900 3560
4020 4310 2910 3560
4060 4310 2920 3540
4000 4310 2920 3540
4000 4300 2920 3540
4020 4300 2910 3530
4040 4310 2900 3530
4000 4300 2900 3540
4000 4310 2910 3550
4060 4310 2910 3550
4040 4310 2910 3550
4020 4300 2910 3550
4010 4300 2910 3560
4030 4300 2910 3560
4070 4300 2920 3560
4080 4310 2910 3560
4030 4310 2910 3560
4010 4330 2910 3560
4070 4330 2910 3550
4070 4310 2910 3540
4050 4310 2910 3530
4040 4310 2920 3530
4000 4310 2920 3530
4000 4300 2910 3540
4040 4300 2900 3540
4060 4290 2900 3540
4020 4290 2910 3540
3540 4290 3390 3540
3540 4290 3370 3540
3540 4290 3390 3540
3540 4310 3410 3530
3540 4310 3380 3530
3540 4300 3430 3540
3540 4310 3370 3540
3540 4310 3420 3540
3540 4310 3390 3540
3540 4310 3410 3540
3540 4310 3430 3540
3540 4300 3390 3550
3550 4300 3430 3550
3560 4290 3370 3550
3560 4300 3430 3550
3560 4300 3380 3550
3550 4300 3380 3550
3550 4300 3350 3550
3550 4290 3390 3560
3550 4290 3370 3560
3550 4290 3370 3560
3550 4300 3350 3560
3550 4300 3410 3570
3550 4300 3410 3570
3560 4300 3360 3570
3560 4290 3350 3570
3560 4290 3410 3560
3560 4290 3420 3560
3550 4270 3360 3560
3550 4300 3380 3540
3550 4310 3430 3540
3550 4300 3380 3540
3550 4300 3410 3540
3550 4300 3390 3540
3550 4300 3420 3540
3550 4290 3360 3540
3550 4290 3380 3550
3560 4300 3370 3550
3560 4300 3350 3560
3560 4300 3370 3550
3560 4300 3360 3560
3560 4300 3360 3550
3550 4300 3390 3550
3550 4290 3380 3550
3550 4300 3360 3550
3550 4300 3380 3540
3550 4290 3410 3550
3550 4310 3390 3550
3550 4310 3420 3540
3550 4310 3420 3540
3550 4310 3370 3550
3550 4310 3400 3550
3550 4300 3360 3550
3550 4300 3360 3540
3540 4290 3350 3530
3540 4300 3370 3530
3550 4310 3410 3540
3540 4310 3380 3550
3540 4310 3410 3540
3550 4310 3350 3530
3550 4310 3410 3540
3550 4310 3350 3550
3560 4310 3350 3540
3560 4300 3350 3550
3560 4290 3380 3540
3560 4290 3420 3540
3550 4300 3390 3540
3550 4310 3370 3540
3550 4310 3390 3550
3550 4300 3430 3550
3550 4320 3410 3560
3550 4320 3360 3550
3550 4320 3360 3550
3540 4310 3380 3560
3540 4310 3370 3560
3540 4300 3380 3550
3550 4300 3430 3550
3560 4300 3400 3550
3560 4310 3380 3560
3550 4310 3400 3560
3560 4300 3400 3550
3560 4290 3380 3550
3560 4300 3440 3550
3560 4300 3440 3550
3560 4300 3440 3540
3560 4300 3440 3550
3560 4300 3380 3540
3560 4300 3440 3540
3560 4300 3370 3550
3560 4300 3370 3550
3560 4300 3390 3550
3560 4310 3380 3540
3560 4300 3390 3550
3560 4310 3370 3550
3560 4310 3370 3550
3560 4300 3390 3540
3560 4300 3390 3550
