5140 3150 4620 2230
5140 3160 4660 2240
5140 3160 4690 2230
5130 3160 4720 2240
5130 3160 4740 2240
5140 3160 4760 2240
5130 3160 4770 2230
5140 3160 4790 2230
5130 3150 4800 2230
5130 3150 4800 2240
5130 3140 4790 2230
5130 3140 4790 2230
5130 3140 4800 2230
5120 3140 4810 2230
5120 3140 4860 2240
5130 3160 4820 2230
5130 3150 4740 2220
5130 3150 4770 2210
5140 3150 4850 2210
5130 3160 4860 2220
5120 3160 4860 2230
5120 3160 4850 2240
5120 3150 4860 2240
5120 3160 4910 2220
5120 3160 4940 2230
5130 3150 4850 2220
5120 3150 4830 2220
5110 3150 4850 2230
5110 3150 4920 2230
5130 3150 4970 2220
5120 3150 4970 2240
5120 3140 4970 2240
5110 3140 4980 2250
5120 3150 4980 2230
5110 3150 4970 2230
5100 3150 4960 2230
5110 3150 4940 2230
5110 3150 4930 2220
5120 3150 4920 2220
5120 3150 4910 2240
5120 3150 4910 2230
5130 3150 4910 2230
5120 3160 4930 2250
5110 3150 4920 2250
5110 3140 4920 2240
5120 3140 4920 2240
5120 3140 4930 2240
5110 3140 4920 2220
5110 3140 4850 2240
5120 3140 4830 2220
5120 3140 4820 2230
5110 3140 4800 2230
5100 3140 4780 2230
5110 3150 4790 2240
5100 3160 4840 2230
5110 3160 4870 2230
5130 3150 4890 2220
5130 3150 4950 2210
5130 3150 4950 2230
5130 3150 4930 2230
5120 3150 4930 2230
5110 3150 4920 2240
5110 3150 4910 2220
5120 3150 4910 2220
5120 3150 4920 2210
5120 3160 4930 2230
5110 3160 4930 2240
5110 3160 4920 2230
5120 3160 4920 2220
5110 3160 4880 2230
5110 3150 4860 2220
5110 3150 4880 2230
5120 3150 4920 2230
5120 3150 4960 2240
5120 3150 5000 2220
5130 3140 4990 2210
5140 3140 4970 2210
5130 3140 4960 2220
5130 3150 4940 2220
5130 3150 4940 2230
5120 3160 4940 2220
5110 3160 4950 2220
5110 3160 4950 2210
5110 3160 4940 2200
5110 3150 4930 2220
5120 3150 4910 2230
5110 3150 4910 2250
5110 3150 4890 2230
5110 3150 4910 2230
5120 3150 4910 2240
5130 3150 4890 2240
5130 3150 4850 2230
5110 3150 4860 2210
5130 3140 4860 2210
5130 3150 4450 2860
5120 3150 4440 2790
5130 3150 4440 2670
5120 3150 4440 2660
5120 3150 4440 2720
5130 3150 4450 2600
5140 3150 4440 2550
5150 3150 4430 2510
5130 3150 4440 2480
5130 3160 4430 2430
5110 3160 4430 2580
5110 3150 4430 2620
5120 3150 4430 2630
5120 3150 4430 2630
5110 3150 4440 2640
5110 3150 4440 2650
5120 3150 4440 2650
5140 3160 4440 2600
5150 3160 4440 2550
5150 3150 4440 2540
5150 3150 4440 2640
5140 3150 4440 2640
5130 3140 4450 2600
5140 3140 4440 2570
5130 3140 4440 2570
5140 3140 4440 2610
5130 3140 4440 2610
5120 3140 4440 2610
5130 3140 4440 2640
5130 3140 4440 2700
5120 3140 4440 2710
5120 3140 4440 2720
5120 3140 4440 2710
5130 3150 4440 2680
5140 3150 4430 2630
5130 3150 4430 2590
5130 3150 4430 2540
5160 3150 4430 2510
5160 3150 4430 2510
5160 3160 4430 2490
5130 3160 4430 2560
5130 3150 4430 2560
5140 3150 4430 2470
5140 3150 4440 2440
5130 3150 4440 2460
5120 3160 4430 2390
5130 3160 4440 2360
5120 3160 4440 2440
5110 3160 4440 2560
5140 3160 4440 2690
5130 3160 4450 2770
5140 3160 4450 2800
5140 3150 4450 2790
5140 3150 4440 2800
5140 3140 4440 2820
5140 3140 4440 2690
5110 3150 4440 2600
5120 3150 4440 2600
5120 3150 4450 2570
5120 3150 4440 2540
5120 3150 4440 2510
5120 3150 4440 2510
5120 3150 4440 2520
5120 3150 4450 2510
5120 3150 4450 2490
5110 3150 4450 2470
5110 3150 4450 2460
5120 3150 4450 2450
5130 3150 4450 2450
5130 3150 4450 2450
5120 3150 4450 2450
5130 3150 4450 2450
5140 3150 4450 2450
5130 3160 4450 2450
5120 3160 4440 2460
5110 3160 4440 2460
5110 3150 4450 2580
5120 3150 4440 2760
5120 3150 4440 2740
5130 3150 4440 2610
5130 3150 4440 2550
5130 3150 4440 2510
5130 3150 4430 2480
5130 3150 4430 2480
5130 3150 4430 2470
5130 3150 4430 2460
5130 3140 4430 2480
5120 3140 4430 2500
5140 3140 4430 2520
5140 3140 4430 2530
5130 3140 4430 2530
5130 3150 4430 2490
5120 3160 4440 2440
5130 3150 4440 2380
5120 3150 4430 2360
5120 3150 4430 2350
5130 3160 4440 2450
5130 3160 4440 2570
5120 3160 4440 2650
