4860 3180 4660 2670
4860 3270 4660 2680
4870 3340 4670 2680
4870 3380 4670 2670
4870 3370 4660 2660
4860 3210 4660 2660
4860 3110 4660 2660
4860 3020 4650 2650
4870 2940 4650 2650
4870 3060 4650 2650
4870 3190 4650 2650
4870 3270 4650 2650
4870 3160 4650 2650
4870 3190 4650 2670
4870 3160 4650 2670
4880 3180 4660 2650
4880 3130 4650 2650
4880 3110 4650 2670
4880 3090 4660 2650
4880 3070 4650 2650
4880 3050 4650 2650
4880 3010 4650 2650
4880 3010 4650 2660
4880 2980 4650 2650
4880 3020 4660 2660
4880 2990 4660 2660
4880 3000 4670 2650
4880 3030 4660 2650
4880 3080 4660 2650
4870 3120 4660 2660
4870 3090 4660 2660
4870 3060 4660 2650
4860 3050 4660 2670
4870 3020 4660 2660
4870 2990 4670 2660
4880 2970 4680 2660
4880 2950 4680 2660
4880 2920 4670 2660
4870 2940 4660 2670
4860 3010 4650 2670
4860 3080 4650 2670
4860 3120 4640 2660
4870 3140 4640 2660
4880 3140 4650 2660
4880 3150 4650 2650
4880 3140 4640 2670
4880 3090 4640 2650
4880 3000 4650 2650
4880 3000 4650 2650
4880 2990 4660 2650
4880 2960 4670 2660
4880 2950 4670 2670
4880 2950 4670 2660
4880 2950 4670 2660
4880 2970 4670 2670
4880 3080 4670 2660
4870 3160 4670 2660
4870 3250 4670 2670
4870 3190 4660 2660
4870 3110 4660 2660
4870 3030 4660 2660
4870 2980 4660 2670
4880 2950 4660 2670
4870 2930 4660 2660
4860 2930 4660 2660
4870 2920 4660 2650
4870 2910 4650 2650
4870 2920 4640 2670
4870 3050 4650 2670
4870 3130 4650 2670
4870 3240 4650 2670
4870 3390 4650 2670
4870 3480 4650 2670
4870 3540 4660 2670
4870 3400 4660 2670
4870 3260 4670 2660
4880 3170 4660 2660
4880 3100 4660 2660
4880 3060 4660 2660
4880 3010 4670 2660
4880 2990 4660 2660
4880 2960 4650 2660
4880 3030 4660 2650
4880 2990 4670 2650
4870 2990 4660 2670
4870 2970 4660 2660
4870 2950 4660 2660
4870 3090 4660 2660
4870 3250 4660 2660
4870 3200 4670 2660
4870 3120 4670 2650
4860 2970 4660 2650
4860 2970 4660 2650
4860 2970 4660 2650
4860 2970 4660 2650
4860 2960 4660 2650
4870 2680 4660 2840
4880 2680 4650 2880
4880 2670 4650 2900
4880 2680 4650 2900
4890 2670 4650 2910
4880 2670 4640 2910
4880 2680 4640 2910
4870 2680 4650 2870
4860 2680 4660 2850
4880 2680 4660 2850
4880 2680 4650 2850
4880 2680 4640 2850
4880 2680 4650 2850
4890 2680 4660 2840
4880 2680 4670 2900
4880 2680 4660 3060
4870 2680 4650 3060
4860 2670 4650 3180
4870 2670 4650 3050
4880 2670 4670 3170
4880 2670 4670 3030
4870 2670 4670 3080
4880 2680 4660 3050
4880 2690 4670 3160
4880 2690 4670 3160
4870 2690 4670 3230
4880 2690 4660 3280
4880 2690 4660 3250
4880 2700 4670 3230
4880 2690 4660 3230
4870 2690 4660 3240
4880 2690 4660 3270
4880 2690 4680 3270
4880 2690 4690 3260
4870 2680 4680 3230
4870 2680 4670 3260
4870 2680 4670 3290
4870 2680 4660 3310
4870 2680 4660 3310
4870 2680 4650 3240
4870 2690 4650 3160
4880 2690 4660 3120
4880 2690 4660 2960
4880 2700 4650 2910
4880 2700 4650 2860
4880 2700 4660 2840
4870 2690 4650 2870
4870 2690 4650 2890
4860 2680 4660 2970
4860 2690 4650 2980
4870 2690 4650 3100
4860 2690 4650 3170
4870 2690 4650 3230
4870 2690 4650 3200
4870 2690 4640 3190
4880 2680 4650 3200
4880 2680 4670 3020
4890 2690 4670 2960
4890 2690 4660 3100
4880 2690 4650 3200
4880 2680 4660 3290
4880 2670 4660 3390
4880 2670 4660 3440
4880 2670 4670 3490
4880 2670 4660 3530
4880 2670 4650 3550
4880 2670 4640 3560
4880 2690 4640 3560
4880 2690 4640 3560
4880 2690 4650 3560
4870 2690 4650 3580
4870 2690 4650 3590
4860 2680 4660 3510
4860 2670 4660 3460
4860 2670 4660 3420
4870 2670 4660 3490
4870 2670 4670 3530
4860 2670 4670 3540
4860 2680 4670 3550
4870 2690 4670 3540
4870 2690 4650 3540
4860 2690 4650 3550
4870 2680 4660 3570
4870 2670 4660 3590
4860 2670 4660 3570
4870 2660 4660 3540
4880 2660 4670 3490
4880 2660 4680 3470
4880 2670 4670 3480
4870 2670 4670 3500
4870 2680 4660 3520
4870 2690 4660 3340
