4740 2180 4970 3150
4890 2170 4970 3130
4950 2170 4960 3140
4960 2170 4970 3140
4960 2170 4960 3140
5020 2190 4950 3140
5000 2200 4970 3140
4930 2190 4980 3130
4840 2200 4970 3140
4880 2190 4970 3130
4850 2190 4970 3130
4820 2190 4960 3130
4810 2190 4950 3130
5010 2190 4970 3120
5150 2190 4980 3120
5130 2180 4970 3120
5150 2180 4960 3120
5160 2190 4960 3130
5200 2180 4950 3130
5240 2180 4940 3130
5270 2190 4960 3140
5260 2190 4960 3140
5260 2180 4970 3130
5240 2180 4970 3130
5240 2180 4960 3130
5270 2180 4960 3130
5310 2180 4950 3130
5260 2180 4940 3130
5170 2180 4950 3130
5260 2180 4940 3130
5090 2180 4950 3130
5000 2180 4950 3130
5070 2180 4940 3130
4970 2180 4960 3130
5030 2180 4960 3130
5030 2180 4950 3130
5010 2180 4940 3120
4990 2180 4940 3130
4890 2180 4950 3130
4800 2180 4960 3130
4790 2180 4960 3140
4800 2180 4950 3130
4810 2170 4950 3130
4810 2180 4950 3130
4800 2180 4970 3140
4770 2180 4960 3140
4720 2180 4950 3130
4690 2170 4970 3120
4670 2170 4960 3120
4830 2180 4960 3130
4860 2180 4950 3130
4880 2180 4950 3150
4880 2180 4960 3140
4880 2180 4960 3130
4850 2180 4960 3130
4810 2180 4960 3140
4780 2190 4970 3150
4760 2190 4970 3150
4740 2180 4960 3140
4750 2190 4970 3130
4780 2190 4960 3120
4810 2190 4970 3120
4840 2190 4960 3120
4860 2180 4950 3130
4870 2180 4950 3130
4890 2180 4950 3130
4910 2180 4960 3130
4910 2180 4970 3130
4930 2170 4980 3130
4950 2180 4980 3140
4950 2180 4960 3130
4980 2180 4960 3130
4970 2170 4960 3140
4970 2170 4970 3140
4920 2190 4960 3140
4950 2180 4970 3130
5010 2180 4970 3130
5030 2190 4960 3130
4920 2180 4950 3140
4920 2180 4970 3130
4910 2180 4970 3140
5040 2180 4960 3140
5010 2180 4960 3150
4930 2190 4980 3160
4960 2180 4970 3150
5020 2180 4970 3140
5050 2190 4960 3140
5040 2190 4960 3140
4980 2180 4960 3140
4930 2180 4950 3130
4930 2180 4950 3140
4910 2180 4950 3140
4890 2180 4950 3140
4880 2190 4950 3150
4880 2190 4940 3150
4910 2180 4960 3140
4990 2170 4950 3140
5040 2170 4960 3140
5020 2180 4950 3140
5010 2180 4960 3140
4970 2180 4970 3130
4960 2180 4950 3140
4950 2180 4950 3140
4610 2510 4980 3130
4610 2450 4980 3130
4610 2440 4970 3130
4620 2450 4970 3140
4610 2420 4970 3150
4610 2420 4960 3140
4610 2430 4970 3140
4610 2440 4970 3150
4610 2440 4970 3150
4610 2450 4970 3150
4610 2480 4970 3140
4610 2530 4980 3140
4600 2560 4970 3140
4600 2560 4980 3140
4600 2550 4970 3140
4610 2530 4960 3150
4610 2510 4970 3130
4610 2480 4970 3130
4610 2480 4960 3140
4600 2490 4950 3140
4600 2510 4960 3140
4600 2530 4970 3140
4600 2540 4960 3140
4600 2550 4960 3140
4600 2550 4970 3150
4600 2550 4970 3150
4610 2550 4960 3140
4610 2540 4960 3140
4620 2520 4950 3140
4620 2510 4950 3150
4620 2500 4960 3150
4620 2490 4950 3140
4620 2510 4950 3130
4620 2540 4960 3140
4610 2570 4950 3140
4610 2580 4950 3140
4610 2610 4960 3140
4610 2610 4960 3140
4610 2620 4970 3140
4610 2620 4980 3140
4610 2630 4980 3140
4600 2660 4960 3130
4610 2680 4960 3140
4610 2660 4970 3140
4610 2620 4960 3150
4610 2590 4970 3150
4610 2560 4960 3150
4600 2550 4940 3160
4600 2550 4960 3140
4600 2550 4980 3140
4580 2500 4960 3160
4580 2520 4950 3160
4580 2570 4950 3150
4600 2580 4960 3150
4600 2580 4970 3150
4600 2560 4980 3140
4610 2520 4990 3140
4610 2490 4990 3140
4610 2470 4980 3130
4610 2470 4960 3130
4600 2480 4950 3130
4600 2470 4940 3130
4610 2470 4960 3120
4610 2470 4950 3120
4610 2480 4950 3120
4600 2490 4960 3130
4610 2510 4960 3130
4600 2510 4970 3140
4600 2520 4950 3130
4600 2500 4940 3130
4600 2530 4940 3130
4600 2530 4960 3130
4610 2520 4950 3130
4610 2510 4960 3130
4610 2510 4960 3140
4610 2520 4960 3140
4600 2540 4970 3140
4600 2560 4980 3140
4610 2530 4970 3130
4600 2620 4960 3130
4600 2530 4960 3130
4600 2520 4970 3130
4600 2530 4970 3130
4600 2720 4980 3120
4600 2830 4970 3120
4600 2860 4970 3140
4600 2860 4960 3150
4600 2700 4970 3160
4600 2580 4960 3160
4600 2530 4960 3150
