4440 1900 5320 3690
4430 1890 5320 3690
4420 1950 5320 3690
4420 1990 5320 3690
4420 2000 5310 3690
4430 2040 5310 3690
4430 2010 5310 3690
4420 2040 5310 3690
4420 2050 5320 3680
4420 2110 5320 3680
4430 2120 5320 3680
4420 2190 5310 3680
4430 2120 5300 3690
4430 2070 5300 3690
4440 2200 5300 3690
4440 2260 5300 3680
4440 2200 5300 3690
4440 2160 5300 3690
4440 2090 5300 3700
4440 2030 5300 3700
4420 1990 5300 3690
4410 1970 5310 3690
4410 1990 5300 3690
4410 2020 5310 3680
4420 2070 5300 3680
4420 2070 5310 3680
4410 2090 5310 3680
4420 2120 5300 3690
4420 2110 5300 3690
4430 2080 5300 3690
4430 2060 5310 3690
4430 2000 5320 3690
4420 1980 5330 3690
4420 1980 5320 3680
4420 1970 5320 3680
4420 1960 5300 3680
4420 1970 5300 3680
4410 1970 5300 3690
4420 1950 5300 3690
4420 2220 5310 3680
4420 2330 5300 3680
4420 2520 5290 3690
4420 2560 5290 3690
4430 2530 5290 3690
4430 2610 5290 3690
4430 2580 5290 3690
4420 2390 5280 3690
4420 2350 5290 3690
4420 2360 5290 3680
4420 2340 5300 3680
4420 2320 5310 3680
4430 2360 5310 3680
4430 2300 5310 3680
4430 2150 5320 3680
4420 2120 5330 3680
4430 2110 5320 3680
4420 2130 5320 3680
4420 2260 5320 3680
4420 2310 5310 3680
4410 2250 5310 3680
4400 2320 5310 3680
4400 2350 5310 3680
4410 2430 5310 3680
4420 2470 5310 3680
4420 2500 5300 3680
4420 2570 5310 3680
4420 2440 5310 3680
4420 2440 5310 3680
4420 2320 5310 3680
4410 2230 5300 3690
4420 2190 5310 3690
4420 2150 5310 3690
4420 2120 5310 3690
4420 2070 5310 3690
4420 2040 5310 3690
4420 2280 5320 3690
4420 2480 5310 3690
4430 2610 5320 3690
4430 2690 5310 3680
4430 2690 5310 3690
4430 2600 5300 3690
4430 2710 5300 3690
4430 2330 5290 3680
4430 2350 5290 3680
4420 2480 5310 3690
4420 2550 5300 3700
4420 2560 5300 3690
4420 2490 5300 3680
4420 2630 5300 3690
4420 2700 5300 3690
4420 2680 5300 3690
4420 2530 5300 3680
4420 2370 5310 3680
4410 2310 5310 3680
4420 2370 5300 3680
4420 2430 5300 3680
4430 2600 5310 3680
4440 2680 5310 3690
4440 2670 5320 3690
4430 2680 5320 3690
4420 2700 5320 3690
4430 2710 5320 3690
4430 2720 5320 3690
4430 2690 5330 3680
4420 2750 5330 3670
4420 2750 5330 3680
4420 2760 5330 3680
4420 2780 5330 3680
4420 2780 5310 3680
4430 2810 5310 3690
4430 2620 5310 3690
4440 2530 5310 3690
4440 2550 5310 3690
4440 2440 5310 3690
4430 1710 5730 3700
4440 1700 5750 3700
4430 1700 5740 3690
4430 1690 5720 3690
4430 1700 5710 3690
4430 1700 5690 3690
4440 1700 5680 3690
4440 1710 5680 3690
4440 1710 5690 3690
4440 1700 5710 3690
4440 1700 5720 3690
4440 1690 5750 3690
4440 1700 5750 3690
4440 1680 5750 3680
4420 1690 5760 3680
4420 1680 5770 3680
4420 1680 5780 3690
4430 1690 5790 3690
4430 1680 5810 3690
4430 1680 5830 3690
4430 1690 5820 3690
4430 1710 5860 3690
4430 1710 5850 3680
4430 1710 5850 3680
4440 1690 5850 3680
4430 1690 5860 3680
4430 1690 5850 3680
4430 1680 5820 3690
4430 1670 5800 3690
4430 1670 5790 3690
4430 1690 5790 3690
4420 1690 5830 3690
4410 1680 5870 3690
4410 1690 5900 3690
4420 1690 5900 3680
4430 1690 5900 3680
4430 1690 5880 3680
4420 1700 5860 3680
4420 1690 5830 3680
4430 1680 5790 3680
4430 1690 5790 3690
4430 1690 5760 3690
4430 1700 5760 3690
4430 1700 5760 3680
4430 1710 5800 3680
4440 1690 5820 3680
4440 1680 5850 3680
4430 1700 5850 3690
4440 1700 5860 3690
4440 1690 5870 3690
4440 1680 5870 3700
4440 1700 5850 3690
4440 1680 5820 3680
4440 1690 5810 3680
4440 1680 5790 3680
4440 1680 5760 3680
4440 1680 5740 3680
4430 1690 5750 3680
4430 1680 5760 3680
4430 1680 5810 3680
4420 1670 5860 3690
4420 1670 5880 3690
4420 1670 5910 3690
4430 1680 5910 3690
4430 1690 5900 3700
4420 1680 5890 3700
4420 1690 5830 3700
4420 1690 5790 3700
4430 1680 5760 3700
4440 1680 5740 3690
4440 1690 5720 3700
4440 1700 5710 3690
4430 1690 5720 3690
4430 1680 5730 3690
4430 1680 5750 3690
4430 1680 5780 3690
4430 1680 5810 3680
4420 1690 5810 3690
4420 1690 5800 3680
4420 1690 5790 3690
4420 1690 5790 3690
4420 1710 5810 3690
4420 1700 5810 3700
4430 1700 5800 3690
4430 1720 5790 3690
4440 1690 5770 3700
4440 1690 5760 3700
4430 1690 5720 3700
4430 1690 5720 3690
4430 1700 5720 3690
4430 1710 5710 3690
4430 1700 5720 3690
4430 1710 5710 3690
