4330 1840 5660 4130
4320 1840 5660 4120
4310 1830 5670 4120
4310 1870 5680 4120
4320 1830 5680 4120
4320 1870 5670 4120
4320 1830 5660 4130
4320 1870 5670 4120
4320 1830 5660 4120
4320 1860 5660 4120
4320 1790 5670 4120
4310 1860 5670 4120
4310 1840 5670 4110
4310 1840 5670 4110
4310 1800 5670 4110
4310 1830 5670 4110
4310 1860 5670 4110
4310 1830 5670 4110
4310 1830 5670 4110
4310 1850 5670 4110
4320 1800 5670 4110
4320 1820 5660 4120
4310 1860 5660 4120
4320 1790 5650 4120
4320 1790 5650 4120
4320 1850 5650 4120
4320 1820 5650 4110
4310 1840 5650 4120
4310 1830 5650 4120
4310 1830 5650 4110
4310 1870 5650 4120
4320 1880 5650 4120
4310 1830 5660 4120
4310 1880 5660 4120
4310 1840 5660 4120
4310 1820 5660 4120
4310 1820 5660 4120
4320 1820 5660 4120
4330 1840 5660 4130
4330 1890 5660 4120
4330 1830 5660 4120
4320 1810 5660 4120
4320 1810 5670 4120
4340 1850 5660 4120
4340 1850 5660 4120
4330 1850 5670 4110
4320 1890 5680 4110
4330 1820 5680 4110
4330 1850 5680 4120
4330 1850 5680 4120
4330 1850 5680 4120
4320 1800 5690 4120
4320 1800 5690 4120
4320 1850 5680 4120
4330 1870 5670 4120
4330 1810 5670 4120
4320 1840 5670 4120
4320 1790 5660 4120
4320 1830 5660 4120
4320 1800 5660 4120
4320 1840 5660 4120
4320 1820 5660 4120
4320 1830 5660 4120
4320 1840 5660 4120
4320 1820 5660 4120
4320 1800 5660 4120
4310 1870 5660 4120
4310 1820 5660 4120
4310 1840 5660 4120
4320 1850 5660 4130
4320 1830 5660 4130
4320 1830 5660 4130
4320 1810 5660 4130
4320 1790 5670 4130
4320 1800 5670 4130
4330 1830 5670 4130
4330 1800 5670 4130
4330 1800 5670 4130
4320 1820 5670 4130
4320 1870 5660 4130
4320 1860 5660 4130
4330 1850 5670 4130
4330 1820 5670 4130
4320 1880 5670 4130
4320 1810 5660 4120
4320 1850 5660 4120
4320 1830 5660 4120
4330 1850 5660 4120
4330 1840 5660 4110
4330 1800 5660 4120
4320 1840 5670 4130
4320 1820 5670 4120
4310 1830 5670 4120
4320 1830 5670 4120
4320 1800 5670 4120
4320 1860 5660 4120
4320 1810 5660 4120
4320 1810 5660 4120
4310 1820 5660 4120
4320 1840 5670 4120
4330 1340 6150 4120
4340 1340 6150 4120
4330 1340 6160 4120
4320 1340 6140 4120
4330 1340 6160 4120
4330 1330 6160 4120
4330 1340 6160 4120
4300 1350 6140 4130
4340 1360 6130 4120
4320 1340 6130 4130
4330 1350 6130 4120
4320 1350 6130 4120
4340 1340 6110 4130
4320 1350 6180 4120
4320 1350 6120 4120
4320 1350 6180 4120
4320 1350 6150 4120
4330 1350 6150 4120
4320 1350 6140 4120
4320 1350 6180 4120
4320 1350 6120 4120
4310 1360 6170 4120
4310 1350 6120 4120
4300 1350 6110 4120
4310 1350 6130 4120
4320 1340 6110 4120
4310 1360 6130 4110
4310 1370 6140 4120
4310 1360 6150 4120
4310 1350 6120 4120
4300 1340 6140 4130
4310 1340 6140 4130
4310 1340 6180 4130
4310 1340 6160 4120
4310 1340 6160 4120
4310 1330 6180 4130
4310 1330 6150 4130
4310 1350 6170 4130
4310 1360 6190 4130
4310 1370 6170 4130
4320 1370 6120 4120
4320 1360 6190 4120
4320 1360 6130 4110
4310 1350 6170 4120
4300 1350 6170 4120
4300 1350 6120 4130
4310 1340 6170 4120
4300 1340 6130 4120
4310 1340 6150 4120
4300 1340 6190 4120
4310 1350 6170 4120
4300 1350 6150 4120
4300 1350 6140 4110
4300 1340 6200 4120
4300 1340 6170 4120
4310 1350 6190 4120
4300 1340 6170 4120
4300 1330 6140 4120
4290 1350 6140 4120
4300 1360 6140 4120
4310 1340 6140 4130
4310 1330 6140 4130
4310 1340 6130 4130
4320 1330 6140 4130
4320 1330 6160 4130
4310 1330 6110 4130
4310 1330 6130 4130
4300 1330 6170 4130
4330 1320 6140 4120
4320 1340 6180 4120
4320 1330 6140 4130
4320 1330 6180 4130
4320 1350 6120 4120
4320 1350 6140 4120
4320 1360 6160 4120
4320 1340 6130 4120
4320 1340 6150 4110
4320 1350 6190 4120
4310 1340 6150 4110
4310 1340 6190 4110
4310 1340 6130 4120
4310 1340 6130 4120
4320 1340 6130 4120
4320 1350 6130 4120
4320 1330 6120 4120
4320 1330 6170 4130
4320 1330 6140 4130
4320 1340 6120 4130
4320 1330 6110 4130
4320 1330 6140 4130
4320 1340 6130 4130
4320 1340 6130 4130
4310 1350 6170 4130
4300 1360 6170 4130
4310 1360 6130 4130
4320 1350 6120 4140
4330 1350 6140 4130
4330 1350 6120 4140
4330 1350 6140 4130
4320 1340 6120 4140
