4200 1050 6020 4650
4190 1050 6010 4650
4180 1050 6010 4650
4180 1050 6000 4660
4180 1050 6000 4660
4180 1050 6000 4660
4180 1050 6000 4660
4170 1050 6010 4650
4190 1040 6010 4650
4200 1040 6010 4650
4220 1050 6010 4650
4290 1060 6020 4650
4250 1060 6020 4650
4240 1050 6010 4650
4240 1060 6000 4650
4250 1060 6010 4650
4300 1060 6000 4650
4310 1060 6000 4650
4250 1070 6000 4650
4240 1060 6000 4650
4230 1060 6000 4650
4240 1050 6020 4650
4270 1050 6020 4650
4310 1050 6020 4660
4370 1050 6030 4660
4370 1050 6020 4660
4330 1050 6020 4650
4310 1060 6020 4650
4300 1060 6020 4650
4260 1060 6020 4650
4240 1060 6020 4640
4270 1060 6010 4640
4290 1060 6020 4640
4360 1050 6020 4650
4380 1050 6020 4650
4370 1050 6010 4640
4350 1050 6010 4640
4350 1050 6010 4650
4370 1050 6010 4650
4370 1050 6010 4650
4360 1050 6020 4650
4370 1050 6020 4650
4360 1060 6010 4650
4350 1070 6010 4650
4330 1060 6010 4650
4310 1060 6010 4650
4300 1060 6020 4650
4320 1060 6020 4650
4290 1060 6020 4650
4250 1070 6020 4650
4240 1060 6020 4650
4220 1060 6030 4650
4200 1060 6030 4650
4210 1060 6030 4650
4320 1070 6020 4650
4270 1070 6010 4650
4390 1060 6020 4650
4340 1060 6030 4650
4290 1060 6020 4650
4260 1060 6020 4650
4270 1060 6010 4650
4270 1060 6010 4650
4270 1060 6010 4650
4290 1060 6010 4650
4300 1060 6010 4650
4310 1060 6010 4650
4310 1050 6010 4650
4310 1040 6020 4650
4320 1050 6020 4650
4340 1050 6020 4650
4350 1050 6030 4650
4340 1050 6030 4650
4380 1050 6010 4650
4390 1060 6010 4650
4400 1060 6010 4660
4410 1050 6000 4660
4430 1050 6020 4660
4430 1050 6020 4660
4420 1050 6020 4660
4400 1050 6010 4650
4390 1050 6010 4650
4390 1050 6010 4650
4400 1050 6000 4650
4400 1040 6020 4650
4400 1040 6010 4650
4410 1040 6010 4650
4390 1050 6010 4640
4370 1050 6000 4640
4350 1060 6000 4650
4330 1050 6010 4660
4320 1050 6020 4660
4320 1050 6010 4660
4340 1050 6010 4660
4340 1050 6020 4670
4320 1050 6010 4660
4290 1050 6010 4660
4270 1050 6020 4660
4290 1050 6020 4670
4300 1050 6030 4670
4310 1050 6030 4660
4320 1050 6020 4650
4320 1050 6020 4650
4330 1050 6030 4650
4350 1050 6030 4650
4350 1050 6030 4650
4350 1050 6030 4650
4350 1050 6030 4650
4340 1060 6040 4650
4330 1060 6020 4650
4350 1060 6020 4650
4370 1060 6000 4650
4360 1070 6010 4650
4340 1060 6010 4650
4340 1060 6010 4650
4330 1060 6010 4650
4330 1060 6000 4650
4330 1070 6010 4650
4330 1060 6010 4650
4140 1350 6020 4650
4150 1470 6020 4660
4140 1600 6030 4660
4140 1600 6030 4660
4140 1430 6030 4660
4140 1410 6030 4670
4140 1400 6030 4660
4140 1500 6020 4660
4130 1450 6020 4660
4120 1420 6020 4660
4130 1390 6020 4670
4130 1680 6030 4660
4130 1760 6040 4650
4140 1610 6040 4650
4140 1520 6040 4650
4140 1440 6030 4650
4140 1410 6030 4650
4130 1640 6030 4660
4130 1540 6030 4660
4130 1450 6030 4660
4140 1630 6020 4660
4130 1730 6030 4660
4130 1830 6040 4660
4140 1890 6040 4660
4130 1950 6030 4660
4130 1960 6020 4660
4130 1930 6020 4650
4140 1890 6030 4650
4140 1800 6030 4650
4140 1800 6040 4650
4140 1770 6040 4650
4140 1720 6030 4650
4140 1690 6030 4640
4140 1660 6040 4650
4150 1640 6030 4650
4150 1590 6020 4650
4150 1560 6010 4660
4150 1530 6000 4660
4150 1420 6000 4650
4150 1360 6000 4660
4140 1360 6000 4660
4140 1350 6000 4650
4140 1340 6010 4650
4140 1340 6020 4650
4130 1430 6010 4650
4130 1450 6030 4650
4140 1450 6030 4660
4130 1490 6030 4650
4140 1440 6030 4650
4140 1600 6030 4650
4140 1670 6030 4660
4130 1690 6020 4650
4130 1700 6020 4670
4120 1710 6010 4660
4120 1730 6010 4660
4130 1720 6030 4670
4120 1740 6030 4660
4130 1780 6030 4660
4120 1690 6020 4660
4130 1660 6020 4650
4140 1530 6020 4650
4130 1450 6010 4650
4130 1490 6010 4650
4130 1440 6020 4650
4130 1380 6010 4650
4140 1410 6010 4640
4130 1500 6020 4640
4130 1520 6020 4640
4130 1550 6020 4640
4130 1570 6020 4650
4130 1560 6020 4650
4130 1580 6020 4660
4130 1590 6020 4660
4130 1580 6040 4660
4130 1580 6040 4650
4120 1640 6030 4650
4120 1660 6030 4650
4130 1640 6020 4650
4130 1620 6020 4650
4130 1620 6010 4650
4140 1630 6020 4660
4130 1640 6010 4660
4130 1620 6010 4660
4130 1620 6020 4650
4140 1610 6030 4660
4140 1600 6020 4660
4140 1470 6020 4660
4140 1580 6020 4660
4130 1490 6010 4660
4130 1440 6010 4660
4150 1580 6010 4650
4140 1770 6010 4660
4130 1650 6010 4650
4130 1630 6010 4650
4130 1600 6010 4650
4140 1520 6010 4650
4140 1730 6010 4650
4130 1680 6000 4640
4130 1540 6030 4660
4130 1520 6030 4650
4130 1540 6020 4650
