4620 890 6360 4510
4620 930 6350 4510
4640 940 6350 4510
4630 1240 6350 4510
4630 1360 6340 4500
4620 1460 6340 4500
4610 1370 6340 4500
4620 1510 6330 4500
4640 1490 6340 4500
4640 1450 6340 4490
4630 1430 6340 4500
4630 1460 6340 4500
4630 1450 6330 4500
4630 1420 6340 4510
4630 1390 6350 4520
4630 1360 6350 4520
4630 1340 6350 4520
4630 1330 6340 4520
4630 1330 6340 4520
4640 1330 6330 4500
4640 1320 6330 4500
4650 1300 6340 4500
4630 1250 6340 4490
4620 1220 6340 4500
4630 1190 6330 4500
4630 1160 6330 4500
4620 1190 6330 4510
4640 1200 6340 4510
4650 1210 6340 4500
4640 1220 6340 4490
4640 1210 6330 4500
4640 1200 6320 4500
4640 1250 6330 4510
4640 1320 6340 4510
4640 1240 6340 4500
4640 1200 6340 4490
4620 1140 6330 4480
4620 1290 6330 4480
4620 1130 6340 4480
4630 1160 6350 4490
4630 1150 6340 4500
4630 1120 6330 4500
4640 1190 6340 4500
4630 1230 6350 4500
4630 1280 6350 4510
4630 1330 6350 4510
4620 1390 6350 4500
4620 1400 6330 4500
4610 1370 6320 4510
4610 1340 6320 4510
4620 1320 6320 4510
4620 1260 6330 4510
4620 1190 6320 4510
4620 1160 6330 4520
4610 1160 6340 4530
4610 1150 6330 4520
4630 1160 6330 4520
4620 1150 6330 4520
4620 1140 6340 4510
4620 1190 6330 4510
4620 1260 6330 4510
4620 1310 6330 4510
4630 1260 6320 4500
4640 1220 6330 4490
4640 1200 6340 4490
4640 1140 6340 4500
4640 1150 6340 4490
4640 1180 6340 4490
4630 1180 6340 4500
4630 1140 6340 4500
4640 1130 6330 4500
4630 1130 6320 4500
4630 1150 6330 4500
4620 1160 6340 4500
4640 1180 6340 4500
4640 1180 6330 4500
4640 1180 6340 4500
4660 1160 6340 4500
4670 1150 6340 4510
4660 1150 6340 4510
4650 1180 6350 4500
4650 1180 6340 4500
4630 1220 6330 4510
4630 1230 6330 4510
4640 1250 6330 4500
4640 1240 6330 4510
4640 1240 6330 4500
4640 1250 6330 4500
4650 1270 6330 4510
4630 1280 6340 4510
4620 1260 6340 4520
4630 1240 6340 4510
4630 1210 6330 4510
4640 1190 6330 4520
4640 1180 6330 4520
4640 1200 6330 4520
4640 1220 6330 4520
4630 1210 6330 4520
4630 1220 6330 4500
4630 1220 6330 4510
4620 1250 6340 4510
4620 1280 6340 4510
4630 1250 6330 4500
4630 1220 6340 4500
4620 1240 6330 4510
4630 1260 6330 4510
4630 1250 6340 4510
4630 1260 6340 4520
4630 1270 6330 4510
4640 1230 6320 4510
4630 1180 6330 4510
4630 1130 6340 4510
4620 1150 6340 4500
4630 1150 6330 4500
4630 1180 6340 4510
4630 1210 6340 4510
4630 1190 6330 4500
4650 1180 6340 4500
4650 1250 6340 4510
4640 1310 6330 4510
4640 1330 6340 4510
4630 1300 6340 4510
4630 1230 6340 4510
4640 1210 6340 4510
4630 1210 6340 4520
4630 1200 6350 4510
4640 1190 6350 4500
4640 1150 6340 4500
4640 1110 6340 4500
4640 1080 6330 4500
4650 1050 6340 4500
4650 1050 6340 4500
4640 1090 6330 4500
4630 1160 6330 4500
4630 1200 6340 4500
4630 1200 6350 4510
4630 1180 6340 4510
4630 1320 6340 4500
4620 680 6360 4660
4620 690 6350 4650
4620 690 6350 4640
4610 680 6360 4640
4610 670 6360 4640
4620 670 6350 4630
4610 660 6350 4640
4610 660 6350 4640
4620 680 6340 4640
4640 690 6340 4640
4620 690 6340 4650
4620 690 6340 4640
4630 690 6340 4650
4620 700 6340 4650
4620 700 6340 4640
4630 690 6330 4630
4620 680 6330 4630
4610 690 6340 4630
4610 690 6340 4620
4630 680 6350 4620
4620 670 6350 4630
4620 670 6350 4630
4630 670 6350 4640
4640 670 6350 4670
4630 680 6360 4680
4640 680 6360 4700
4640 680 6360 4630
4630 680 6360 4780
4610 680 6340 4890
4610 670 6360 4950
4600 670 6360 4870
4630 670 6360 4800
4630 670 6350 4750
4620 670 6360 4720
4610 670 6360 4690
4610 670 6360 4680
4610 670 6360 4670
4620 680 6360 4650
4630 680 6350 4630
4630 680 6340 4610
4640 690 6340 4610
4630 680 6340 4600
4630 680 6350 4610
4610 670 6340 4730
4600 690 6340 4870
4620 690 6340 4890
4630 690 6350 4910
4630 680 6350 4930
4630 690 6350 4940
4610 680 6330 4930
4610 690 6330 4920
4620 670 6340 4910
4610 670 6340 4880
4610 680 6350 4850
4610 680 6350 4780
4610 680 6350 4760
4610 680 6340 4730
4610 680 6340 4700
4640 670 6340 4680
4640 680 6340 4680
4650 680 6330 4670
4640 690 6320 4660
4630 690 6330 4670
4630 690 6330 4680
4630 680 6330 4680
4630 690 6330 4650
4630 690 6330 4620
4630 680 6340 4600
4630 680 6340 4600
4630 680 6340 4610
4620 680 6330 4610
4620 680 6330 4620
4630 680 6340 4620
4620 670 6330 4610
4630 680 6320 4630
4630 670 6320 4620
4620 670 6330 4610
4620 680 6330 4610
4630 680 6340 4580
4640 680 6320 4580
4630 670 6320 4580
4620 670 6310 4570
4620 670 6330 4550
4610 670 6330 4540
4630 660 6330 4540
4630 680 6340 4560
4630 680 6340 4560
4630 680 6330 4570
4630 680 6330 4610
4630 680 6340 4620
4630 700 6330 4620
4630 690 6330 4610
4630 690 6340 4610
4610 690 6330 4610
