4730 1060 6290 4070
4740 1080 6410 4070
4740 1060 6410 4070
4740 1050 6300 4080
4730 1050 6300 4080
4740 1070 6340 4080
4740 1060 6270 4080
4740 1070 6240 4080
4730 1070 6260 4070
4730 1070 6230 4070
4730 1080 6230 4070
4710 1070 6200 4070
4710 1080 6210 4070
4730 1080 6200 4070
4730 1070 6210 4060
4730 1070 6260 4070
4740 1050 6300 4070
4740 1050 6300 4070
4740 1070 6290 4070
4750 1080 6230 4060
4750 1080 6230 4060
4740 1070 6320 4060
4720 1070 6330 4060
4730 1070 6330 4060
4730 1060 6360 4060
4730 1060 6390 4070
4730 1080 6400 4070
4730 1080 6390 4080
4720 1080 6400 4070
4710 1070 6390 4070
4710 1040 6390 4070
4720 1060 6370 4070
4710 1070 6370 4080
4710 1070 6370 4080
4710 1070 6340 4070
4710 1080 6290 4070
4720 1070 6240 4070
4710 1070 6230 4060
4710 1080 6210 4060
4710 1070 6210 4070
4720 1070 6220 4070
4720 1070 6220 4070
4710 1060 6180 4070
4710 1060 6180 4070
4720 1080 6190 4070
4710 1060 6240 4070
4710 1060 6270 4070
4710 1080 6310 4070
4720 1080 6350 4070
4720 1080 6350 4070
4730 1060 6350 4070
4740 1040 6340 4070
4740 1050 6340 4070
4740 1050 6340 4070
4730 1050 6330 4070
4720 1060 6330 4070
4700 1060 6330 4070
4710 1050 6330 4070
4710 1070 6330 4070
4700 1070 6320 4060
4700 1070 6320 4060
4710 1070 6310 4070
4710 1060 6290 4070
4700 1070 6280 4070
4700 1060 6270 4070
4710 1070 6270 4070
4720 1060 6250 4070
4730 1060 6220 4070
4730 1060 6180 4070
4730 1060 6160 4070
4710 1070 6130 4070
4700 1050 6120 4070
4710 1050 6110 4080
4710 1060 6100 4080
4710 1060 6100 4080
4720 1050 6100 4080
4730 1060 6120 4080
4720 1060 6170 4080
4710 1070 6200 4080
4720 1080 6230 4080
4720 1060 6250 4070
4720 1080 6270 4070
4730 1080 6280 4070
4720 1070 6280 4070
4710 1080 6280 4070
4710 1080 6300 4070
4710 1060 6300 4080
4720 1060 6300 4080
4720 1060 6300 4080
4720 1070 6300 4080
4720 1060 6300 4070
4730 1050 6300 4060
4720 1070 6310 4060
4720 1050 6310 4060
4710 1060 6290 4060
4720 1080 6280 4060
4710 1070 6280 4060
4710 1060 6280 4070
4690 1080 6280 4070
4700 1080 6280 4070
4690 1060 6280 4070
4700 1070 6280 4070
4680 1050 6280 4060
4720 1090 5980 4170
4720 1100 5980 4210
4720 1100 5980 4240
4720 1100 5980 4390
4720 1070 5980 4400
4730 1070 5970 4360
4730 1080 5980 4460
4730 1080 5980 4210
4720 1070 5990 4170
4730 1080 5990 4120
4730 1070 5990 4020
4730 1060 5980 4020
4730 1060 5970 4200
4730 1060 5970 4290
4730 1070 5980 4340
4730 1060 5980 4400
4720 1060 5980 4330
4710 1070 5980 4320
4720 1060 5980 4320
4720 1060 5990 4340
4720 1060 5990 4390
4720 1070 5980 4370
4710 1080 5980 4460
4730 1080 5980 4510
4720 1060 5980 4530
4720 1060 5980 4540
4720 1070 5990 4520
4720 1080 6000 4500
4710 1080 5980 4480
4710 1080 5980 4480
4720 1080 5980 4500
4710 1080 5980 4530
4700 1080 5980 4560
4700 1060 5980 4580
4710 1070 5990 4570
4710 1080 6000 4570
4710 1080 6000 4460
4710 1090 6000 4370
4710 1080 6000 4310
4710 1080 5990 4290
4720 1070 5980 4260
4710 1070 5990 4250
4710 1080 5990 4220
4700 1070 5990 4230
4700 1070 5990 4250
4720 1080 5990 4260
4730 1080 5980 4270
4720 1070 5980 4290
4720 1070 5970 4310
4710 1080 5970 4330
4720 1070 5970 4360
4720 1080 5970 4390
4730 1090 5980 4430
4720 1090 5980 4470
4710 1080 5970 4510
4700 1080 5970 4540
4710 1080 5980 4510
4720 1080 5980 4470
4710 1080 5980 4440
4710 1080 5970 4410
4720 1080 5970 4400
4730 1080 5970 4390
4730 1070 5970 4370
4730 1080 5970 4360
4720 1070 5970 4370
4730 1080 5970 4400
4720 1080 5980 4430
4710 1070 5980 4450
4700 1060 5980 4450
4720 1070 5980 4450
4720 1060 5980 4440
4710 1060 5980 4430
4730 1060 5970 4430
4750 1060 5980 4440
4740 1060 5970 4470
4740 1060 5970 4480
4750 1060 5980 4460
4720 1050 5980 4450
4740 1060 5980 4450
4740 1070 5980 4430
4710 1050 5980 4420
4710 1050 5980 4410
4720 1050 5980 4390
4720 1060 5990 4390
4730 1070 6000 4390
4720 1080 6000 4390
4710 1090 5990 4400
4710 1090 5990 4410
4710 1090 5990 4430
4710 1070 5980 4430
4720 1060 5980 4450
4710 1070 5980 4450
4700 1060 5980 4450
4710 1060 5980 4450
4710 1080 5980 4440
4720 1060 5980 4420
4730 1080 5980 4400
4730 1100 5980 4380
4730 1100 5980 4370
4720 1090 5980 4380
4720 1080 5980 4390
4720 1080 5970 4420
4710 1070 5970 4420
4730 1060 5980 4420
4740 1060 5980 4420
4730 1060 5970 4420
4740 1060 5960 4430
