5070 1540 5680 3540
5180 1530 5670 3540
5080 1540 5670 3540
5100 1560 5680 3550
5120 1560 5670 3550
5130 1560 5680 3550
5160 1570 5670 3550
5200 1560 5680 3550
5240 1530 5680 3550
5180 1520 5680 3550
5240 1530 5680 3550
5140 1540 5660 3550
5010 1540 5670 3550
5000 1550 5670 3550
5080 1560 5680 3550
5130 1560 5670 3550
5120 1570 5680 3550
5280 1560 5670 3560
5290 1570 5670 3560
5300 1550 5690 3560
5170 1550 5680 3550
5130 1530 5680 3550
5130 1520 5680 3550
5140 1540 5670 3550
5160 1540 5690 3540
5210 1530 5690 3550
5250 1540 5680 3550
5280 1560 5670 3550
5290 1560 5680 3550
5310 1540 5690 3550
5320 1530 5700 3550
5320 1540 5700 3550
5320 1540 5690 3540
5320 1540 5680 3540
5320 1540 5680 3540
5320 1550 5680 3540
5360 1540 5680 3550
5390 1550 5690 3540
5420 1560 5690 3540
5410 1560 5680 3540
5400 1550 5680 3540
5370 1540 5680 3540
5370 1540 5680 3540
5370 1520 5690 3540
5370 1530 5700 3550
5360 1550 5700 3550
5370 1530 5700 3550
5400 1540 5700 3550
5420 1560 5700 3550
5430 1530 5670 3540
5410 1540 5680 3530
5410 1560 5680 3520
5410 1520 5670 3540
5380 1520 5680 3540
5380 1530 5670 3540
5380 1550 5670 3540
5380 1530 5680 3540
5380 1540 5670 3540
5380 1530 5670 3540
5380 1530 5680 3540
5360 1520 5680 3540
5350 1520 5690 3540
5270 1520 5680 3550
5330 1530 5670 3550
5340 1550 5670 3550
5420 1530 5670 3550
5470 1550 5680 3550
5470 1540 5690 3540
5440 1550 5680 3540
5430 1540 5680 3550
5440 1520 5670 3550
5420 1520 5670 3540
5430 1520 5670 3540
5440 1520 5650 3540
5440 1540 5660 3540
5440 1540 5670 3540
5440 1540 5680 3540
5420 1550 5670 3550
5420 1560 5660 3550
5420 1550 5680 3550
5430 1540 5680 3550
5460 1530 5680 3550
5480 1530 5680 3550
5520 1530 5680 3550
5550 1540 5670 3550
5570 1550 5670 3550
5580 1540 5660 3550
5590 1540 5660 3550
5590 1550 5660 3550
5560 1540 5670 3550
5500 1530 5670 3550
5470 1530 5670 3550
5460 1530 5670 3550
5410 1520 5670 3550
5380 1520 5670 3550
5360 1540 5670 3550
5390 1550 5670 3550
5420 1540 5670 3550
5460 1520 5670 3550
5450 1540 5680 3550
5430 1520 5690 3550
5390 1530 5690 3550
5430 1540 5690 3550
5400 1540 5690 3550
5400 1540 5690 3550
5380 1540 5700 3550
5360 1530 5710 3550
5330 1530 5690 3550
5320 1530 5680 3550
5320 1520 5690 3550
5330 1510 5700 3550
5350 1530 5690 3550
5370 1530 5680 3550
5420 1540 5680 3550
5450 1520 5680 3550
4880 1540 5900 3530
4880 1530 5940 3540
4880 1540 6060 3530
4880 1540 6070 3540
4880 1540 6130 3540
4880 1540 6070 3530
4880 1550 6100 3530
4880 1570 6130 3540
4880 1570 6130 3540
4870 1570 6180 3540
4870 1570 6240 3550
4880 1540 6300 3550
4870 1540 6320 3550
4870 1540 6300 3550
4860 1530 6290 3540
4880 1550 6310 3540
4890 1540 6230 3540
4890 1540 6280 3540
4890 1550 6340 3550
4890 1560 6370 3550
4890 1560 6390 3550
4890 1540 6330 3540
4890 1530 6240 3540
4890 1530 6190 3540
4890 1530 6120 3540
4880 1560 6010 3540
4910 1550 5930 3540
4890 1550 6050 3540
4890 1550 5880 3550
4890 1530 5860 3550
4890 1530 5800 3550
4890 1540 5910 3550
4890 1540 6080 3550
4880 1560 6130 3550
4880 1560 6220 3550
4890 1560 6330 3540
4890 1550 6360 3530
4890 1550 6380 3540
4890 1550 6410 3540
4890 1550 6430 3540
4890 1560 6430 3540
4890 1570 6440 3540
4890 1550 6440 3540
4890 1540 6440 3540
4880 1540 6440 3550
4880 1550 6440 3550
4870 1560 6470 3550
4880 1550 6490 3550
4880 1540 6490 3550
4870 1530 6490 3540
4880 1530 6490 3540
4870 1530 6490 3540
4880 1520 6490 3540
4880 1530 6490 3540
4880 1530 6490 3540
4880 1520 6480 3530
4880 1530 6480 3540
4880 1540 6500 3540
4880 1540 6370 3540
4880 1550 6420 3550
4880 1570 6360 3540
4870 1560 6180 3540
4860 1550 6040 3550
4870 1550 5960 3550
4860 1550 5910 3550
4860 1560 5990 3550
4860 1570 5910 3550
4870 1560 6100 3550
4870 1560 6100 3540
4860 1550 6100 3540
4870 1560 6110 3550
4860 1550 6190 3540
4870 1550 6280 3540
4860 1550 6250 3540
4860 1530 6120 3540
4850 1520 6030 3530
4870 1510 5930 3540
4890 1520 6180 3540
4890 1520 6280 3540
4880 1520 6350 3540
4880 1520 6180 3540
4880 1530 6050 3540
4880 1550 5970 3530
4880 1560 5910 3520
4880 1560 5880 3520
4880 1560 5970 3520
4880 1540 5950 3530
4880 1520 6020 3530
4890 1520 5940 3540
4890 1520 5880 3540
4890 1510 5850 3550
4890 1510 5820 3550
4890 1510 5800 3550
4890 1520 5790 3550
4910 1510 5770 3550
4910 1540 5760 3540
4890 1540 5880 3540
4910 1550 5820 3540
4910 1550 5790 3540
4940 1550 5790 3540
4920 1550 5770 3540
4910 1540 6040 3540
