5110 2190 5390 3010
5110 2220 5400 3020
5130 2220 5400 3020
5140 2220 5410 3020
5120 2210 5400 3030
5130 2190 5400 3030
5120 2210 5400 3020
5120 2190 5400 3020
5110 2200 5400 3030
5100 2210 5400 3030
5100 2220 5400 3030
5100 2220 5400 3050
5100 2210 5400 3020
5120 2190 5400 3050
5140 2190 5400 3020
5140 2210 5410 3010
5120 2210 5400 3010
5130 2250 5410 3010
5120 2220 5410 3010
5110 2200 5390 3020
5110 2270 5390 3020
5110 2290 5390 3030
5100 2290 5390 3020
5090 2330 5390 3020
5090 2340 5390 3010
5100 2330 5390 3000
5100 2310 5390 3010
5100 2330 5390 3010
5100 2350 5390 3010
5100 2360 5390 3020
5120 2360 5390 3020
5100 2340 5400 3020
5100 2330 5400 3020
5080 2310 5400 3010
5080 2310 5410 3010
5100 2330 5410 3020
5120 2330 5410 3020
5100 2340 5410 3020
5090 2360 5400 3020
5100 2390 5400 3020
5100 2430 5400 3020
5100 2440 5420 3020
5100 2430 5410 3020
5090 2420 5410 3020
5100 2400 5400 3020
5110 2380 5400 3010
5090 2350 5400 3010
5090 2350 5400 3020
5100 2350 5400 3030
5100 2330 5390 3030
5090 2320 5400 3010
5100 2330 5410 3010
5110 2320 5400 3010
5100 2330 5400 3000
5090 2330 5400 3000
5090 2330 5410 3010
5120 2520 5380 3010
5130 2520 5380 3020
5110 2520 5390 3020
5120 2520 5390 3010
5110 2520 5390 3010
5120 2530 5390 3020
5110 2540 5400 3020
5110 2550 5400 3010
5100 2550 5400 3010
5100 2550 5390 3010
5110 2550 5390 3020
5110 2550 5390 3020
5100 2560 5400 3020
5090 2540 5410 3020
5100 2540 5410 3020
5090 2550 5400 3020
5110 2530 5400 3020
5120 2510 5400 3020
5110 2450 5410 3020
5100 2460 5410 3030
5090 2460 5400 3030
5090 2500 5380 3010
5110 2520 5400 3020
5120 2580 5400 3030
5120 2560 5410 3020
5120 2560 5410 3020
5120 2560 5410 3020
5120 2570 5420 3020
5130 2570 5410 3020
5130 2570 5420 3020
5130 2570 5410 3020
5120 2580 5410 3010
5120 2600 5410 3030
5120 2580 5410 3030
5120 2550 5420 3030
5120 2510 5410 3030
5120 2480 5400 3030
5110 2460 5400 3020
5100 2470 5400 3030
5090 2510 5400 3050
5100 2530 5400 3050
5110 2560 5400 3050
5130 2620 5400 3030
5120 2650 5400 3020
5100 2550 5400 3020
5100 2510 5400 3020
5110 2530 5410 3020
5110 2530 5400 3010
5120 2560 5400 3020
5120 2570 5390 3030
5110 2560 5390 3050
5110 2550 5390 3050
5120 2560 5390 3050
5100 2000 5460 3010
5080 2010 5570 3000
5090 2010 5590 3000
5100 2000 5600 3010
5100 1990 5640 3010
5100 1980 5730 3010
5100 1990 5810 3010
5120 1990 5860 3010
5120 1990 5770 3010
5110 1990 5790 3010
5110 1990 5760 3010
5100 2000 5820 3010
5130 2000 5810 3010
5130 2010 5830 3010
5130 2010 5900 3020
5120 2000 5960 3020
5110 2000 5950 3010
5110 1990 5940 3010
5110 1990 5940 3010
5110 1980 5930 3010
5100 1980 5900 3020
5110 1990 5890 3020
5110 1990 5900 3020
5120 1990 5920 3020
5120 2000 5920 3020
5130 1990 5920 3020
5140 1990 5920 3020
5100 2000 5960 3020
5100 1990 5980 3020
5090 2000 6000 3010
5090 2000 6020 3010
5090 2010 6050 3010
5090 2000 6060 3000
5100 1990 6070 3000
5100 1990 6090 3010
5110 1990 6090 3020
5110 2000 6090 3030
5100 2000 6100 3030
5100 2000 6100 3020
5110 2000 6100 3020
5100 1990 6100 3020
5100 1980 6100 3020
5100 1980 6090 3020
5100 1980 6090 3030
5100 1980 6090 3030
5110 1970 6090 3020
5110 1970 6090 3020
5100 1990 6100 3020
5110 1990 6020 3030
5110 1990 6040 3020
5110 2000 6080 3020
5120 1990 6060 3020
5110 1990 6080 3020
5100 1990 6070 3020
5100 2000 6060 3000
5100 2000 6050 3010
5100 2000 6050 3020
5090 2010 6060 3020
5110 2000 6060 3020
5100 2010 6060 3020
5110 2000 6060 3030
5110 2000 6090 3000
5100 2010 6120 3010
5090 2000 5980 3010
5090 1990 5830 3020
5090 1980 5730 3020
5100 1990 5670 3030
5090 2010 5590 3030
5110 2000 5770 3030
5100 1990 5890 3020
5100 1990 5980 3020
5100 2000 6040 3010
5130 2010 6080 3020
5130 2000 6120 3020
5130 2000 6120 3020
5120 1990 6130 3020
5120 1990 6160 3020
5120 2000 6170 3010
5130 1990 6170 3020
5130 1990 6160 3020
5120 1990 6140 3020
5120 2000 6130 3010
5120 2000 6130 3010
5120 2010 6120 3020
5110 2000 6120 3030
5100 2000 6110 3030
5100 1990 6120 3010
5100 1990 6010 3010
5100 1980 6010 3010
5100 1970 6030 3020
5110 1970 6030 3020
5110 1970 6030 3030
5120 1970 6040 3030
5120 1990 6050 3030
5120 2000 6050 3020
5110 2010 6050 3020
5130 2010 6060 3020
5120 2010 6060 3020
5110 2000 6060 3020
