3570 3960 3300 3860
3560 3950 3300 3860
3600 3950 3300 3850
3560 3950 3300 3850
3620 3950 3300 3860
3590 3960 3300 3870
3600 3960 3300 3880
3600 3960 3290 3880
3600 3980 3290 3880
3620 3960 3290 3890
3640 3960 3290 3890
3620 3960 3290 3900
3640 3950 3290 3900
3570 3960 3280 3890
3590 3960 3280 3880
3630 3980 3280 3890
3580 3960 3290 3880
3600 3950 3290 3880
3630 3950 3290 3870
3630 3960 3290 3860
3640 3950 3290 3870
3640 3950 3290 3860
3600 3950 3290 3860
3620 3950 3290 3860
3580 3950 3300 3860
3590 3940 3300 3870
3600 3940 3300 3870
3620 3930 3300 3870
3570 3930 3300 3870
3630 3930 3300 3870
3640 3950 3300 3870
3580 3940 3300 3880
3640 3940 3300 3890
3650 3940 3290 3890
3660 3950 3290 3900
3600 3960 3300 3900
3610 3960 3300 3900
3640 3960 3300 3900
3570 3960 3300 3890
3580 3980 3300 3880
3620 3980 3300 3870
3570 3960 3300 3880
3560 3960 3300 3890
3600 3960 3290 3900
3610 3960 3280 3890
3590 3960 3280 3880
3590 3950 3280 3870
3600 3940 3280 3870
3570 3940 3280 3860
3630 3930 3280 3870
3600 3930 3280 3860
3570 3940 3290 3860
3590 3940 3290 3880
3620 3940 3300 3890
3570 3950 3300 3890
3590 3950 3300 3880
3590 3960 3300 3890
3610 3960 3300 3890
3570 3960 3290 3870
3580 3960 3290 3880
3570 3960 3280 3870
3570 3980 3290 3860
3630 3980 3290 3850
3630 3980 3290 3870
3630 3980 3290 3870
3580 3940 3290 3880
3560 3950 3290 3870
3610 3960 3280 3880
3590 3960 3270 3870
3580 3980 3270 3870
3570 3980 3280 3870
3590 3960 3290 3870
3580 3960 3300 3880
3580 3960 3290 3870
3610 3950 3280 3870
3570 3950 3290 3870
3630 3960 3290 3870
3570 3960 3290 3860
3610 3960 3280 3860
3630 3960 3280 3860
3600 3950 3290 3870
3570 3950 3290 3860
3630 3950 3280 3860
3580 3960 3290 3870
3630 3960 3290 3880
3610 3950 3290 3890
3630 3950 3300 3880
3590 3960 3300 3870
3620 3950 3290 3870
3640 3950 3290 3870
3640 3960 3290 3860
3600 3980 3290 3860
3120 3960 3760 3850
3130 3960 3740 3860
3130 3960 3780 3860
3120 3950 3800 3860
3120 3960 3760 3860
3130 3960 3760 3870
3120 3960 3740 3870
3120 3980 3730 3870
3110 3960 3760 3870
3100 3950 3740 3870
3090 3960 3740 3870
3090 3950 3750 3860
3080 3950 3740 3870
3080 3950 3770 3860
3100 3950 3810 3870
3100 3960 3810 3870
3100 3960 3790 3880
3110 3960 3790 3870
3110 3960 3750 3870
3110 3960 3760 3880
3110 3950 3780 3860
3110 3940 3750 3850
3090 3950 3750 3850
3090 3950 3750 3860
3090 3950 3770 3850
3080 3960 3820 3860
3090 3960 3770 3870
3090 3960 3750 3860
3080 3950 3810 3880
3080 3950 3810 3880
3090 3960 3770 3870
3100 3960 3790 3870
3110 3960 3780 3880
3110 3960 3800 3870
3090 3960 3770 3870
3090 3960 3820 3890
3100 3960 3750 3880
3110 3960 3810 3870
3130 3930 3770 3870
3110 3920 3800 3860
3120 3920 3790 3860
3120 3920 3770 3860
3120 3930 3760 3860
3130 3930 3780 3860
3130 3940 3820 3880
3130 3940 3800 3880
3120 3940 3810 3860
3110 3960 3770 3870
3110 3960 3810 3870
3120 3960 3760 3860
3110 3960 3770 3870
3110 3960 3810 3860
3110 3980 3740 3860
3090 3990 3730 3870
3100 3990 3750 3860
3100 3960 3790 3860
3120 3960 3750 3870
3110 3960 3740 3870
3110 3960 3760 3870
3120 3960 3750 3860
3120 3960 3770 3870
3110 3990 3780 3870
3110 3980 3780 3860
3110 3960 3740 3880
3110 3950 3790 3880
3110 3960 3770 3870
3110 3960 3790 3860
3110 3980 3760 3860
3110 3980 3810 3850
3110 3980 3790 3860
3120 3960 3820 3870
3120 3960 3820 3890
3100 3950 3800 3870
3100 3950 3820 3870
3080 3940 3790 3880
3080 3940 3770 3870
3070 3950 3760 3870
3080 3960 3740 3870
3080 3980 3760 3870
3080 3980 3740 3870
3090 3990 3770 3870
3100 3960 3770 3860
3110 3950 3790 3860
3120 3950 3810 3860
3110 3940 3820 3860
3120 3940 3760 3860
3120 3940 3790 3870
3120 3940 3780 3870
3110 3940 3760 3890
3110 3950 3740 3880
3110 3950 3760 3870
3110 3950 3800 3870
