5340 3050 5150 2550
5330 3010 5150 2550
5330 3000 5150 2550
5330 3020 5150 2550
5330 3030 5150 2550
5330 2990 5150 2550
5330 2980 5150 2550
5340 3020 5150 2550
5330 2980 5150 2550
5330 3040 5140 2560
5330 3040 5140 2560
5330 2990 5140 2560
5330 3020 5140 2560
5320 2970 5140 2570
5320 3010 5140 2560
5320 3030 5130 2550
5340 2990 5130 2550
5330 2980 5150 2550
5330 2980 5150 2550
5330 3040 5140 2550
5330 2970 5130 2550
5330 3030 5120 2550
5330 3020 5130 2560
5330 3040 5120 2560
5330 2970 5130 2560
5330 3010 5130 2550
5330 3000 5130 2550
5340 3010 5140 2550
5340 2970 5140 2550
5340 2970 5140 2560
5340 3010 5140 2570
5340 3030 5140 2560
5340 3030 5150 2550
5340 3000 5140 2550
5340 2970 5140 2540
5330 3040 5150 2550
5330 3000 5140 2550
5330 3000 5140 2550
5320 2970 5140 2550
5320 3020 5140 2560
5320 3000 5150 2570
5320 2990 5150 2570
5320 2970 5140 2570
5320 3000 5130 2570
5320 3000 5130 2570
5320 3010 5130 2570
5320 2980 5140 2570
5320 3020 5140 2560
5310 2970 5140 2560
5320 2990 5150 2560
5330 2990 5150 2560
5330 3020 5150 2550
5330 3040 5150 2560
5340 3030 5160 2550
5340 3010 5140 2550
5340 3020 5140 2560
5320 2980 5140 2560
5320 3010 5140 2560
5330 3000 5140 2560
5330 3030 5150 2560
5330 3030 5150 2560
5330 2990 5150 2560
5330 2990 5150 2560
5330 2980 5140 2560
5330 2970 5140 2560
5330 3050 5140 2560
5330 3040 5130 2570
5330 3030 5140 2550
5330 3040 5140 2550
5330 3020 5160 2560
5330 2980 5160 2550
5330 3000 5150 2550
5330 2980 5150 2550
5330 3000 5140 2550
5330 2980 5140 2550
5330 3020 5140 2550
5330 2990 5150 2550
5340 3040 5160 2550
5330 3000 5150 2550
5350 3000 5140 2540
5340 3030 5140 2550
5330 3060 5140 2550
5330 3060 5140 2560
5340 3060 5150 2560
5340 3000 5160 2550
5330 3060 5160 2560
5330 3040 5160 2560
5330 2990 5160 2560
5350 2990 5160 2560
5350 2970 5160 2550
5340 3020 5160 2550
5340 3010 5160 2550
5320 2990 5160 2550
5320 2520 5620 2560
5320 2520 5620 2570
5320 2520 5660 2570
5320 2510 5630 2570
5320 2500 5610 2570
5330 2510 5620 2560
5330 2510 5660 2570
5320 2520 5620 2560
5330 2540 5620 2550
5330 2530 5610 2550
5330 2530 5630 2550
5340 2530 5650 2550
5330 2520 5660 2550
5330 2520 5590 2550
5330 2520 5630 2540
5330 2530 5650 2540
5330 2520 5600 2560
5330 2520 5600 2560
5330 2520 5600 2560
5320 2510 5620 2560
5320 2510 5600 2550
5330 2520 5640 2550
5330 2510 5600 2540
5340 2530 5620 2540
5340 2530 5620 2560
5340 2520 5660 2550
5340 2510 5610 2570
5330 2520 5620 2560
5330 2520 5610 2550
5330 2520 5630 2550
5340 2510 5650 2550
5330 2510 5670 2540
5330 2520 5600 2540
5330 2520 5640 2540
5330 2530 5660 2550
5320 2530 5660 2550
5320 2530 5660 2550
5320 2520 5610 2550
5320 2520 5600 2550
5320 2530 5600 2550
5320 2520 5620 2550
5320 2530 5600 2550
5320 2520 5660 2550
5320 2520 5600 2550
5320 2530 5630 2550
5330 2530 5620 2550
5330 2520 5650 2540
5330 2510 5670 2540
5330 2500 5610 2540
5330 2500 5610 2550
5330 2500 5660 2550
5330 2530 5620 2560
5330 2520 5620 2560
5330 2520 5600 2560
5330 2510 5660 2550
5330 2520 5620 2550
5330 2510 5640 2550
5330 2520 5650 2560
5330 2520 5650 2560
5330 2520 5610 2560
5330 2530 5630 2560
5330 2520 5600 2560
5340 2520 5660 2560
5330 2500 5600 2560
5320 2500 5620 2560
5320 2520 5670 2550
5330 2510 5670 2550
5330 2510 5610 2560
5330 2510 5620 2560
5330 2510 5620 2560
5320 2500 5680 2560
5330 2500 5640 2560
5330 2520 5620 2560
5330 2520 5620 2560
5330 2520 5620 2560
5330 2530 5660 2570
5330 2520 5660 2580
5320 2510 5620 2570
5330 2520 5640 2560
5330 2520 5640 2560
5330 2520 5650 2550
5320 2520 5590 2550
5320 2520 5590 2550
5330 2510 5640 2550
5330 2500 5620 2550
5330 2500 5600 2550
5330 2500 5600 2550
5330 2520 5660 2550
5330 2520 5620 2550
5330 2510 5660 2550
5330 2520 5630 2550
5340 2520 5650 2550
5330 2520 5630 2550
5330 2530 5660 2560
5330 2530 5630 2550
5330 2520 5680 2560
5320 2530 5620 2560
