5760 3060 4890 2040
5770 3030 4890 2030
5750 3030 4890 2030
5700 3020 4890 2020
5680 3020 4870 2020
5670 3030 4880 2040
5700 3030 4880 2040
5700 3030 4890 2030
5700 3030 4890 2030
5700 3050 4890 2030
5690 3050 4880 2030
5640 3030 4880 2030
5630 3050 4880 2040
5630 3050 4880 2040
5630 3050 4880 2040
5620 3060 4880 2040
5620 3060 4880 2040
5640 3050 4880 2040
5610 3050 4880 2040
5620 3060 4880 2040
5670 3060 4880 2040
5670 3060 4880 2040
5690 3050 4880 2040
5700 3030 4870 2040
5700 3050 4860 2040
5700 3050 4860 2040
5700 3030 4870 2040
5720 3050 4870 2040
5720 3050 4880 2040
5740 3060 4880 2040
5750 3060 4880 2040
5760 3070 4870 2040
5770 3060 4860 2040
5770 3050 4880 2040
5770 3060 4880 2040
5760 3060 4880 2040
5870 3050 4880 2040
5870 3030 4880 2040
5910 3060 4890 2040
5910 3060 4890 2040
5870 3060 4890 2040
5890 3050 4880 2040
5890 3050 4880 2040
5890 3030 4880 2030
5880 3050 4880 2020
5880 3030 4880 2020
5890 3020 4880 2030
5890 3020 4880 2030
5830 3030 4870 2030
5850 3030 4880 2030
5940 3020 4880 2040
5990 3020 4880 2040
6020 3030 4880 2040
6010 3030 4880 2040
6010 3030 4880 2030
6010 3050 4880 2050
6020 3060 4880 2050
6020 3050 4880 2050
6040 3060 4890 2040
6090 3060 4890 2040
5980 3060 4890 2040
5930 3060 4890 2040
6080 3060 4890 2040
6180 3050 4870 2040
6230 3060 4880 2030
6300 3060 4880 2020
6270 3060 4880 2020
6250 3050 4870 2020
6190 3050 4880 2030
6170 3050 4870 2030
6160 3030 4870 2040
6280 3030 4880 2040
6160 3050 4880 2040
6060 3030 4880 2040
6030 3050 4880 2030
6090 3060 4880 2020
6050 3050 4880 2020
6160 3050 4880 2020
6030 3050 4870 2020
6050 3030 4870 2030
6050 3050 4880 2030
6030 3030 4880 2040
6040 3030 4880 2040
6100 3050 4880 2040
6130 3050 4870 2040
6110 3030 4880 2040
6100 3030 4890 2040
6070 3030 4890 2030
6030 3050 4890 2030
6000 3060 4890 2030
6020 3050 4890 2040
6040 3030 4880 2040
6050 3030 4890 2040
6100 3050 4890 2040
6190 3050 4880 2050
6220 3030 4880 2050
6230 3030 4880 2050
6230 3030 4880 2050
6230 3030 4880 2050
6230 3050 4880 2050
6260 3060 4880 2030
6240 3060 4880 2030
6220 3030 4890 2040
5540 3060 5140 2030
5550 3060 5140 2020
5550 3030 5130 2020
5550 3060 5160 2040
5550 3060 5150 2040
5550 3070 5120 2040
5550 3060 5090 2040
5550 3050 5120 2040
5540 3050 5150 2040
5540 3050 5170 2030
5540 3050 5150 2020
5540 3050 5160 2020
5540 3050 5140 2020
5520 3030 5170 2020
5520 3030 5210 2020
5510 3050 5200 2030
5510 3060 5210 2030
5520 3050 5200 2030
5540 3050 5110 2030
5540 3050 5110 2020
5540 3050 5130 2020
5540 3030 5150 2030
5540 3050 5180 2030
5540 3050 5180 2030
5540 3050 5180 2030
5550 3050 5180 2030
5550 3050 5180 2030
5550 3050 5170 2030
5550 3030 5180 2030
5550 3030 5180 2030
5540 3030 5170 2030
5540 3030 5170 2030
5540 3030 5170 2030
5540 3030 5200 2030
5540 3050 5180 2040
5540 3050 5130 2040
5540 3030 5090 2040
5520 3030 5060 2050
5550 3050 5050 2050
5550 3050 5020 2040
5550 3050 4980 2040
5550 3060 5080 2040
5550 3030 5200 2040
5560 3030 5340 2040
5560 3030 5420 2040
5560 3020 5450 2040
5560 3030 5440 2040
5560 3030 5440 2040
5560 3030 5450 2040
5570 3050 5450 2040
5570 3060 5450 2040
5560 3050 5420 2030
5560 3050 5380 2030
5560 3050 5360 2030
5560 3060 5330 2040
5570 3070 5330 2040
5570 3060 5390 2040
5560 3060 5460 2040
5560 3060 5500 2040
5560 3050 5550 2040
5570 3070 5600 2040
5560 3070 5620 2040
5570 3070 5590 2040
5560 3060 5610 2040
5560 3050 5610 2040
5560 3050 5620 2040
5560 3050 5590 2030
5550 3060 5620 2020
5550 3050 5550 2030
5540 3060 5360 2030
5540 3060 5210 2020
5540 3050 5100 2030
5550 3050 5300 2020
5540 3030 5510 2020
5540 3030 5550 2020
5550 3030 5570 2020
5560 3030 5580 2030
5560 3050 5570 2030
5550 3050 5540 2020
5550 3050 5520 2030
5550 3050 5520 2030
5540 3050 5460 2030
5540 3060 5440 2030
5540 3060 5450 2030
5550 3030 5430 2020
5550 3030 5400 2020
5540 3050 5350 2030
5550 3030 5330 2030
5550 3030 5310 2040
5540 3020 5300 2040
5560 3020 5310 2040
5560 3030 5330 2040
5560 3050 5340 2030
5540 3030 5280 2030
