5820 3500 4820 1600
5830 3480 4950 1610
5830 3490 4980 1600
5810 3490 4960 1610
5820 3490 4960 1610
5820 3480 4960 1610
5810 3490 4970 1610
5820 3510 4980 1610
5810 3520 4990 1600
5830 3490 4970 1590
5850 3500 4970 1600
5850 3490 4950 1610
5850 3480 4920 1600
5850 3490 4930 1590
5830 3490 4930 1580
5830 3510 4930 1580
5830 3490 4920 1590
5830 3500 4920 1580
5830 3510 4920 1580
5830 3500 4920 1580
5830 3510 4920 1580
5850 3510 4920 1590
5850 3480 4920 1580
5850 3480 4930 1580
5850 3470 4930 1590
5830 3480 4950 1580
5830 3460 4950 1580
5830 3490 4960 1580
5830 3490 4960 1590
5830 3490 4960 1600
5830 3510 4950 1600
5830 3510 4950 1590
5830 3520 4940 1600
5830 3530 4930 1600
5830 3510 4940 1590
5830 3510 4940 1590
5830 3520 4950 1580
5830 3510 4960 1600
5830 3510 4970 1600
5830 3510 4960 1610
5810 3490 4970 1590
5830 3490 4970 1590
5820 3520 4980 1600
5830 3510 4970 1590
5820 3510 4960 1590
5820 3520 4960 1590
5810 3510 4970 1590
5830 3530 5020 1590
5830 3540 5110 1580
5830 3520 5060 1590
5830 3520 5100 1590
5830 3500 5090 1590
5830 3520 5070 1600
5830 3510 5060 1590
5830 3500 5030 1590
5820 3470 4980 1600
5820 3480 4890 1610
5820 3490 4850 1600
5830 3500 4880 1600
5830 3490 4880 1600
5830 3510 4860 1590
5820 3480 4880 1590
5830 3500 4890 1590
5850 3490 4960 1590
5830 3490 5000 1590
5830 3490 4990 1590
5830 3500 5000 1600
5850 3500 4970 1600
5860 3490 4960 1600
5850 3480 4950 1600
5860 3480 4950 1600
5860 3480 4940 1580
5850 3490 4940 1580
5850 3510 4940 1580
5830 3520 4940 1600
5850 3520 4940 1590
5850 3490 4940 1580
5830 3490 4930 1580
5820 3480 4920 1570
5820 3500 4890 1570
5830 3510 4880 1570
5830 3510 4880 1570
5850 3490 4890 1580
5850 3480 4910 1590
5850 3490 4920 1590
5850 3500 4930 1600
5850 3500 4930 1600
5850 3490 4930 1600
5850 3490 4930 1600
5850 3500 4920 1600
5850 3490 4890 1600
5850 3480 4880 1600
5850 3500 4860 1600
5850 3500 4870 1600
5850 3490 4880 1600
5860 3500 4890 1600
5860 3500 4910 1590
5850 3510 4920 1600
5850 3500 4930 1610
5850 3490 4940 1600
5830 3490 4960 1600
5830 3470 4970 1600
5830 3480 4970 1600
5830 3480 4970 1600
5830 3500 4700 1830
5830 3520 4680 1860
5830 3500 4670 1830
5830 3490 4690 2080
5830 3490 4690 2250
5830 3480 4690 2380
5830 3480 4690 2490
5830 3480 4690 2610
5830 3510 4700 2580
5830 3510 4700 2470
5820 3530 4690 2430
5820 3510 4700 2390
5820 3520 4700 2300
5820 3500 4690 2060
5830 3500 4700 2170
5830 3500 4690 2220
5830 3500 4690 2210
5820 3510 4710 2210
5820 3500 4700 2130
5820 3500 4700 2020
5820 3490 4700 2020
5820 3500 4690 2140
5820 3500 4690 2090
5820 3500 4690 2010
5820 3500 4700 2130
5820 3500 4710 2170
5820 3500 4710 2220
5820 3500 4700 2240
5830 3510 4700 2250
5830 3520 4700 2250
5830 3510 4700 2170
5830 3510 4710 2140
5820 3510 4710 2220
5820 3500 4710 2070
5820 3490 4710 2010
5820 3490 4700 2010
5810 3500 4710 2020
5810 3510 4700 2010
5820 3500 4690 1990
5820 3500 4670 1980
5820 3500 4670 1970
5820 3500 4660 1960
5820 3480 4670 1960
5810 3470 4680 1950
5820 3470 4680 1960
5820 3490 4680 1950
5820 3510 4680 1950
5820 3520 4680 1960
5820 3530 4690 1950
5820 3530 4690 1920
5820 3510 4690 1890
5820 3510 4690 1890
5820 3510 4690 1910
5820 3520 4690 1930
5820 3520 4690 1940
5820 3520 4690 1930
5820 3500 4690 1930
5820 3500 4690 1900
5820 3510 4700 1900
5830 3510 4690 1880
5830 3510 4690 1860
5820 3510 4690 1850
5820 3520 4690 1860
5810 3520 4690 1880
5820 3520 4690 1880
5820 3510 4680 1880
5830 3510 4690 1870
5830 3490 4690 1870
5830 3500 4710 1860
5830 3500 4700 1860
5830 3490 4700 1860
5830 3490 4700 1860
5830 3490 4700 1820
5830 3490 4690 1810
5830 3500 4680 1820
5830 3510 4680 1810
5830 3510 4690 1800
5830 3510 4690 1800
5830 3520 4690 1800
5830 3500 4700 1780
5830 3480 4700 1780
5830 3480 4700 1800
5830 3490 4700 1800
5830 3490 4700 1800
5830 3490 4690 1820
5830 3510 4690 1840
5830 3510 4680 1860
5830 3490 4680 1880
5830 3490 4680 1880
