6190 4170 4580 1180
6190 4200 4580 1180
6190 4220 4580 1160
6210 4210 4580 1160
6210 4220 4580 1180
6210 4210 4580 1160
6210 4190 4580 1160
6210 4160 4580 1160
6200 4150 4580 1180
6190 4160 4580 1160
6200 4180 4580 1160
6210 4180 4580 1180
6210 4200 4580 1160
6210 4200 4580 1160
6200 4240 4570 1160
6200 4290 4580 1180
6210 4300 4580 1160
6200 4310 4580 1160
6210 4390 4580 1160
6220 4470 4570 1160
6230 4500 4570 1160
6210 4440 4570 1160
6210 4380 4570 1160
6220 4350 4580 1160
6220 4330 4580 1160
6210 4290 4580 1160
6190 4290 4580 1180
6180 4260 4580 1180
6180 4260 4580 1180
6160 4290 4570 1160
6170 4290 4570 1160
6170 4250 4570 1160
6180 4230 4570 1180
6180 4210 4570 1160
6190 4190 4570 1180
6200 4170 4570 1160
6210 4170 4570 1160
6220 4180 4570 1160
6210 4190 4560 1160
6210 4180 4560 1160
6220 4180 4570 1180
6200 4250 4570 1160
6210 4230 4570 1160
6210 4230 4570 1160
6210 4240 4570 1160
6220 4240 4550 1160
6220 4230 4560 1160
6210 4240 4560 1160
6220 4230 4560 1160
6220 4210 4560 1160
6220 4200 4570 1160
6210 4210 4570 1160
6220 4260 4570 1160
6230 4260 4580 1160
6220 4330 4600 1180
6220 4340 4580 1180
6200 4290 4580 1180
6200 4240 4580 1160
6200 4210 4570 1160
6200 4190 4570 1180
6190 4190 4570 1180
6200 4200 4570 1180
6200 4200 4570 1180
6210 4210 4570 1160
6210 4200 4570 1180
6200 4190 4570 1160
6220 4200 4570 1150
6220 4190 4570 1150
6230 4180 4570 1150
6210 4180 4570 1150
6200 4180 4570 1160
6200 4190 4570 1160
6200 4190 4570 1160
6180 4180 4570 1160
6170 4190 4570 1160
6180 4190 4570 1150
6170 4200 4570 1150
6180 4180 4570 1160
6200 4180 4570 1160
6200 4180 4570 1160
6200 4190 4570 1160
6200 4200 4570 1160
6200 4210 4570 1160
6210 4210 4570 1160
6210 4210 4570 1160
6210 4220 4570 1160
6210 4210 4570 1160
6210 4210 4570 1180
6200 4210 4570 1190
6200 4210 4570 1190
6180 4220 4570 1180
6180 4220 4570 1180
6200 4230 4570 1180
6180 4230 4570 1160
6200 4230 4570 1160
6180 4240 4570 1160
6190 4230 4580 1180
6190 4220 4580 1160
6190 4200 4580 1160
6190 4010 4600 1220
6210 4010 4580 1220
6200 4020 4570 1230
6210 4020 4570 1340
6210 4020 4570 1340
6200 4000 4560 1320
6200 4000 4560 1320
6190 4000 4570 1320
6190 4000 4570 1290
6180 4000 4570 1270
6190 3990 4570 1260
6190 4000 4570 1260
6200 4010 4570 1270
6210 4010 4580 1280
6210 4010 4580 1310
6220 4010 4570 1300
6210 4010 4570 1320
6200 4010 4570 1330
6200 4010 4580 1340
6190 4020 4570 1470
6190 4020 4570 1470
6200 4020 4560 1450
6190 4010 4550 1450
6200 4010 4560 1460
6210 4000 4570 1460
6200 4010 4570 1440
6190 4010 4580 1430
6200 4010 4580 1430
6200 4010 4580 1420
6190 4010 4580 1420
6190 4010 4580 1430
6200 4010 4570 1420
6200 4020 4570 1430
6200 4010 4570 1430
6180 4010 4570 1410
6190 4000 4570 1410
6210 4000 4580 1420
6210 4010 4580 1410
6210 4010 4580 1410
6210 4010 4580 1400
6200 4010 4580 1390
6220 4000 4580 1400
6220 3990 4570 1400
6220 3990 4570 1400
6200 3990 4570 1390
6200 3990 4570 1380
6190 4000 4560 1390
6200 4000 4560 1410
6190 4000 4560 1410
6200 4000 4570 1430
6210 3990 4570 1450
6210 3980 4570 1450
6220 4000 4570 1450
6200 4000 4570 1440
6210 4010 4580 1430
6210 4010 4580 1410
6200 4030 4580 1410
6200 4030 4580 1390
6210 4030 4580 1390
6210 4020 4580 1390
6210 4020 4580 1400
6210 4020 4580 1400
6210 4020 4560 1410
6200 4030 4550 1410
6210 4030 4550 1420
6200 4030 4570 1430
6200 4030 4550 1420
6210 4030 4560 1420
6210 4020 4560 1410
6210 4020 4560 1410
6210 4010 4560 1420
6210 4010 4560 1420
6210 4010 4570 1430
6210 4000 4560 1430
6200 4010 4560 1410
6210 4020 4560 1410
6210 4020 4560 1410
6200 4020 4570 1410
6210 4020 4580 1410
6200 4020 4580 1440
6190 4010 4580 1450
6190 4000 4580 1450
6200 3990 4570 1440
6200 4000 4570 1450
6210 4000 4570 1450
6200 3990 4570 1450
6210 4000 4570 1450
6210 3990 4570 1460
6190 3990 4570 1440
6190 4000 4570 1450
6190 4000 4570 1450
6200 3990 4570 1440
6190 4000 4570 1440
6200 3990 4570 1430
6200 3990 4580 1440
6190 3990 4560 1400
6200 4000 4550 1400
6210 3980 4550 1400
6220 3990 4550 1380
6190 4000 4560 1380
6200 4000 4560 1380
6200 3990 4550 1390
6210 4000 4570 1410
6210 4010 4580 1430
6210 4010 4580 1450
6200 4010 4600 1470
6200 4010 4600 1520
6200 4000 4600 1550
6210 4000 4580 1580
6210 4000 4600 1570
6210 4000 4600 1510
6200 3990 4600 1510
6210 4000 4600 1500
6220 4000 4600 1490
6230 4010 4580 1490
6220 4020 4570 1470
6210 4020 4580 1460
6210 4030 4570 1460
6210 4030 4570 1460
6210 4030 4580 1460
6220 4030 4580 1460
6210 4020 4580 1440
6220 4010 4570 1440
6220 4010 4570 1440
6210 4000 4570 1440
6210 3990 4570 1440
6210 3990 4580 1440
6210 3990 4580 1440
