6740 4540 4480 850
6680 4540 4470 830
6630 4530 4460 840
6750 4530 4500 850
6780 4510 4490 840
6750 4520 4480 830
6740 4520 4480 830
6740 4510 4480 840
6760 4520 4470 840
6790 4520 4480 830
6790 4520 4490 820
6800 4510 4510 820
6800 4510 4520 830
6800 4510 4520 830
6790 4520 4510 830
6800 4520 4500 820
6750 4530 4490 830
6750 4530 4510 830
6750 4530 4500 830
6750 4520 4500 840
6740 4520 4500 840
6750 4530 4520 840
6750 4540 4500 830
6740 4530 4500 840
6740 4520 4500 830
6740 4520 4510 830
6740 4510 4500 830
6730 4520 4490 830
6710 4520 4490 830
6700 4520 4480 830
6690 4520 4480 830
6680 4520 4490 830
6710 4520 4500 830
6710 4510 4490 830
6740 4520 4500 830
6780 4520 4490 830
6810 4520 4490 830
6820 4510 4490 840
6840 4500 4480 830
6840 4510 4480 840
6860 4500 4510 830
6870 4510 4500 840
6880 4510 4500 840
6870 4520 4490 830
6870 4520 4490 830
6870 4520 4490 830
6880 4520 4480 820
6880 4520 4490 820
6880 4520 4480 830
6890 4520 4500 830
6760 4530 4500 830
6700 4530 4500 840
6670 4530 4510 840
6650 4540 4500 830
6620 4540 4490 830
6630 4530 4490 830
6670 4530 4490 840
6740 4530 4490 840
6790 4530 4510 840
6820 4530 4510 850
6830 4530 4500 850
6840 4530 4500 840
6840 4520 4490 840
6940 4510 4490 840
6980 4510 4500 830
7020 4530 4490 840
7040 4530 4500 840
7040 4530 4490 840
7070 4530 4480 840
7060 4530 4510 830
7050 4530 4480 820
7050 4530 4500 830
7050 4520 4490 840
7040 4530 4500 830
7050 4530 4520 840
7050 4530 4510 840
7040 4530 4480 830
7030 4520 4480 830
7020 4520 4490 830
7020 4520 4490 830
7020 4520 4500 820
7020 4510 4510 830
7030 4510 4500 840
6960 4500 4510 830
6850 4500 4500 840
6680 4510 4510 830
6640 4510 4500 830
6820 4530 4490 840
6940 4520 4490 840
6960 4510 4490 830
6970 4510 4510 820
6990 4520 4500 830
6990 4510 4510 840
7010 4500 4490 840
7020 4510 4510 840
7020 4520 4490 840
7020 4520 4500 830
7030 4520 4490 830
7060 4520 4480 830
7070 4520 4480 830
7050 4510 4490 820
7040 4520 4500 830
7030 4520 4490 830
7020 4520 4480 820
7010 4520 4490 830
7000 4510 4510 830
7000 4520 4500 830
7000 4520 4490 830
7020 4520 4500 840
7020 4520 4510 840
7010 4530 4500 840
7020 4530 4490 840
7020 4530 4510 840
7020 4530 4500 830
6550 4750 4500 820
6550 4780 4500 810
6550 4810 4490 810
6550 4760 4490 820
6550 4830 4500 820
6550 4910 4500 820
6560 4950 4490 820
6550 5010 4480 820
6560 5050 4500 820
6570 5080 4490 830
6570 5100 4480 830
6570 5120 4500 830
6570 5190 4490 840
6570 5070 4500 840
6570 4980 4490 830
6570 4840 4480 840
6560 4880 4490 830
6550 4940 4490 840
6550 4970 4500 840
6550 4990 4510 830
6550 4960 4500 820
6550 4930 4490 820
6550 4890 4500 820
6550 4870 4500 830
6550 4850 4500 830
6550 4820 4500 840
6560 4840 4500 840
6570 4850 4490 850
6560 4890 4500 840
6560 4920 4490 830
6550 4950 4510 830
6550 4950 4500 830
6560 4950 4490 830
6560 4920 4500 830
6560 4880 4490 830
6560 4880 4490 830
6560 4860 4510 830
6550 4860 4500 830
6550 4840 4480 830
6540 4810 4490 830
6540 4790 4500 840
6540 4790 4520 830
6550 4780 4510 840
6550 4770 4500 840
6550 4760 4490 830
6550 4740 4500 830
6550 4740 4490 820
6560 4720 4510 820
6560 4740 4500 820
6570 4780 4500 820
6570 4870 4490 820
6570 4970 4500 830
6560 4940 4510 830
6550 4920 4490 820
6560 4870 4490 820
6550 4830 4490 830
6550 4800 4490 830
6550 4770 4510 830
6570 4730 4490 830
6570 4710 4500 830
6560 4690 4500 840
6560 4690 4490 840
6560 4670 4480 840
6560 4660 4480 850
6570 4650 4480 840
6570 4650 4470 830
6580 4650 4480 830
6560 4700 4480 830
6560 4700 4480 830
6560 4710 4490 830
6570 4720 4500 830
6580 4760 4500 840
6580 4780 4500 850
6570 4870 4490 840
6570 4840 4490 850
6560 4950 4490 840
6560 4880 4490 840
6560 4830 4500 840
6560 4800 4490 830
6560 4760 4480 830
6560 4740 4480 830
6560 4680 4480 830
6560 4680 4500 830
6560 4660 4490 830
6570 4640 4480 830
6570 4700 4480 840
6560 4920 4500 840
6560 5070 4510 850
6560 5170 4530 840
6560 5010 4520 840
6550 4960 4500 830
6550 5120 4500 830
6550 5170 4490 830
6550 5230 4480 830
6550 5080 4480 830
6550 4970 4480 820
6550 4920 4470 820
6570 4980 4490 820
6570 4930 4480 820
6560 4980 4500 820
6560 4940 4500 830
6560 4880 4500 830
6560 4830 4500 830
6570 4810 4520 830
6580 4790 4520 820
6570 4770 4520 820
6560 4750 4510 820
6560 4730 4500 820
6560 4720 4500 820
6560 4710 4510 830
6560 4710 4500 830
6570 4720 4490 830
6580 4730 4510 830
