3260 3630 3690 4230
3280 3630 3690 4230
3280 3620 3690 4210
3280 3630 3690 4220
3270 3630 3690 4220
3310 3630 3690 4230
3290 3630 3700 4230
3250 3630 3700 4230
3280 3630 3700 4240
3290 3630 3700 4250
3260 3630 3710 4250
3260 3630 3710 4250
3260 3630 3710 4240
3270 3640 3700 4230
3250 3640 3700 4220
3260 3630 3700 4230
3280 3630 3690 4230
3280 3630 3690 4240
3260 3630 3690 4230
3280 3630 3680 4240
3320 3630 3680 4240
3280 3630 3690 4220
3320 3630 3690 4240
3270 3630 3690 4230
3310 3630 3690 4220
3270 3620 3690 4220
3310 3620 3690 4220
3240 3620 3690 4220
3260 3620 3690 4240
3280 3620 3690 4230
3260 3620 3690 4230
3300 3620 3690 4240
3260 3620 3700 4230
3240 3630 3700 4230
3300 3630 3690 4240
3260 3630 3690 4240
3240 3630 3700 4230
3300 3630 3690 4250
3240 3630 3690 4250
3260 3630 3690 4240
3240 3630 3690 4240
3290 3640 3680 4230
3290 3640 3690 4220
3300 3630 3690 4230
3280 3640 3690 4240
3300 3640 3700 4240
3260 3630 3700 4240
3280 3630 3700 4230
3240 3630 3700 4230
3260 3630 3700 4230
3300 3630 3700 4230
3300 3630 3700 4230
3270 3630 3700 4230
3320 3630 3700 4240
3250 3630 3700 4230
3260 3630 3700 4240
3270 3630 3700 4230
3310 3630 3690 4240
3300 3630 3690 4250
3310 3630 3690 4230
3270 3630 3690 4220
3240 3640 3690 4220
3280 3640 3690 4220
3260 3640 3690 4230
3260 3640 3700 4240
3300 3640 3700 4220
3280 3640 3690 4220
3270 3630 3690 4220
3290 3620 3690 4210
3310 3620 3690 4220
3250 3620 3700 4230
3300 3620 3700 4220
3320 3620 3700 4230
3290 3630 3700 4220
3250 3640 3690 4230
3280 3640 3690 4220
3260 3640 3690 4220
3280 3630 3700 4220
3290 3630 3700 4220
3270 3630 3700 4210
3260 3630 3690 4230
3290 3630 3690 4230
3240 3630 3690 4210
3250 3630 3690 4210
3300 3630 3690 4220
3240 3630 3690 4240
3260 3630 3690 4220
3300 3630 3690 4220
3230 3630 3690 4200
3250 3630 3690 4200
3240 3630 3690 4200
3270 3630 3690 4210
3260 3630 3700 4210
3260 3630 3700 4230
3270 3630 3700 4230
3290 3630 3690 4240
3260 3630 3690 4240
3290 3620 3690 4230
3270 3630 3690 4230
3240 3620 3690 4230
3260 3620 3690 4240
3270 3620 3690 4250
3310 3620 3690 4250
3260 3630 3700 4240
3260 3630 3700 4240
3320 3640 3700 4230
3270 3630 3700 4220
3310 3630 3700 4220
3300 3630 3700 4220
3310 3630 3700 4230
3290 3630 3700 4230
3250 3640 3710 4230
3290 3640 3700 4230
3270 3640 3690 4230
3250 3630 3690 4230
3240 3630 3710 4220
3270 3630 3700 4210
3310 3620 3700 4230
3300 3620 3710 4230
3290 3620 3700 4230
3250 3620 3700 4230
3310 3630 3700 4230
3270 3630 3700 4240
3270 3630 3690 4220
3290 3630 3680 4220
2790 3630 4180 4230
2800 3630 4140 4220
2790 3640 4210 4230
2800 3640 4170 4220
2800 3640 4190 4220
2800 3630 4190 4210
2800 3630 4210 4210
2800 3630 4190 4210
2800 3640 4210 4220
2800 3640 4210 4220
2800 3630 4190 4220
2800 3630 4210 4230
2800 3630 4170 4230
2800 3630 4170 4230
2800 3640 4150 4240
2800 3640 4150 4240
2790 3630 4160 4230
2790 3630 4200 4220
2790 3630 4160 4210
2790 3630 4230 4210
2790 3630 4160 4200
2790 3630 4210 4200
2790 3630 4190 4220
2790 3630 4170 4220
2790 3630 4180 4220
2790 3630 4160 4220
2790 3630 4140 4220
2790 3640 4160 4230
2790 3630 4140 4230
2780 3640 4180 4220
2780 3640 4160 4230
2800 3640 4200 4240
2800 3640 4200 4230
2800 3640 4150 4230
2800 3630 4170 4230
2790 3630 4210 4230
2790 3630 4150 4240
2800 3630 4150 4230
2800 3620 4170 4240
2790 3620 4170 4250
2790 3630 4190 4250
2790 3640 4190 4250
2790 3640 4210 4240
2790 3640 4210 4240
2790 3630 4150 4230
2790 3630 4150 4240
2790 3630 4170 4230
2790 3630 4210 4230
2790 3630 4170 4230
2790 3630 4210 4240
2790 3630 4160 4230
2790 3640 4190 4230
2790 3640 4170 4230
2790 3640 4190 4230
2790 3640 4210 4210
2780 3640 4160 4210
2790 3640 4220 4220
2790 3640 4160 4230
2790 3640 4160 4250
2790 3640 4180 4260
2800 3650 4200 4260
2800 3640 4160 4260
2790 3640 4180 4250
2800 3630 4210 4240
2800 3630 4210 4240
2790 3630 4170 4250
2790 3630 4210 4250
2800 3630 4200 4250
2800 3630 4170 4240
2800 3630 4200 4240
2800 3630 4150 4240
2790 3630 4210 4240
2780 3630 4190 4230
2790 3630 4190 4220
2790 3630 4170 4220
2780 3630 4180 4220
2780 3630 4200 4220
2780 3630 4180 4220
2780 3630 4200 4220
2780 3630 4200 4220
2780 3630 4140 4220
2780 3630 4190 4220
2790 3630 4170 4220
2790 3630 4210 4220
2790 3630 4150 4220
2780 3630 4170 4210
2780 3630 4140 4210
2780 3620 4160 4210
2790 3630 4190 4210
2800 3630 4190 4230
2800 3630 4150 4230
2790 3630 4150 4220
2770 3630 4170 4230
2770 3630 4200 4240
2770 3630 4200 4230
2770 3630 4220 4230
2780 3630 4160 4230
2780 3620 4150 4240
2790 3620 4150 4230
2790 3630 4160 4230
2780 3630 4170 4230
2770 3630 4150 4240
2770 3630 4170 4250
2780 3630 4220 4260
2780 3620 4160 4250
2780 3620 4160 4230
2790 3620 4200 4230
2800 3620 4210 4240
2800 3630 4210 4250
2800 3640 4200 4240
2800 3630 4210 4230
2800 3640 4160 4220
2800 3640 4180 4210
2790 3640 4210 4230
2790 3640 4190 4220
2790 3640 4160 4230
2790 3640 4180 4220
