2990 3380 4130 4550
3000 3380 4120 4550
3000 3380 4130 4550
2990 3390 4140 4550
2950 3390 4130 4550
2970 3370 4130 4550
2940 3380 4120 4550
2960 3390 4130 4560
2940 3380 4120 4560
2940 3380 4120 4560
2970 3390 4120 4550
2930 3390 4130 4550
2940 3390 4130 4560
2920 3390 4130 4560
2920 3390 4130 4560
2940 3380 4130 4560
2920 3380 4120 4560
2910 3380 4120 4560
2980 3380 4130 4560
2980 3380 4120 4560
2960 3380 4120 4550
2920 3370 4120 4550
2920 3380 4120 4550
2970 3380 4120 4560
2990 3370 4120 4560
2950 3380 4120 4560
2940 3380 4120 4560
2970 3370 4120 4560
2950 3370 4120 4560
2950 3370 4120 4570
2960 3380 4120 4560
2990 3370 4120 4550
2930 3370 4120 4550
2980 3370 4120 4560
3000 3370 4120 4550
2930 3370 4120 4560
2990 3370 4120 4560
3000 3370 4120 4560
2970 3370 4120 4570
2930 3380 4130 4560
2990 3380 4130 4560
2950 3380 4130 4570
2950 3380 4130 4570
2920 3380 4130 4570
2960 3380 4130 4570
2930 3380 4130 4560
2910 3390 4130 4550
2940 3390 4130 4550
2990 3380 4130 4560
2930 3380 4130 4560
2920 3390 4130 4560
2930 3380 4130 4560
2980 3370 4130 4560
2940 3370 4130 4560
2930 3370 4130 4550
2950 3380 4130 4560
2990 3370 4140 4550
2990 3380 4140 4550
2940 3370 4140 4550
2960 3370 4140 4550
2990 3380 4130 4550
2990 3380 4120 4550
2960 3380 4130 4560
2980 3380 4140 4560
2950 3380 4130 4560
2940 3390 4130 4550
2980 3370 4130 4550
2940 3370 4120 4550
2910 3380 4130 4550
2980 3380 4130 4560
2980 3380 4130 4560
2920 3380 4120 4560
2970 3380 4120 4560
2990 3380 4120 4560
3000 3380 4120 4560
2980 3380 4120 4560
2960 3390 4130 4560
2930 3390 4130 4560
2980 3380 4120 4550
2940 3380 4120 4550
2940 3380 4120 4550
2470 3390 4590 4550
2480 3390 4620 4550
2480 3390 4590 4550
2480 3390 4610 4550
2480 3390 4650 4550
2480 3390 4650 4570
2470 3390 4630 4570
2470 3390 4610 4570
2470 3390 4590 4570
2470 3390 4590 4570
2460 3390 4610 4570
2460 3390 4610 4570
2470 3380 4650 4570
2470 3380 4600 4570
2470 3380 4640 4570
2480 3380 4610 4570
2490 3380 4590 4570
2490 3380 4650 4570
2480 3380 4650 4570
2470 3380 4590 4570
2470 3380 4590 4570
2470 3380 4590 4570
2470 3380 4640 4560
2480 3380 4580 4560
2490 3380 4620 4550
2490 3380 4580 4550
2480 3380 4640 4560
2490 3380 4580 4560
2490 3380 4650 4560
2490 3380 4610 4560
2490 3380 4610 4560
2490 3380 4590 4550
2490 3390 4650 4550
2480 3380 4610 4550
2490 3390 4650 4550
2480 3390 4630 4550
2490 3390 4630 4550
2490 3390 4650 4550
2480 3380 4610 4550
2470 3380 4590 4550
2480 3380 4590 4550
2470 3370 4650 4550
2470 3370 4600 4550
2470 3380 4660 4550
2470 3380 4620 4550
2470 3380 4590 4550
2470 3370 4630 4560
2480 3380 4590 4550
2470 3370 4590 4550
2460 3360 4590 4550
2460 3370 4590 4560
2470 3370 4600 4560
2470 3370 4640 4550
2480 3370 4650 4550
2480 3370 4590 4550
2480 3370 4580 4550
2490 3370 4580 4550
2490 3370 4640 4550
2480 3370 4580 4550
2480 3370 4620 4560
2470 3380 4580 4560
2470 3380 4580 4560
2470 3380 4580 4560
2470 3380 4580 4570
2480 3380 4580 4570
2480 3370 4610 4570
2480 3370 4590 4560
2480 3380 4590 4560
2470 3380 4610 4560
2470 3380 4650 4560
2480 3380 4610 4560
2470 3380 4590 4560
2460 3380 4650 4550
2470 3380 4590 4550
2470 3380 4650 4550
2490 3380 4610 4550
2490 3380 4650 4550
2470 3380 4590 4550
2470 3380 4630 4550
2470 3370 4640 4550
2480 3380 4600 4560
2480 3390 4640 4560
2480 3390 4620 4560
2470 3390 4620 4560
2470 3390 4580 4560
2460 3390 4600 4560
