2710 3180 4550 4950
2670 3170 4560 4950
2660 3180 4560 4950
2660 3170 4560 4950
2720 3170 4560 4950
2700 3170 4560 4950
2690 3180 4550 4950
2690 3170 4540 4950
2670 3170 4550 4940
2690 3170 4560 4950
2730 3180 4560 4960
2680 3180 4560 4970
2690 3180 4560 4950
2670 3180 4560 4970
2720 3170 4560 4960
2680 3180 4550 4960
2690 3180 4550 4970
2670 3180 4540 4970
2660 3190 4550 4980
2730 3200 4550 4970
2690 3200 4550 4970
2690 3180 4550 4960
2710 3170 4550 4960
2670 3180 4550 4950
2660 3180 4550 4950
2720 3190 4550 4950
2690 3190 4550 4940
2660 3190 4550 4970
2700 3190 4550 4960
2680 3180 4550 4960
2750 3190 4550 4950
2730 3180 4550 4950
2670 3170 4550 4960
2700 3170 4550 4950
2690 3170 4560 4950
2680 3180 4560 4950
2730 3180 4560 4950
2700 3180 4550 4960
2680 3180 4550 4950
2660 3170 4550 4950
2730 3170 4560 4950
2670 3170 4560 4960
2670 3190 4550 4960
2700 3200 4550 4970
2690 3190 4550 4980
2680 3170 4550 4950
2730 3160 4540 4940
2660 3170 4550 4940
2650 3180 4550 4960
2670 3180 4550 4950
2680 3180 4550 4940
2690 3170 4550 4950
2680 3180 4550 4960
2660 3180 4550 4960
2710 3180 4550 4950
2670 3180 4550 4950
2630 3170 4550 4950
2640 3180 4550 4960
2680 3170 4550 4960
2670 3170 4550 4950
2660 3170 4560 4960
2670 3170 4560 4970
2680 3180 4560 4960
2720 3180 4570 4960
2680 3180 4560 4960
2690 3180 4560 4960
2690 3180 4560 4960
2730 3180 4560 4960
2690 3180 4560 4940
2670 3180 4560 4940
2730 3180 4560 4940
2680 3170 4560 4940
2720 3170 4560 4940
2660 3180 4560 4960
2650 3180 4560 4960
2720 3170 4570 4960
2670 3170 4570 4960
2720 3180 4570 4950
2660 3180 4570 4950
2660 3170 4570 4950
2660 3170 4570 4950
2720 3170 4570 4950
2660 3170 4570 4940
2680 3190 4570 4940
2650 3180 4570 4940
2700 3190 4570 4940
2730 3190 4570 4950
2670 3190 4570 4960
2650 3190 4570 4960
2660 3190 4570 4960
2200 3190 5090 4960
2210 3180 5040 4970
2190 3190 5060 4960
2190 3180 5080 4960
2190 3180 5060 4960
2200 3180 5030 4950
2200 3180 5060 4950
2200 3190 5070 4950
2210 3200 5070 4950
2200 3200 5070 4960
2210 3190 5080 4970
2230 3180 5050 4960
2220 3180 5080 4960
2210 3180 5020 4960
2210 3180 5040 4960
2200 3180 5040 4960
2200 3170 5020 4960
2200 3180 5080 4960
2200 3170 5060 4950
2190 3170 5090 4960
2190 3180 5090 4960
2180 3180 5070 4970
2180 3180 5090 4970
2180 3180 5020 4960
2180 3180 5010 4950
2200 3180 5010 4960
2190 3180 5010 4950
2200 3180 5030 4950
2200 3180 5020 4950
2190 3180 5060 4940
2180 3180 5060 4960
2180 3170 5020 4970
2190 3170 5090 4960
2190 3170 5030 4950
2190 3180 5090 4950
2190 3180 5040 4950
2200 3170 5030 4950
2200 3170 5010 4950
2200 3190 5070 4950
2220 3180 5050 4960
2190 3180 5070 4960
2180 3180 5070 4960
2180 3190 5070 4960
2170 3190 5020 4960
2170 3190 5080 4960
2180 3180 5020 4950
2180 3180 5060 4950
2190 3170 5020 4950
2190 3170 5060 4950
2210 3180 5080 4950
2200 3180 5040 4950
2170 3180 5040 4960
2180 3190 5010 4960
2180 3190 5070 4970
2190 3190 5020 4970
2180 3190 5050 4970
2200 3190 5020 4960
2220 3190 5030 4960
2220 3180 5050 4960
2200 3170 5060 4960
2180 3170 5040 4950
2180 3170 5020 4950
2180 3180 5020 4940
2170 3180 5010 4940
2170 3180 5010 4940
2180 3180 5070 4940
2180 3160 5010 4950
2180 3160 5070 4960
2160 3160 5010 4960
2180 3170 5030 4950
2190 3170 5040 4960
2200 3160 5060 4960
2180 3160 5060 4960
2200 3160 5020 4960
2200 3160 5020 4960
2190 3160 5020 4960
2200 3160 5020 4960
2210 3160 5040 4970
2190 3160 5060 4960
2200 3180 5040 4960
2200 3170 5040 4960
2200 3170 5020 4960
2200 3180 5030 4960
2200 3190 5090 4950
2200 3200 5050 4950
2200 3200 5070 4950
2210 3190 5070 4960
2210 3170 5070 4950
2220 3180 5010 4950
2210 3180 5050 4960
2220 3180 5020 4960
2210 3180 5000 4960
2210 3190 5050 4960
2200 3180 5070 4960
