2500 3030 5010 5360
2470 3030 5000 5360
2530 3060 5000 5370
2500 3050 5000 5380
2460 3050 5000 5380
2450 3050 5000 5380
2470 3050 5000 5380
2500 3050 5000 5370
2500 3050 5000 5370
2500 3050 5000 5370
2540 3030 5000 5370
2480 3050 5000 5370
2460 3030 5010 5370
2470 3030 5010 5370
2510 3050 5010 5370
2460 3050 5010 5370
2470 3050 5010 5370
2470 3050 5020 5370
2460 3050 5020 5380
2480 3060 5010 5380
2530 3070 5010 5380
2530 3060 5010 5380
2490 3060 5010 5380
2510 3060 5020 5380
2500 3060 5020 5380
2470 3060 5020 5380
2500 3070 5010 5380
2520 3070 5010 5380
2500 3060 5010 5380
2510 3030 5010 5380
2470 3050 5010 5390
2470 3050 5010 5390
2520 3050 5010 5390
2490 3060 5010 5390
2510 3060 5010 5390
2520 3060 5010 5390
2470 3060 5010 5390
2460 3050 5020 5390
2480 3050 5020 5390
2510 3050 5020 5390
2500 3030 5020 5390
2500 3050 5020 5400
2470 3030 5010 5400
2510 3020 5010 5400
2480 3030 5010 5400
2460 3030 5020 5400
2480 3030 5010 5390
2510 3050 5010 5380
2470 3050 5010 5370
2450 3050 5010 5370
2480 3060 5010 5380
2480 3060 5010 5380
2450 3060 5010 5370
2490 3050 5010 5370
2520 3050 5000 5370
2490 3050 5000 5360
2450 3020 5020 5380
2510 3020 5020 5390
2490 3020 5010 5380
2520 3030 5010 5380
2460 3050 5020 5370
2480 3050 5010 5380
2450 3050 5010 5380
2480 3060 5010 5390
2520 3050 5000 5390
2500 3050 5000 5370
2510 3050 5010 5360
2520 3020 5000 5360
2470 3050 5000 5360
2470 3060 5010 5370
2530 3050 5010 5370
2530 3050 5010 5360
2470 3030 5010 5370
2520 3050 5010 5390
2490 3060 5010 5390
2470 3050 5020 5390
2470 3050 5020 5390
2520 3030 5020 5390
2470 3030 5020 5380
2530 3030 5020 5380
2460 3050 5010 5370
2520 3050 5010 5360
2470 3060 5010 5370
2490 3060 5020 5380
2510 3060 5020 5380
2490 3060 5010 5380
2440 3050 5010 5380
2500 3060 5010 5380
2470 3060 5000 5390
2470 3060 5010 5390
2460 3060 5000 5380
2510 3060 5000 5370
2530 3070 5010 5380
2540 3070 5010 5380
2490 3070 5010 5380
2490 3060 5010 5370
2460 3060 5020 5370
2460 3060 5020 5380
2540 3050 5010 5370
2490 3030 5010 5380
2470 3030 5020 5380
2540 3030 5020 5390
2530 3030 5020 5390
2500 3030 5020 5390
2520 3050 5020 5400
2520 3060 5020 5390
2480 3060 5020 5390
2540 3050 5020 5400
2470 3030 5010 5390
2520 3050 5010 5390
2470 3050 5010 5390
2510 3050 5010 5380
2470 3050 5010 5380
2470 3050 5000 5370
2500 3050 5000 5360
2500 3060 5000 5370
2470 3070 5000 5380
2490 3060 5000 5390
2480 3060 5000 5400
2510 3060 5000 5390
2470 3060 5000 5390
2480 3060 5000 5390
2520 3050 5010 5390
2460 3030 5010 5380
2500 3030 5010 5370
2530 3050 5010 5370
2540 3050 5010 5360
2480 3050 5010 5370
2540 3050 5010 5380
2530 3050 5010 5380
2540 3050 5010 5390
2470 3030 5010 5400
2500 3050 5000 5400
2440 3060 5010 5390
2450 3060 5010 5390
2520 3060 5010 5400
2490 3070 5000 5390
2490 3060 5000 5370
2480 3060 5010 5370
2510 3060 5010 5360
2460 3060 5010 5380
2490 3060 5010 5390
2490 3060 5010 5370
2460 3070 5010 5370
2510 3070 5010 5360
2460 3070 5010 5380
2530 3060 5010 5390
2490 3060 5010 5370
2470 3050 5000 5370
2490 3050 5000 5360
2490 3050 5010 5360
2460 3050 5010 5380
2450 3060 5010 5390
2500 3070 5010 5370
2460 3060 5020 5380
2470 3060 5020 5370
2540 3060 5020 5380
2510 3060 5020 5370
2500 3060 5010 5380
2480 3050 5020 5380
2520 3050 5010 5380
2460 3050 5010 5370
2490 3050 5020 5380
2510 3050 5010 5390
2490 3050 5010 5390
2480 3050 5010 5370
2510 3030 5010 5370
2490 3030 5010 5380
2010 3050 5510 5380
2000 3030 5510 5370
2000 3050 5470 5390
2000 3050 5520 5390
1990 3050 5460 5390
1990 3050 5460 5390
1990 3050 5470 5390
1980 3050 5470 5390
1990 3060 5470 5370
2010 3060 5510 5370
2020 3060 5530 5380
2010 3050 5480 5390
2000 3050 5520 5390
2000 3050 5520 5390
2000 3050 5510 5390
2000 3060 5490 5400
2000 3070 5490 5400
2000 3070 5530 5390
2000 3080 5490 5390
2010 3070 5520 5390
2020 3060 5460 5390
2030 3050 5470 5390
2010 3060 5480 5390
2020 3060 5520 5390
2010 3050 5520 5390
2020 3050 5530 5390
2030 3050 5530 5390
2010 3050 5520 5390
2000 3060 5500 5390
2010 3050 5470 5390
2000 3050 5490 5390
2000 3050 5530 5390
1990 3060 5490 5390
1980 3050 5480 5390
2000 3030 5530 5390
2020 3020 5490 5390
2010 3050 5470 5400
1990 3050 5510 5390
1980 3050 5490 5390
1980 3060 5470 5390
1970 3060 5530 5390
1970 3030 5530 5400
1980 3030 5530 5400
1980 3050 5530 5400
1970 3050 5540 5400
2000 3030 5540 5390
2000 3030 5510 5390
2000 3050 5470 5400
1990 3050 5490 5400
2000 3050 5500 5400
2000 3060 5480 5390
2000 3060 5460 5390
1980 3050 5460 5390
2000 3050 5500 5390
2010 3050 5490 5400
2000 3050 5470 5390
2010 3030 5490 5380
2010 3050 5470 5390
2020 3050 5470 5390
2030 3060 5530 5390
2020 3050 5510 5390
2020 3050 5460 5390
2020 3060 5510 5400
2010 3060 5530 5400
2000 3050 5530 5410
2000 3030 5490 5410
2000 3030 5530 5400
2020 3050 5490 5390
2020 3050 5530 5390
2020 3050 5490 5390
2030 3050 5530 5380
2020 3060 5530 5380
2020 3060 5490 5380
2010 3060 5510 5380
2000 3070 5530 5380
2020 3070 5530 5380
2010 3080 5460 5380
1980 3060 5530 5380
1970 3050 5480 5390
1970 3050 5520 5380
1980 3050 5500 5390
1970 3050 5480 5390
1970 3050 5540 5390
1980 3050 5500 5390
1990 3050 5510 5390
1980 3050 5530 5390
2000 3050 5490 5390
1980 3060 5510 5390
1970 3060 5470 5390
1980 3060 5500 5390
1990 3050 5520 5390
1990 3050 5460 5390
2010 3050 5470 5390
2010 3050 5470 5390
2020 3060 5470 5380
2000 3050 5510 5380
2020 3060 5490 5390
2020 3060 5470 5390
2020 3060 5470 5390
2020 3060 5530 5390
2040 3050 5470 5400
2040 3030 5530 5400
2020 3050 5470 5390
2020 3050 5490 5390
2000 3050 5470 5390
2000 3050 5530 5380
2010 3050 5530 5380
2000 3050 5470 5380
2000 3050 5490 5380
1990 3050 5460 5380
1990 3030 5510 5380
2000 3030 5520 5390
2000 3030 5520 5390
2000 3050 5520 5380
1990 3050 5500 5380
1980 3060 5460 5380
1970 3060 5490 5370
1980 3030 5490 5380
1990 3050 5530 5370
2000 3050 5470 5380
2010 3060 5470 5390
2000 3060 5470 5390
1990 3060 5470 5390
2000 3060 5460 5390
2000 3050 5460 5390
2020 3060 5480 5400
2000 3050 5480 5400
2000 3050 5460 5390
2000 3050 5530 5390
2000 3050 5470 5400
1990 3050 5480 5390
2010 3050 5460 5390
2010 3060 5480 5390
2000 3060 5500 5400
2000 3060 5460 5390
2010 3060 5490 5380
2000 3070 5530 5380
2000 3060 5520 5390
2000 3060 5500 5380
2000 3070 5470 5370
2010 3060 5480 5380
2020 3070 5470 5380
2010 3070 5470 5380
2000 3070 5470 5380
1990 3070 5490 5380
1990 3070 5530 5390
1990 3060 5500 5390
1980 3050 5480 5380
1990 3050 5500 5390
2000 3030 5480 5390
2020 3060 5520 5380
2020 3050 5460 5370
2020 3030 5470 5370
2020 3060 5510 5380
2020 3070 5510 5390
2020 3060 5500 5400
2030 3050 5520 5400
2010 3050 5490 5390
2000 3060 5460 5400
2010 3050 5480 5400
2010 3050 5460 5400
2020 3060 5480 5400
2020 3060 5480 5400
2020 3060 5470 5390
2020 3050 5450 5390
2000 3030 5510 5390
1990 3030 5470 5380
2010 3050 5450 5380
2000 3060 5470 5380
1990 3060 5500 5390
1990 3060 5500 5390
1990 3060 5480 5390
2010 3070 5480 5380
2010 3070 5520 5370
2010 3070 5460 5370
2000 3070 5510 5370
2000 3060 5450 5370
2030 3050 5450 5380
