3020 2590 5290 5140
3010 2580 5290 5140
2990 2590 5290 5140
2970 2580 5300 5140
2970 2580 5290 5120
2940 2580 5290 5130
2990 2590 5280 5140
2910 2580 5270 5140
2900 2580 5270 5140
2950 2580 5280 5140
2960 2580 5290 5140
2910 2580 5290 5140
2920 2580 5290 5150
2940 2580 5290 5140
2980 2580 5290 5150
2930 2580 5290 5150
2970 2580 5290 5140
2970 2590 5290 5130
2930 2590 5300 5130
2980 2590 5280 5120
2960 2580 5270 5130
2940 2580 5270 5140
2910 2580 5280 5120
2900 2570 5280 5140
2900 2570 5280 5140
2970 2570 5270 5150
2930 2580 5260 5150
2940 2580 5260 5140
2970 2580 5250 5130
2900 2570 5250 5110
2910 2580 5270 5120
2950 2580 5270 5120
2890 2580 5270 5140
2930 2570 5280 5140
2980 2570 5280 5130
2920 2590 5270 5110
2920 2590 5280 5110
2910 2580 5280 5130
2970 2580 5270 5130
2920 2580 5270 5130
2930 2580 5280 5130
2930 2590 5280 5110
2950 2580 5280 5100
2970 2580 5280 5100
2930 2580 5270 5100
2930 2580 5260 5120
2920 2580 5260 5110
2930 2580 5250 5120
2920 2580 5260 5130
2920 2580 5260 5130
2910 2580 5250 5120
2980 2590 5250 5130
2920 2590 5250 5140
2970 2580 5260 5140
2910 2580 5260 5140
2950 2580 5270 5120
2910 2580 5260 5110
2910 2580 5260 5100
2970 2580 5250 5090
2950 2580 5250 5090
2900 2580 5270 5110
2960 2580 5260 5110
2910 2580 5270 5100
2950 2580 5270 5110
2900 2580 5260 5130
2900 2580 5270 5120
2940 2580 5260 5100
2950 2580 5260 5100
2920 2580 5260 5100
2960 2580 5270 5090
2900 2590 5260 5090
2960 2600 5270 5110
2960 2590 5280 5120
2460 2590 5730 5110
2460 2590 5720 5120
2460 2590 5780 5130
2460 2590 5760 5120
2460 2590 5730 5120
2470 2590 5750 5140
2470 2590 5750 5120
2460 2580 5740 5130
2460 2580 5800 5130
2460 2590 5770 5120
2470 2580 5800 5130
2460 2590 5750 5140
2460 2590 5760 5140
2450 2580 5760 5150
2460 2580 5760 5150
2440 2590 5750 5140
2430 2600 5740 5150
2430 2600 5800 5130
2440 2600 5770 5140
2440 2600 5740 5140
2450 2580 5730 5130
2450 2590 5760 5140
2460 2590 5780 5140
2470 2590 5750 5120
2440 2600 5800 5130
2450 2590 5750 5140
2450 2580 5770 5140
2440 2580 5730 5140
2450 2580 5740 5140
2460 2590 5770 5150
2470 2580 5790 5150
2480 2590 5740 5150
2460 2600 5760 5130
2450 2590 5790 5120
2450 2600 5770 5130
2450 2600 5810 5120
2460 2590 5750 5130
2450 2580 5790 5120
2450 2580 5780 5110
2450 2580 5740 5130
2440 2580 5790 5150
2460 2580 5760 5150
2450 2580 5810 5130
2460 2580 5760 5110
2460 2580 5780 5120
2450 2590 5750 5150
2460 2590 5780 5160
2460 2600 5740 5160
2470 2590 5750 5130
2440 2590 5770 5140
2440 2580 5770 5150
2450 2600 5790 5150
2450 2600 5770 5130
2450 2600 5750 5130
2460 2590 5750 5130
2450 2590 5790 5120
2450 2580 5770 5130
2450 2590 5780 5120
2450 2590 5730 5130
2460 2580 5760 5130
2460 2570 5740 5110
2460 2570 5800 5120
2460 2580 5750 5120
2450 2580 5790 5120
2450 2590 5780 5140
2450 2590 5780 5130
2460 2590 5790 5130
2460 2590 5740 5130
2460 2590 5760 5120
2470 2580 5760 5130
2480 2590 5740 5120
2470 2590 5760 5120
