3190 2690 4800 4710
3190 2700 4800 4710
3150 2710 4790 4710
3160 2720 4790 4710
3150 2720 4790 4720
3170 2720 4780 4720
3190 2720 4780 4720
3120 2720 4780 4710
3130 2720 4780 4690
3130 2720 4780 4690
3150 2710 4790 4700
3130 2710 4790 4700
3130 2710 4790 4700
3110 2720 4790 4700
3120 2750 4800 4700
3120 2740 4790 4700
3110 2740 4790 4710
3140 2750 4790 4710
3140 2740 4790 4710
3140 2720 4790 4710
3120 2710 4790 4700
3110 2740 4790 4690
3180 2740 4790 4690
3170 2740 4790 4700
3120 2740 4790 4700
3160 2740 4790 4700
3140 2740 4790 4690
3170 2740 4780 4690
3160 2720 4790 4690
3160 2720 4790 4690
3180 2720 4790 4690
3180 2720 4790 4700
3120 2740 4790 4710
3140 2720 4790 4710
3170 2750 4800 4700
3150 2760 4800 4710
3120 2750 4790 4710
3120 2720 4780 4710
3180 2740 4790 4710
3140 2720 4800 4700
3190 2720 4790 4700
3120 2720 4790 4710
3180 2720 4800 4710
3180 2710 4810 4710
3140 2720 4810 4710
3140 2720 4810 4710
3130 2720 4810 4710
3160 2740 4810 4710
3140 2740 4800 4710
3130 2720 4800 4710
3130 2720 4800 4710
3130 2720 4810 4710
3140 2710 4810 4710
3180 2710 4810 4710
3140 2710 4790 4710
3180 2710 4790 4710
3160 2710 4800 4710
3160 2720 4800 4710
3140 2720 4800 4710
3120 2710 4790 4710
3120 2710 4790 4720
3160 2710 4790 4720
3120 2710 4800 4730
3190 2700 4790 4720
3180 2710 4790 4720
3180 2720 4790 4710
3140 2720 4790 4710
3140 2720 4780 4710
3140 2720 4770 4720
3160 2720 4770 4710
3140 2720 4780 4710
3170 2710 4790 4710
3170 2710 4800 4710
3190 2710 4800 4710
3130 2710 4800 4710
3150 2720 4800 4710
3130 2720 4800 4710
3150 2740 4790 4710
3190 2740 4790 4710
3140 2740 4790 4720
3190 2740 4790 4720
2670 2740 5290 4710
2680 2740 5240 4710
2670 2740 5310 4710
2660 2740 5240 4700
2670 2740 5260 4700
2690 2740 5270 4710
2680 2740 5270 4710
2660 2720 5300 4710
2660 2720 5240 4710
2670 2720 5260 4710
2660 2740 5240 4710
2660 2720 5240 4700
2660 2720 5270 4700
2650 2710 5250 4700
2660 2710 5250 4700
2660 2710 5300 4700
2650 2710 5310 4700
2660 2720 5280 4700
2670 2720 5260 4700
2670 2740 5270 4700
2670 2720 5240 4710
2660 2710 5250 4700
2670 2710 5270 4690
2670 2710 5230 4700
2670 2710 5230 4700
2670 2710 5310 4690
2660 2710 5270 4690
2660 2710 5270 4700
2660 2710 5260 4710
2660 2690 5280 4710
2660 2690 5250 4710
2660 2680 5310 4710
2650 2680 5320 4720
2650 2680 5260 4720
2650 2670 5280 4710
2650 2660 5330 4710
2660 2680 5300 4710
2650 2690 5260 4710
2650 2690 5250 4710
2660 2690 5280 4710
2660 2690 5280 4710
2650 2700 5250 4710
2650 2700 5270 4710
2670 2700 5280 4710
2670 2700 5290 4710
2660 2700 5250 4710
2660 2680 5310 4720
2660 2700 5270 4710
2660 2700 5270 4710
2650 2700 5260 4710
2650 2700 5280 4690
2640 2690 5280 4700
2640 2680 5260 4700
2640 2680 5310 4700
2640 2680 5270 4720
2640 2690 5320 4710
2640 2690 5280 4710
2650 2690 5320 4710
2660 2700 5300 4710
2660 2700 5250 4710
2650 2700 5270 4720
2650 2700 5290 4700
2650 2720 5290 4700
2660 2740 5280 4700
2660 2740 5300 4700
2660 2720 5240 4700
2650 2740 5300 4690
2660 2740 5260 4690
2660 2720 5280 4690
2660 2710 5280 4700
2650 2710 5260 4700
2650 2710 5290 4690
2650 2700 5300 4690
2640 2700 5250 4690
2640 2700 5310 4690
2640 2710 5290 4700
2650 2720 5270 4700
2650 2720 5260 4700
2640 2720 5310 4700
2650 2740 5290 4690
2650 2740 5260 4690
2640 2740 5250 4690
2630 2720 5320 4690
2630 2720 5250 4710
