3330 2910 4340 4320
3400 2910 4350 4310
3350 2910 4340 4300
3390 2910 4340 4300
3370 2920 4340 4310
3370 2920 4340 4310
3330 2920 4340 4310
3350 2920 4340 4310
3380 2920 4340 4310
3320 2910 4340 4320
3350 2920 4340 4320
3330 2920 4340 4310
3390 2930 4340 4310
3390 2920 4340 4310
3320 2930 4340 4310
3320 2930 4340 4310
3320 2930 4330 4300
3310 2920 4320 4290
3330 2930 4330 4300
3350 2930 4330 4310
3390 2920 4340 4310
3340 2920 4340 4310
3330 2910 4350 4300
3350 2910 4350 4300
3380 2900 4350 4300
3330 2900 4340 4300
3300 2900 4340 4310
3290 2900 4340 4310
3370 2900 4340 4310
3340 2900 4340 4310
3340 2900 4340 4320
3370 2910 4350 4310
3350 2910 4350 4310
3350 2900 4350 4310
3320 2900 4350 4310
3320 2900 4350 4320
3340 2910 4350 4320
3340 2910 4350 4320
3380 2910 4350 4320
3340 2910 4350 4320
3320 2900 4340 4320
3340 2900 4350 4320
3320 2910 4350 4320
3380 2910 4350 4320
3390 2910 4350 4320
3330 2910 4340 4320
3330 2910 4340 4330
3320 2910 4340 4330
3310 2920 4350 4320
3370 2920 4350 4320
3370 2920 4350 4310
3370 2920 4340 4310
3350 2920 4350 4320
3310 2920 4340 4320
3370 2920 4340 4320
3340 2920 4340 4320
3320 2920 4350 4320
3340 2920 4340 4320
3360 2920 4340 4320
3320 2920 4340 4310
3330 2920 4340 4310
3310 2920 4340 4320
3310 2910 4340 4320
3310 2910 4340 4320
3320 2900 4330 4310
3320 2910 4330 4320
3380 2910 4330 4320
3360 2910 4330 4320
3370 2910 4330 4330
3340 2910 4330 4330
3380 2910 4340 4330
3380 2910 4350 4330
3380 2910 4350 4330
2860 2900 4870 4330
2850 2910 4870 4330
2850 2920 4810 4330
2840 2920 4870 4330
2860 2920 4800 4330
2860 2920 4860 4330
2860 2910 4860 4320
2870 2910 4820 4320
2850 2900 4820 4320
2840 2910 4860 4310
2840 2910 4840 4300
2850 2920 4840 4300
2850 2910 4830 4300
2840 2920 4850 4310
2840 2930 4870 4320
2850 2930 4870 4320
2850 2930 4820 4310
2850 2930 4820 4310
2870 2930 4820 4300
2870 2930 4840 4310
2870 2910 4870 4320
2860 2910 4870 4320
2850 2910 4800 4340
2850 2920 4840 4330
2850 2920 4820 4320
2850 2920 4840 4320
2850 2910 4860 4320
2850 2920 4840 4330
2860 2920 4840 4330
2860 2920 4820 4330
2860 2920 4820 4330
2850 2920 4850 4330
2850 2920 4810 4330
2850 2920 4870 4330
2850 2920 4820 4330
2850 2920 4860 4310
2850 2920 4800 4300
2850 2920 4840 4300
2860 2920 4800 4300
2870 2920 4840 4320
2860 2920 4820 4320
2870 2920 4820 4310
2860 2920 4800 4330
2860 2910 4820 4320
2860 2910 4860 4320
2860 2910 4830 4320
2850 2910 4830 4320
2870 2900 4810 4320
2860 2900 4800 4330
2860 2910 4830 4320
2860 2900 4830 4320
2850 2890 4850 4310
2850 2890 4810 4320
2860 2890 4800 4320
2850 2900 4810 4330
2860 2910 4800 4320
2860 2920 4820 4320
2850 2910 4790 4320
2850 2910 4860 4320
2850 2910 4820 4320
2850 2910 4820 4330
2870 2920 4840 4340
2870 2920 4860 4340
2870 2920 4820 4340
2860 2910 4860 4330
2880 2910 4820 4310
2880 2910 4800 4310
2860 2910 4850 4310
2850 2920 4800 4330
2850 2900 4820 4330
2840 2910 4860 4330
2830 2920 4840 4320
2830 2920 4840 4330
