2460 4970 3080 5310
2450 4970 3080 5320
2460 4970 3080 5310
2470 4970 3080 5320
2500 4970 3080 5310
2460 4960 3080 5310
2480 4960 3080 5310
2460 4960 3080 5330
2480 4960 3080 5310
2530 4960 3080 5300
2470 4960 3080 5310
2440 4960 3070 5320
2450 4950 3080 5320
2500 4970 3080 5330
2510 4970 3080 5320
2450 4980 3100 5310
2510 4970 3100 5330
2460 4970 3100 5310
2460 4970 3110 5300
2470 4960 3090 5310
2490 4960 3090 5300
2510 4960 3090 5300
2490 4960 3090 5310
2510 4970 3090 5330
2500 4990 3090 5330
2480 4990 3090 5320
2520 4980 3090 5320
2540 4980 3080 5310
2510 4980 3100 5330
2470 4970 3110 5340
2470 4980 3100 5350
2460 4980 3090 5340
2530 4980 3090 5330
2540 4960 3110 5340
2540 4960 3110 5320
2490 4960 3090 5340
2540 4970 3090 5350
2500 4960 3080 5360
2500 4950 3070 5360
2540 4970 3060 5350
2510 4970 3070 5330
2530 4960 3070 5330
2550 4970 3070 5340
2500 4980 3080 5330
2520 4980 3080 5310
2540 4980 3080 5320
2500 4970 3090 5320
2540 4960 3100 5330
2500 4960 3090 5330
2520 4960 3100 5330
2490 4970 3100 5310
2500 4970 3090 5320
2540 4970 3090 5310
2480 4970 3090 5310
2520 4980 3080 5330
2500 4970 3080 5340
2500 4970 3080 5350
2470 4970 3090 5340
2490 4980 3090 5320
2460 4990 3100 5310
2460 4990 3100 5320
2490 5000 3090 5340
2490 5000 3100 5350
2500 4990 3100 5350
2480 4980 3100 5360
2540 4980 3090 5330
2500 4980 3090 5350
2530 4970 3090 5350
2470 4970 3080 5330
2530 4970 3080 5320
2460 4970 3070 5320
2530 4970 3070 5340
2500 4960 3070 5340
2490 4960 3080 5330
2480 4960 3070 5310
2490 4960 3090 5320
2510 4960 3090 5330
2560 4960 3090 5320
2520 4960 3090 5300
2500 4970 3090 5320
2500 4980 3080 5320
2530 4980 3090 5310
2470 4990 3080 5330
2510 4990 3090 5310
2440 4990 3080 5310
2460 4990 3080 5330
2510 4990 3080 5310
2520 4990 3080 5300
2450 4990 3080 5290
2490 4990 3080 5320
1990 5460 3090 5330
2000 5480 3090 5340
1990 5430 3090 5330
2000 5470 3100 5340
2000 5480 3090 5320
1980 5430 3100 5300
1980 5470 3100 5290
2000 5480 3090 5290
2010 5420 3080 5300
2010 5440 3100 5300
2020 5490 3090 5290
2030 5460 3090 5300
2020 5470 3090 5310
2020 5440 3090 5300
2000 5450 3080 5320
2000 5450 3090 5340
2010 5470 3090 5340
1990 5450 3070 5340
2010 5490 3080 5330
2010 5480 3080 5320
2010 5440 3080 5310
2020 5420 3080 5300
2020 5470 3080 5300
2020 5490 3080 5290
2030 5490 3080 5300
2030 5440 3080 5290
2030 5500 3080 5290
2020 5450 3080 5310
2040 5450 3080 5310
2030 5440 3080 5330
2020 5450 3090 5310
2010 5490 3090 5320
2010 5450 3090 5310
2010 5450 3100 5320
2010 5430 3100 5340
2010 5470 3100 5360
1990 5460 3090 5330
1990 5420 3090 5340
1990 5450 3080 5320
2010 5480 3070 5330
2000 5430 3070 5340
2000 5450 3070 5330
2010 5510 3070 5340
2020 5480 3080 5330
2030 5450 3080 5330
2020 5490 3090 5330
2020 5440 3080 5340
2020 5460 3080 5330
2020 5450 3090 5310
2030 5510 3080 5320
2020 5440 3080 5310
2030 5500 3090 5330
2030 5440 3090 5330
2020 5500 3080 5320
2020 5500 3080 5330
2020 5460 3080 5340
2030 5450 3090 5320
2030 5510 3090 5320
2030 5460 3090 5320
2020 5510 3090 5320
2000 5450 3090 5320
2000 5510 3090 5320
2000 5450 3090 5310
2020 5510 3090 5320
2030 5480 3090 5330
2030 5470 3090 5310
2020 5470 3090 5330
2010 5450 3090 5310
2000 5430 3080 5330
1990 5430 3070 5320
2010 5430 3070 5310
2000 5440 3080 5300
2000 5460 3080 5320
2010 5430 3080 5320
2000 5440 3080 5330
2010 5440 3100 5340
2000 5460 3080 5320
2000 5450 3080 5320
2010 5470 3080 5330
2020 5470 3080 5340
2020 5470 3080 5320
2030 5510 3080 5330
2010 5510 3080 5320
2010 5490 3080 5320
2000 5480 3070 5330
2010 5500 3070 5320
2010 5490 3070 5310
2000 5430 3090 5300
