3680 3230 3980 3910
3620 3230 3980 3910
3620 3230 3980 3910
3640 3230 3980 3910
3620 3200 3980 3910
3650 3210 3980 3900
3630 3210 3990 3890
3620 3220 3980 3880
3650 3210 3980 3880
3620 3210 3990 3890
3620 3210 3980 3910
3650 3190 3980 3930
3620 3220 3980 3920
3610 3230 3990 3910
3640 3220 3980 3920
3630 3220 3980 3910
3640 3210 3980 3910
3610 3210 3980 3910
3630 3190 3980 3910
3630 3210 3980 3910
3660 3220 3980 3920
3660 3230 3960 3920
3650 3210 3960 3920
3660 3210 3960 3910
3700 3220 3960 3910
3670 3210 3960 3890
3670 3200 3980 3910
3680 3200 3980 3900
3650 3210 3980 3900
3710 3220 3980 3900
3640 3230 3980 3910
3680 3220 3980 3910
3650 3230 3980 3910
3680 3230 3980 3910
3640 3210 3980 3900
3640 3220 3980 3900
3620 3200 3980 3900
3630 3190 3980 3900
3640 3200 3980 3910
3660 3190 3980 3910
3670 3180 3980 3910
3630 3200 3990 3920
3630 3220 3980 3920
3640 3240 3990 3910
3610 3230 3980 3890
3650 3230 3980 3890
3630 3210 3980 3900
3590 3220 3990 3900
3610 3210 3990 3900
3610 3220 3990 3910
3650 3220 3990 3910
3660 3230 3990 3910
3620 3230 3990 3900
3620 3210 3990 3890
3690 3210 3990 3900
3660 3230 3980 3880
3680 3210 3980 3880
3680 3200 3990 3890
3650 3190 4000 3900
3650 3210 3990 3910
3660 3220 3990 3920
3620 3240 3980 3920
3690 3220 3980 3910
3620 3230 3980 3910
3660 3230 3980 3910
3680 3230 3980 3900
3700 3230 3980 3900
3680 3230 3980 3910
3680 3230 3980 3920
3630 3230 3990 3940
3620 3220 3990 3930
3600 3230 3990 3930
3680 3240 3980 3930
3630 3240 3980 3920
3600 3220 3980 3900
3620 3210 3980 3900
3670 3230 3980 3900
3620 3240 3990 3910
3690 3240 3990 3920
3650 3250 3990 3920
3640 3250 4000 3920
3680 3250 4000 3920
3610 3250 4000 3910
3620 3230 3990 3910
3610 3240 3990 3890
3620 3240 3990 3880
3620 3240 3990 3880
3640 3230 3990 3890
3660 3230 3980 3900
3680 3220 3960 3910
3630 3220 3960 3910
3670 3230 3980 3910
3620 3220 3990 3910
3700 3230 3990 3910
3690 3210 3990 3910
3640 3200 3980 3910
3680 3190 3990 3920
3190 3200 4510 3920
3170 3200 4450 3930
3170 3220 4470 3930
3170 3210 4440 3920
3170 3200 4440 3920
3180 3210 4440 3910
3170 3210 4510 3920
3150 3220 4510 3910
3160 3230 4470 3910
3150 3220 4490 3920
3150 3210 4510 3910
3150 3200 4460 3910
3140 3210 4460 3910
3160 3220 4510 3910
3140 3220 4510 3900
3160 3220 4450 3900
3140 3220 4500 3900
3140 3220 4440 3900
3170 3210 4460 3900
3160 3190 4440 3910
3160 3200 4500 3910
3150 3220 4460 3910
3140 3220 4480 3910
3130 3230 4510 3910
3150 3200 4440 3910
3140 3210 4480 3910
3160 3200 4440 3920
3150 3210 4440 3910
3150 3200 4460 3920
3140 3220 4440 3920
3140 3220 4500 3910
3140 3220 4440 3910
3140 3220 4500 3910
3140 3220 4470 3920
3130 3220 4450 3920
3130 3230 4500 3920
3120 3220 4500 3910
3140 3220 4480 3920
3140 3210 4460 3920
3130 3200 4510 3910
3130 3220 4460 3910
3130 3230 4450 3910
3140 3230 4470 3920
3160 3220 4490 3920
3150 3220 4460 3920
3150 3230 4490 3910
3140 3210 4480 3910
3160 3210 4450 3910
3160 3190 4490 3920
3170 3190 4440 3920
3160 3220 4470 3930
3150 3220 4480 3930
3140 3230 4510 3920
3160 3220 4500 3910
3160 3210 4440 3910
3160 3200 4420 3900
3170 3210 4440 3910
3150 3210 4460 3910
3140 3200 4480 3910
3140 3210 4440 3920
3150 3230 4460 3910
3150 3230 4480 3910
3150 3210 4500 3910
3150 3210 4440 3910
3170 3210 4460 3910
3150 3230 4450 3910
3150 3240 4470 3920
3140 3240 4500 3910
3150 3230 4480 3920
3130 3230 4420 3910
3130 3230 4480 3920
3120 3220 4460 3920
3120 3200 4500 3910
3130 3210 4500 3920
3120 3220 4500 3920
3140 3220 4460 3910
3140 3210 4490 3910
3140 3230 4450 3900
3140 3220 4470 3900
3130 3220 4460 3890
3130 3210 4510 3890
3140 3220 4480 3900
3160 3230 4440 3910
3150 3220 4420 3920
3140 3230 4440 3920
3150 3220 4440 3910
3130 3200 4470 3910
3130 3190 4510 3920
3150 3200 4470 3920
3140 3220 4470 3920
3130 3220 4460 3910
3140 3210 4440 3910
3150 3220 4500 3910
3140 3210 4500 3920
3130 3200 4490 3920
3130 3220 4500 3910
3140 3230 4480 3920
3140 3230 4480 3920
3140 3220 4480 3920
3160 3220 4440 3930
