4010 3560 3570 3520
3970 3560 3580 3520
3980 3560 3580 3520
4040 3560 3580 3530
4040 3570 3590 3530
4010 3550 3590 3530
4000 3570 3590 3520
4010 3570 3580 3520
4010 3570 3580 3510
3980 3570 3570 3510
3980 3570 3580 3510
4000 3570 3580 3510
3960 3570 3580 3510
3970 3570 3580 3510
3980 3570 3580 3510
4030 3570 3580 3510
3980 3570 3580 3510
4000 3570 3580 3510
4020 3570 3590 3520
4020 3570 3590 3510
3970 3580 3590 3520
3980 3580 3580 3520
3980 3570 3570 3510
3990 3570 3570 3510
4020 3570 3570 3510
3960 3570 3580 3510
4000 3570 3580 3510
4000 3570 3580 3510
4000 3570 3580 3500
3960 3570 3580 3500
3960 3570 3580 3500
3980 3570 3580 3500
4010 3570 3580 3510
3960 3570 3580 3520
3960 3570 3580 3510
3960 3570 3580 3510
3950 3570 3580 3520
3960 3570 3580 3510
3980 3570 3580 3510
3950 3570 3580 3520
4000 3570 3570 3520
4030 3570 3570 3520
4030 3570 3570 3520
3990 3570 3570 3520
3980 3570 3580 3520
4020 3570 3580 3520
3970 3570 3580 3530
3990 3570 3580 3530
4000 3560 3570 3530
4020 3560 3570 3530
4010 3570 3570 3530
4000 3570 3580 3530
4000 3570 3580 3530
3980 3570 3580 3540
3970 3570 3580 3530
3970 3560 3580 3530
3980 3560 3580 3540
3990 3560 3580 3540
3990 3560 3580 3530
3990 3560 3580 3520
4010 3560 3580 3520
3960 3570 3580 3540
4020 3570 3580 3530
3980 3570 3580 3540
3990 3560 3580 3540
3500 3560 4040 3540
3510 3560 4110 3540
3500 3570 4050 3520
3500 3580 4080 3520
3510 3580 4040 3520
3500 3580 4060 3530
3510 3570 4100 3520
3500 3570 4100 3520
3490 3570 4060 3520
3490 3560 4060 3530
3490 3560 4040 3530
3490 3560 4040 3530
3490 3560 4110 3530
3480 3560 4110 3530
3480 3560 4080 3540
3480 3560 4060 3530
3480 3570 4080 3540
3480 3570 4100 3530
3490 3560 4040 3530
3490 3560 4040 3530
3500 3560 4100 3540
3500 3560 4080 3540
3500 3570 4100 3540
3500 3570 4080 3540
3500 3570 4100 3530
3500 3570 4080 3530
3500 3570 4100 3530
3500 3560 4060 3530
3510 3560 4060 3530
3510 3560 4100 3520
3500 3560 4060 3520
3500 3560 4100 3520
3500 3550 4040 3520
3500 3560 4050 3520
3500 3560 4050 3520
3490 3560 4070 3520
3500 3560 4070 3520
3500 3580 4040 3510
3500 3580 4080 3510
3490 3580 4040 3510
3490 3580 4040 3510
3490 3580 4100 3510
3490 3570 4100 3510
3490 3560 4040 3520
3500 3560 4040 3510
3500 3560 4040 3500
3500 3560 4090 3500
3500 3550 4090 3520
3500 3550 4050 3520
3510 3550 4070 3510
3500 3550 4030 3510
3500 3550 4040 3520
3500 3550 4040 3510
3500 3550 4060 3500
3490 3550 4060 3510
3490 3560 4040 3520
3490 3560 4100 3520
3490 3560 4040 3510
3500 3560 4080 3510
3500 3570 4040 3510
3500 3570 4060 3510
3510 3570 4100 3510
3500 3570 4100 3500
3500 3570 4080 3520
3490 3570 4040 3520
