4350 3950 3280 3150
4380 3950 3280 3150
4350 3950 3290 3150
4370 3950 3290 3150
4340 3940 3290 3150
4370 3940 3280 3160
4350 3950 3280 3150
4350 3950 3290 3160
4410 3960 3290 3150
4360 3950 3280 3150
4360 3960 3280 3160
4360 3980 3280 3150
4390 3980 3290 3140
4350 3980 3300 3140
4350 3980 3300 3150
4370 3960 3300 3150
4350 3980 3300 3160
4420 3960 3290 3170
4350 3950 3280 3170
4410 3950 3280 3180
4350 3960 3290 3170
4370 3960 3290 3170
4370 3960 3280 3160
4390 3950 3280 3170
4400 3960 3300 3160
4340 3980 3300 3150
4350 3950 3300 3160
4370 3950 3300 3160
4330 3980 3290 3160
4390 3980 3290 3160
4380 3960 3280 3170
4350 3950 3280 3160
4340 3950 3290 3150
4310 3950 3280 3150
4370 3950 3280 3150
4350 3950 3290 3150
4330 3960 3280 3150
4320 3960 3280 3150
4350 3960 3290 3160
4360 3960 3280 3160
4370 3960 3270 3170
4400 3960 3260 3180
4390 3980 3280 3160
4380 3960 3270 3170
4410 3960 3280 3160
4340 3950 3280 3160
4390 3950 3290 3170
4370 3960 3280 3180
4330 3950 3280 3170
4370 3960 3280 3170
4360 3960 3280 3150
4390 3960 3280 3140
4380 3960 3280 3150
4400 3960 3290 3140
4330 3960 3290 3150
4330 3980 3280 3160
4370 3960 3270 3160
4400 3960 3280 3160
4360 3960 3280 3160
4380 3960 3280 3150
4340 3980 3280 3170
4390 3980 3280 3160
4350 3960 3280 3150
4340 3960 3270 3160
4330 3980 3270 3160
4350 3980 3280 3160
4390 3960 3290 3160
4390 3980 3290 3160
4330 3960 3280 3170
4370 3960 3280 3170
4350 3950 3270 3140
4330 3960 3270 3150
4370 3960 3280 3150
4350 3980 3300 3150
4350 3980 3300 3140
4390 3960 3290 3170
4350 3980 3290 3170
4340 3980 3280 3160
4390 3960 3290 3170
4340 3980 3280 3170
3870 3950 3770 3170
3860 3950 3810 3160
3860 3950 3760 3180
3870 3950 3800 3170
3870 3960 3750 3170
3890 3960 3760 3180
3880 3960 3780 3190
3870 3950 3750 3200
3870 3950 3800 3200
3870 3950 3820 3200
3870 3950 3800 3200
3870 3950 3780 3190
3870 3950 3750 3170
3870 3950 3760 3160
3870 3940 3770 3160
3870 3950 3770 3150
3870 3950 3760 3150
3880 3950 3810 3170
3870 3940 3740 3170
3880 3940 3790 3190
3870 3950 3810 3190
3870 3960 3750 3190
3870 3950 3800 3170
3870 3950 3800 3170
3870 3960 3820 3160
3870 3950 3800 3170
3880 3950 3780 3170
3880 3950 3810 3180
3880 3940 3800 3180
3880 3950 3810 3190
3880 3940 3770 3200
3880 3940 3780 3200
3890 3950 3730 3210
3880 3980 3750 3210
3880 3950 3740 3200
3880 3980 3780 3190
3880 3980 3810 3190
3870 3960 3810 3180
3860 3960 3810 3180
3860 3960 3760 3180
3870 3950 3760 3180
3880 3950 3800 3180
3870 3950 3820 3170
3860 3980 3820 3160
3870 3980 3820 3160
3870 3980 3820 3160
3870 3980 3820 3150
3870 3960 3780 3160
3870 3960 3760 3150
3880 3980 3760 3170
3880 3980 3810 3160
3870 3980 3780 3160
3880 3980 3820 3170
3880 3980 3760 3150
3870 3980 3820 3150
3880 3980 3770 3170
3880 3980 3810 3150
3880 3980 3740 3150
3890 3980 3790 3160
3880 3980 3740 3170
3890 3980 3750 3180
3880 3990 3730 3170
3870 3980 3800 3170
3870 3980 3750 3160
3860 3980 3780 3160
3860 3980 3780 3150
3870 3950 3760 3160
3880 3950 3740 3160
3880 3960 3760 3170
3880 3960 3790 3160
3870 3980 3770 3150
3870 3990 3790 3150
3870 3990 3810 3130
3890 3990 3750 3130
