4820 4370 3000 2840
4770 4370 3000 2840
4810 4390 3010 2860
4760 4400 3010 2870
4760 4400 3010 2870
4770 4390 3010 2870
4760 4390 3000 2860
4760 4380 3000 2850
4820 4390 3010 2850
4780 4370 3010 2850
4790 4380 3010 2870
4820 4380 3000 2870
4760 4380 3000 2860
4810 4400 3000 2870
4790 4390 3000 2870
4780 4380 3000 2870
4770 4380 3000 2880
4770 4380 2990 2880
4750 4390 3000 2880
4760 4390 3000 2860
4790 4380 3000 2860
4770 4380 3010 2860
4790 4380 3000 2850
4790 4380 3010 2840
4750 4380 3010 2830
4790 4390 3010 2820
4750 4400 3010 2830
4750 4400 3010 2840
4730 4410 3010 2830
4750 4410 3020 2840
4770 4400 3020 2840
4790 4390 3020 2850
4790 4390 3010 2840
4820 4380 3010 2850
4800 4390 3010 2840
4780 4380 3010 2860
4790 4380 3010 2850
4760 4380 3000 2860
4820 4380 3010 2860
4780 4380 3010 2850
4770 4380 3020 2850
4790 4380 3020 2860
4760 4370 3010 2850
4790 4380 3020 2860
4830 4380 3010 2850
4810 4370 3010 2850
4800 4370 3010 2850
4780 4370 3000 2840
4780 4370 3000 2850
4770 4370 3000 2850
4750 4390 3000 2840
4810 4390 3000 2840
4750 4380 3000 2840
4810 4380 3010 2850
4790 4380 3010 2850
4760 4380 3010 2840
4760 4380 3010 2840
4790 4400 3010 2860
4760 4390 3010 2850
4780 4380 3010 2860
4820 4380 3010 2860
4770 4380 3010 2850
4750 4390 3020 2840
4780 4390 3020 2850
4790 4390 3020 2840
4830 4400 3020 2830
4810 4390 3020 2820
4830 4390 3020 2820
4760 4390 3020 2820
4770 4390 3020 2840
4750 4390 3020 2830
4750 4380 3010 2840
4780 4380 3000 2840
4790 4390 3010 2840
4770 4380 3020 2830
4810 4380 3020 2840
4810 4380 3020 2830
4800 4390 3020 2840
4820 4390 3030 2850
4810 4390 3030 2850
4760 4390 3030 2830
4790 4380 3030 2820
4820 4380 3020 2820
4770 4370 3010 2830
4770 4360 3010 2830
4780 4360 3010 2830
4780 4350 3010 2850
4810 4350 3010 2840
4300 4360 3510 2860
4300 4360 3510 2850
4300 4370 3510 2860
4300 4380 3480 2880
4310 4400 3500 2880
4310 4400 3500 2880
4300 4400 3510 2870
4300 4380 3510 2860
4300 4370 3470 2870
4300 4370 3480 2850
4300 4370 3480 2850
4300 4370 3520 2840
4290 4370 3500 2860
4290 4370 3510 2840
4290 4370 3490 2840
4290 4360 3530 2850
4290 4360 3490 2850
4300 4350 3510 2840
4300 4370 3510 2830
4300 4380 3550 2840
4300 4400 3550 2830
4290 4400 3510 2840
4290 4410 3550 2820
4300 4400 3510 2840
4300 4390 3550 2830
4290 4390 3550 2830
4290 4390 3490 2860
4290 4380 3480 2860
4300 4390 3500 2850
4290 4390 3480 2830
4290 4380 3500 2830
4290 4390 3520 2830
4300 4390 3510 2840
4300 4390 3510 2850
4300 4390 3520 2850
4300 4390 3520 2850
4300 4390 3480 2850
4300 4400 3480 2840
4300 4390 3520 2840
4300 4380 3480 2850
4300 4390 3520 2850
4300 4380 3540 2860
4310 4380 3520 2870
4310 4380 3490 2870
4300 4380 3530 2880
4290 4390 3490 2880
4290 4390 3510 2870
4290 4380 3470 2880
4270 4380 3530 2860
4290 4380 3490 2850
4300 4370 3480 2860
4310 4380 3500 2860
4310 4380 3460 2860
4310 4380 3520 2870
4310 4380 3480 2860
4300 4370 3540 2850
4300 4370 3490 2850
4300 4370 3490 2840
4300 4370 3490 2840
4290 4360 3470 2850
4290 4370 3490 2850
4290 4370 3480 2850
4300 4390 3490 2860
4300 4390 3460 2860
4290 4380 3480 2840
4300 4380 3460 2850
4300 4390 3460 2870
4300 4370 3460 2860
4310 4370 3480 2870
4310 4370 3460 2870
4300 4370 3450 2850
4300 4370 3490 2840
4310 4370 3460 2860
4310 4380 3470 2850
4310 4380 3470 2860
4310 4380 3490 2840
4300 4380 3480 2840
4300 4380 3470 2840
4310 4380 3460 2830
4310 4380 3480 2830
4300 4400 3520 2830
4300 4400 3520 2830
4300 4400 3490 2830
4310 4390 3510 2850
4310 4380 3520 2850
4300 4380 3480 2850
4290 4380 3500 2850
4290 4370 3500 2850
4290 4370 3470 2850
4300 4370 3530 2850
4310 4380 3520 2860
4310 4370 3460 2860
