5210 4810 2810 2650
5210 4800 2810 2630
5160 4810 2810 2630
5230 4810 2810 2630
5190 4820 2810 2630
5210 4820 2810 2630
5200 4820 2810 2630
5220 4790 2800 2630
5220 4800 2810 2620
5200 4800 2800 2620
5160 4800 2800 2630
5220 4790 2800 2630
5180 4800 2800 2630
5170 4800 2800 2630
5210 4800 2810 2630
5150 4790 2810 2650
5150 4790 2810 2640
5210 4780 2810 2640
5150 4780 2800 2630
5200 4790 2810 2630
5170 4800 2810 2630
5200 4790 2820 2630
5240 4800 2820 2610
5170 4800 2820 2610
5240 4800 2820 2600
5230 4800 2820 2610
5180 4800 2820 2610
5180 4800 2820 2620
5210 4790 2830 2630
5230 4790 2830 2640
5210 4790 2830 2660
5220 4790 2830 2670
5190 4780 2830 2660
5240 4780 2830 2650
5200 4790 2830 2640
5170 4800 2830 2640
5160 4800 2830 2630
5160 4800 2830 2630
5230 4790 2830 2630
5190 4790 2830 2640
5170 4780 2820 2650
5210 4780 2820 2640
5230 4800 2820 2630
5170 4790 2810 2610
5180 4790 2810 2610
5180 4790 2820 2610
5170 4790 2820 2610
5170 4800 2820 2610
5220 4790 2820 2620
5160 4810 2820 2620
5160 4810 2820 2620
5160 4810 2810 2620
5220 4800 2810 2610
5170 4790 2810 2610
5170 4800 2810 2620
5190 4810 2810 2630
5200 4800 2810 2630
5160 4810 2810 2640
5240 4800 2810 2650
5170 4800 2810 2630
5210 4810 2810 2630
5190 4800 2810 2630
5240 4790 2810 2630
5190 4810 2810 2630
5180 4810 2810 2630
5220 4820 2810 2610
5240 4800 2810 2610
5190 4810 2810 2610
5180 4810 2810 2610
5190 4800 2810 2600
5190 4810 2810 2610
5220 4800 2810 2610
5240 4790 2820 2610
5210 4790 2820 2620
5230 4800 2820 2620
5180 4810 2820 2630
5170 4790 2820 2620
5180 4800 2820 2640
5200 4790 2820 2630
5190 4780 2820 2630
5190 4770 2820 2640
5210 4770 2820 2640
5230 4770 2820 2640
5240 4780 2820 2640
5190 4790 2810 2630
5170 4780 2810 2630
5230 4780 2790 2630
5170 4790 2810 2640
5170 4800 2820 2640
5230 4800 2820 2630
5230 4800 2820 2620
5190 4810 2820 2620
5210 4810 2830 2620
5190 4820 2820 2620
5210 4810 2820 2620
5170 4800 2810 2620
5170 4800 2790 2620
5190 4800 2780 2630
5200 4810 2790 2640
5190 4810 2810 2640
5160 4800 2800 2640
5160 4790 2810 2640
5200 4790 2810 2630
5180 4790 2810 2630
5200 4800 2820 2640
5180 4790 2820 2640
5160 4780 2820 2640
4710 4790 3280 2650
4730 4800 3280 2630
4730 4790 3280 2630
4730 4790 3290 2640
4730 4800 3270 2630
4730 4810 3270 2620
4730 4800 3330 2630
4730 4780 3280 2630
4730 4790 3270 2640
4720 4780 3260 2650
4720 4800 3310 2650
4710 4810 3250 2650
4710 4810 3250 2640
4710 4800 3310 2630
4720 4790 3310 2630
4710 4780 3310 2630
4720 4780 3320 2630
4730 4770 3290 2630
4730 4780 3320 2640
4720 4780 3280 2640
4710 4800 3320 2650
4710 4800 3280 2650
4710 4800 3280 2650
4710 4800 3280 2640
4710 4810 3320 2640
4700 4820 3250 2630
4700 4810 3320 2630
4700 4800 3280 2630
4700 4810 3280 2620
4710 4800 3330 2630
4710 4800 3300 2660
4700 4810 3260 2630
4710 4810 3280 2620
4700 4810 3370 2630
4700 4820 3290 2620
4700 4810 3270 2610
4700 4810 3290 2610
4700 4810 3310 2610
4720 4810 3270 2610
4710 4800 3270 2610
4710 4800 3330 2610
4710 4810 3270 2610
4720 4810 3310 2600
4710 4820 3330 2610
4700 4800 3310 2610
4700 4800 3270 2630
4720 4800 3330 2630
4720 4800 3260 2630
4730 4800 3320 2610
4730 4800 3260 2610
4730 4810 3250 2620
4710 4810 3280 2630
4730 4800 3260 2630
4720 4810 3260 2650
4710 4810 3290 2640
4710 4810 3290 2650
4700 4820 3270 2650
4710 4820 3270 2650
4710 4820 3310 2640
4710 4810 3330 2640
4710 4810 3330 2640
4710 4800 3310 2640
4730 4800 3330 2630
4730 4800 3290 2630
4730 4800 3290 70
4730 4790 3290 2620
4730 4800 3270 2610
4730 4820 3270 2610
4710 4810 3290 2630
4710 4800 3320 2630
4710 4800 3300 2630
4710 4800 3260 2640
4720 4820 3280 2630
4710 4810 3320 2630
4710 4800 3260 2630
4710 4800 3260 2630
4720 4800 3280 2630
4720 4790 3280 2630
4720 4800 3320 2640
4700 4800 3280 2640
4700 4810 3260 2650
4700 4820 3260 2640
4700 4800 3260 2650
4700 4810 3310 2640
4700 4810 3280 2630
4700 4810 3320 2630
4700 4810 3260 2630
4710 4810 3280 2630
4710 4820 3280 2640
4710 4810 3280 2630
4710 4820 3310 2630
4720 4810 3250 2630
4720 4810 3270 2630
4710 4790 3310 2620
4710 4810 3250 2640
4700 4800 3260 2640
4700 4800 3260 2640
4700 4800 3300 2640
4700 4800 3260 2640
4700 4810 3320 2630
4700 4810 3300 2640
4700 4810 3310 2670
4710 4800 3260 2630
