5620 5210 2650 2480
5600 5210 2640 2480
5600 5230 2640 2480
5620 5230 2640 2470
5640 5210 2640 2470
5660 5230 2640 2480
5660 5230 2640 2480
5600 5230 2640 2480
5640 5230 2640 2480
5620 5230 2640 2480
5590 5230 2640 2480
5620 5230 2640 2470
5630 5230 2640 2470
5650 5230 2630 2470
5590 5230 2630 2470
5630 5240 2630 2470
5640 5240 2640 2480
5650 5240 2640 2470
5620 5240 2640 2470
5630 5240 2640 2450
5630 5230 2640 2460
5610 5200 2640 2450
5650 5200 2640 2450
5590 5210 2640 2450
5630 5230 2650 2460
5590 5230 2650 2460
5580 5200 2650 2460
5590 5210 2640 2470
5580 5230 2640 2470
5600 5230 2630 2470
5650 5230 2630 2480
5660 5230 2650 2480
5620 5240 2650 2460
5620 5240 2650 2470
5670 5240 2660 2460
5630 5240 2660 2460
5610 5230 2650 2450
5650 5230 2650 2460
5670 5230 2640 2470
5620 5230 2640 2480
5640 5230 2640 2480
5670 5210 2650 2480
5660 5210 2650 2480
5620 5210 2650 2460
5640 5210 2650 2470
5600 5210 2640 2470
5620 5210 2640 2480
5620 5210 2630 2470
5650 5230 2630 2490
5650 5250 2630 2490
5590 5260 2630 2490
5590 5250 2630 2490
5650 5250 2630 2490
5590 5240 2620 2480
5590 5240 2620 2480
5630 5230 2620 2480
5610 5230 2620 2470
5600 5230 2630 2480
5620 5240 2630 2470
5660 5240 2630 2470
5640 5250 2640 2480
5630 5260 2640 2480
5610 5260 2640 2480
5610 5260 2640 2480
5650 5250 2640 2470
5640 5250 2650 2470
5600 5240 2650 2470
5660 5240 2650 2470
5640 5250 2650 2470
5620 5250 2650 2460
5140 5250 3130 2460
5140 5250 3140 2460
5140 5230 3140 2480
5150 5210 3180 2480
5150 5210 3110 2480
5140 5210 3160 2460
5140 5210 3110 2470
5140 5240 3100 2470
5130 5260 3100 2470
5130 5270 3160 2460
5120 5270 3100 2470
5120 5260 3100 2470
5130 5250 3160 2480
5150 5260 3160 2460
5150 5260 3140 2460
5150 5260 3130 2470
5150 5250 3140 2470
5150 5250 3160 2480
5150 5260 3120 2490
5150 5260 3160 2490
5150 5260 3180 2470
5150 5250 3140 2480
5150 5250 3170 2480
5150 5250 3110 2470
5150 5250 3100 2480
5150 5240 3090 2460
5150 5230 3130 2460
5150 5240 3110 2470
5150 5240 3120 2480
5150 5240 3110 2480
5150 5240 3140 2470
5150 5230 3180 2480
5150 5210 3110 2470
5150 5210 3170 2480
5140 5210 3170 2470
5140 5240 3130 2470
5140 5240 3130 2480
5140 5240 3130 2470
5140 5240 3110 2480
5140 5240 3120 2470
5150 5260 3160 2480
5150 5250 3120 2490
5150 5240 3090 2480
5160 5230 3090 2470
5160 5230 3130 2460
5150 5230 3120 2460
5150 5230 3150 2470
5150 5230 3090 2480
5150 5210 3110 2480
5150 5210 3150 2500
5150 5210 3150 2520
5150 5210 3090 2500
5150 5210 3130 2510
5150 5210 3150 2500
5130 5210 3130 2520
5120 5210 3140 2510
5120 5210 3150 2520
5120 5210 3110 2540
5120 5210 3090 2540
5120 5210 3100 2540
5120 5230 3150 2530
5130 5230 3150 2520
5120 5230 3130 2510
5130 5230 3110 2530
5130 5210 3110 2510
5140 5210 3150 2510
5140 5210 3130 2500
5140 5210 3090 2510
5130 5210 3110 2520
