5880 4970 3110 1970
5900 4960 3110 1980
5860 4960 3120 1970
5910 4960 3120 1980
5850 4960 3120 1980
5920 4950 3110 1950
5920 4950 3110 1940
5920 4950 3110 1950
5930 4940 3130 1940
5930 4940 3140 1960
5890 4940 3130 1950
5860 4940 3130 1960
5880 4950 3120 1950
5920 4950 3120 1950
5880 4950 3130 1960
5840 4950 3120 1960
5870 4950 3120 1950
5850 4940 3120 1950
5910 4940 3120 1960
5880 4940 3110 1950
5920 4940 3110 1950
5900 4940 3120 1940
5860 4940 3130 1940
5890 4940 3110 1960
5910 4950 3100 1970
5900 4950 3100 1950
5900 4950 3110 1940
5880 4950 3110 1940
5840 4950 3110 1930
5900 4950 3110 1920
5840 4950 3120 1930
5850 4970 3120 1930
5850 4980 3120 1910
5890 4970 3120 1910
5890 4970 3110 1920
5840 4970 3110 1920
5840 4960 3100 1920
5860 4950 3100 1950
5870 4950 3100 1940
5860 4960 3100 1930
5860 4960 3100 1940
5890 4960 3100 1930
5850 4960 3090 1950
5870 4950 3100 1950
5850 4950 3100 1960
5850 4960 3110 1950
5910 4970 3110 1940
5850 4970 3110 1950
5890 4970 3120 1970
5850 4960 3130 1980
5910 4950 3120 1960
5870 4950 3120 1970
5900 4950 3120 1980
5840 4950 3120 1980
5840 4950 3110 1960
5840 4960 3110 1960
5880 4960 3110 1970
5860 4970 3110 1950
5840 4970 3120 1970
5890 4970 3120 1960
5850 4970 3120 1980
5910 4970 3110 1960
5880 4960 3110 1950
5910 4950 3110 1940
5890 4950 3110 1940
5870 4950 3110 1930
5860 4960 3110 1920
5860 4960 3120 1930
5860 4980 3130 1940
5840 4980 3130 1960
5840 4980 3140 1970
5840 4990 3150 1970
5840 4980 3130 1970
5840 4970 3130 1970
5860 4980 3130 1970
5840 4980 3120 1960
5860 4970 3130 1960
5840 4970 3120 1970
5380 4970 3640 1950
5410 4950 3630 1950
5400 4960 3640 1970
5400 4960 3600 1970
5400 4960 3600 1970
5400 4960 3600 1970
5400 4960 3650 1980
5390 4960 3650 1990
5390 4960 3600 1980
5390 4970 3610 1970
5390 4970 3650 1970
5390 4970 3630 1970
5390 4970 3610 1960
5400 4960 3640 1950
5400 4960 3580 1950
5390 4960 3570 1950
5390 4960 3640 1950
5390 4960 3640 1950
5390 4970 3600 1950
5390 4970 3580 1970
5380 4960 3590 1960
5380 4960 3640 1950
5380 4960 3640 1960
5380 4960 3580 1960
5380 4960 3640 1950
5370 4960 3580 1960
5370 4970 3620 1970
5380 4970 3610 1970
5380 4960 3630 1970
5370 4970 3590 1970
5370 4970 3650 1980
5370 4960 3610 1960
5360 4960 3600 1960
5370 4960 3640 1970
5370 4960 3620 1960
5380 4960 3610 1940
5380 4960 3640 1960
5390 4960 3580 1970
5380 4970 3640 1970
5390 4970 3640 1960
5390 4970 3630 1970
5390 4970 3610 1980
5390 4960 3600 1970
5390 4960 3660 1960
5370 4960 3650 1960
5360 4960 3590 1950
5370 4960 3650 1970
5380 4960 3600 1980
5380 4960 3650 1980
5390 4950 3610 1970
5390 4950 3630 1960
5390 4950 3590 1970
5390 4950 3590 1970
5390 4950 3590 1950
5390 4950 3660 1950
5390 4950 3590 1960
5390 4960 3650 1970
5390 4980 3580 1960
5390 4980 3610 1980
5390 4980 3570 1980
5390 4980 3640 1980
5390 4970 3590 1990
5380 4980 3640 1980
5380 4970 3580 1970
5380 4960 3610 1990
5380 4960 3590 1990
5380 4960 3630 1980
5380 4960 3610 1970
5380 4960 3630 1970
5380 4960 3600 1950
5370 4970 3610 1960
5370 4980 3590 1960
5370 4970 3570 1970
5370 4970 3610 1960
5370 4970 3570 1970
5370 4970 3620 1950
5380 4970 3640 1970
5380 4980 3590 1960
5380 4980 3580 1960
5380 4980 3570 1980
