5510 4530 3260 2150
5530 4520 3270 2150
5520 4530 3260 2140
5510 4520 3250 2140
5570 4520 3250 2140
5510 4520 3260 2150
5510 4510 3260 2150
5570 4510 3260 2150
5570 4500 3240 2150
5530 4500 3240 2140
5530 4500 3250 2150
5570 4510 3260 2150
5520 4500 3270 2150
5500 4510 3270 2160
5510 4510 3260 2160
5500 4500 3260 2160
5480 4500 3260 2140
5550 4500 3250 2140
5550 4510 3250 2140
5550 4520 3250 2140
5550 4510 3250 2140
5510 4500 3240 2140
5530 4500 3240 2140
5540 4500 3250 2140
5480 4500 3260 2130
5540 4510 3260 2130
5490 4520 3260 2130
5530 4520 3260 2150
5490 4510 3260 2160
5480 4500 3260 2160
5480 4520 3260 2160
5500 4530 3260 2160
5540 4540 3260 2160
5510 4540 3260 2160
5540 4520 3250 2160
5480 4520 3260 2160
5500 4510 3260 2150
5520 4520 3250 2140
5520 4510 3270 2140
5540 4520 3260 2140
5540 4530 3260 2130
5510 4520 3260 2140
5530 4520 3260 2140
5540 4520 3270 2140
5540 4520 3250 2140
5530 4520 3240 2150
5500 4510 3240 2150
5500 4520 3250 2150
5480 4510 3250 2150
5480 4500 3260 2150
5480 4500 3250 2160
5510 4520 3250 2160
5560 4500 3250 2160
5520 4500 3250 2170
5510 4490 3250 2170
5500 4500 3260 2170
5490 4500 3260 2170
5490 4500 3260 2160
5480 4500 3260 2160
5520 4500 3270 2160
5480 4500 3270 2160
5490 4500 3260 2150
5490 4510 3250 2150
5490 4500 3260 2150
5490 4490 3250 2160
5550 4490 3250 2160
5510 4480 3250 2160
5490 4480 3250 2160
5540 4500 3240 2160
5540 4500 3240 2160
5540 4500 3240 2170
5550 4500 3250 2160
5530 4500 3260 2160
5490 4500 3250 2150
5530 4500 3250 2150
5490 4510 3260 2150
5510 4500 3270 2150
5560 4510 3270 2160
5490 4510 3270 2160
5520 4500 3270 2160
5540 4510 3270 2160
5540 4500 3270 2160
5540 4500 3270 2160
5540 4510 3260 2160
5520 4520 3260 2160
5500 4520 3260 2170
5480 4510 3260 2170
5540 4510 3260 2170
5540 4510 3270 2180
5540 4500 3260 2180
5540 4490 3250 2180
5540 4490 3250 2160
5520 4500 3260 2160
5520 4500 3260 2160
5490 4510 3260 2160
5020 4520 3720 2170
5030 4510 3720 2170
5020 4500 3760 2190
5020 4500 3760 2170
5030 4490 3790 2170
5030 4490 3730 2170
5030 4490 3730 2170
5020 4490 3750 2160
5020 4500 3740 2160
5020 4500 3710 2160
5020 4510 3730 2160
5020 4510 3730 2170
5020 4510 3710 2170
5020 4510 3770 2160
5020 4500 3740 2160
5020 4510 3700 2160
5020 4510 3720 2150
5020 4500 3720 2160
5020 4500 3700 2160
5020 4500 3720 2160
5020 4500 3700 2160
5020 4490 3720 2160
5030 4490 3760 2160
5040 4490 3740 2140
5050 4490 3730 2140
5050 4490 3740 2140
5050 4510 3750 2140
5040 4510 3790 2140
5030 4530 3720 2140
5020 4520 3710 2140
5030 4520 3730 2150
5030 4520 3750 2150
5030 4520 3730 2150
5020 4510 3780 2140
5020 4500 3780 2150
5040 4500 3780 2150
5040 4510 3730 2140
5040 4510 3800 2150
5040 4510 3730 2160
5040 4510 3740 2160
5040 4510 3780 2160
5030 4510 3750 2150
5020 4500 3770 2140
5020 4510 3750 2140
5020 4520 3730 2140
5020 4540 3730 2150
5030 4550 3770 2150
5030 4550 3770 2150
5020 4530 3750 2160
5030 4520 3740 2160
5040 4520 3760 2150
5040 4520 3740 2160
5040 4520 3780 2160
5050 4520 3780 2150
5050 4520 3780 2150
5040 4520 3790 2160
5030 4520 3730 2160
5030 4510 3780 2160
5030 4520 3740 2160
5030 4520 3720 2150
5030 4520 3720 2160
5040 4510 3780 2150
5040 4510 3750 2150
5050 4510 3780 2140
5050 4510 3780 2150
5050 4500 3760 2150
5050 4500 3780 2160
5050 4510 3720 2160
5050 4500 3720 2150
5060 4500 3770 2150
5050 4500 3770 2150
5040 4490 3770 2150
5040 4510 3730 2160
5040 4500 3750 2160
5030 4510 3770 2150
5030 4510 3730 2150
5030 4510 3770 2150
5030 4510 3780 2150
5030 4520 3720 2150
5030 4510 3740 2160
5030 4510 3780 2160
5030 4510 3760 2160
5040 4510 3760 2160
5030 4510 3740 2160
5030 4510 3780 2150
5030 4510 3730 2150
5020 4500 3760 2150
5020 4500 3710 2160
5020 4500 3770 2160
5020 4500 3710 2150
5030 4500 3770 2160
5020 4500 3770 2160
5030 4500 3710 2160
5030 4500 3710 2160
5030 4490 3750 2160
