5110 4080 3410 2470
5080 4080 3420 2470
5110 4090 3420 2480
5070 4090 3410 2470
5130 4090 3410 2460
5140 4090 3410 2460
5100 4090 3410 2460
5110 4090 3410 2460
5100 4090 3410 2460
5110 4090 3420 2460
5090 4080 3420 2450
5150 4100 3420 2460
5130 4090 3420 2470
5110 4090 3420 2450
5090 4090 3420 2460
5140 4090 3410 2470
5090 4080 3410 2460
5070 4080 3420 2460
5090 4080 3420 2460
5100 4080 3420 2440
5150 4090 3420 2440
5130 4090 3430 2440
5080 4080 3430 2430
5130 4080 3430 2430
5160 4080 3430 2450
5110 4080 3430 2450
5110 4090 3430 2450
5110 4080 3430 2450
5120 4080 3430 70
5110 4080 3420 2460
5100 4080 3420 2460
5090 4090 3420 2450
5140 4080 3420 2440
5110 4080 3420 2460
5060 4090 3410 2460
5070 4090 3410 2440
5080 4090 3410 2440
5080 4090 3410 2440
5120 4090 3410 2450
5090 4090 3410 2450
5070 4100 3410 2450
5120 4090 3410 2440
5080 4090 3410 2430
5130 4090 3420 2430
5090 4080 3420 2440
5150 4080 3420 2440
5140 4090 3420 2450
5080 4100 3430 2440
5140 4100 3420 2430
5120 4100 3420 2440
5090 4100 3420 2430
5070 4100 3420 2430
5130 4110 3420 2440
5070 4100 3420 2430
5130 4090 3420 2420
5100 4070 3420 2430
5090 4080 3420 2440
5060 4080 3420 2450
5090 4070 3420 2460
5080 4070 3420 2450
5140 4060 3430 2440
5090 4070 3430 2430
5110 4070 3430 2420
5070 4070 3430 2430
5090 4090 3430 2440
5070 4090 3430 2430
5090 4070 3420 2430
5070 4070 3420 2450
5070 4090 3420 2450
5110 4090 3420 2450
5090 4090 3420 2450
5130 4090 3420 2430
5140 4090 3420 2440
5100 4090 3420 2430
5100 4080 3410 2430
5100 4080 3410 2440
5110 4090 3410 2440
5090 4100 3410 2420
5100 4100 3410 2430
5080 4100 3410 2450
5130 4100 3410 2460
5110 4100 3410 2460
5150 4100 3420 2450
5080 4090 3420 2450
5130 4090 3420 2440
5070 4090 3420 2440
5130 4090 3420 2430
5120 4090 3420 2420
5080 4100 3420 2420
5130 4110 3420 2420
4610 4100 3940 2420
4600 4080 3880 2430
4600 4080 3940 2430
4610 4080 3920 2420
4610 4080 3940 2430
4610 4080 3930 2440
4620 4090 3890 2440
4610 4100 3870 2430
4610 4090 3890 2440
4620 4090 3900 2450
4610 4080 3900 2440
4610 4080 3880 2440
4610 4080 3880 2440
4630 4080 3940 2460
4620 4080 3930 2450
4630 4080 3880 2460
4620 4080 3900 2460
4610 4080 3880 2460
4620 4080 3880 2450
4620 4070 3890 2450
4610 4070 3910 2440
4610 4070 3910 2440
4610 4070 3890 2440
4620 4080 3890 2450
4610 4090 3930 2450
4600 4090 3930 2440
4600 4090 3910 2440
4620 4090 3870 2440
4620 4080 3930 2430
4610 4100 3890 2430
4600 4090 3930 2440
4600 4080 3890 2450
4600 4080 3910 2450
4600 4090 3910 2450
4600 4090 3890 2450
4600 4080 3890 2460
4620 4080 3870 2460
4610 4080 3870 2450
4610 4090 3870 2450
4610 4080 3920 2450
4620 4080 3880 2430
4610 4080 3920 2420
4610 4090 3860 2420
4610 4080 3910 2400
4620 4080 3870 2420
4610 4090 3910 2430
4610 4080 3930 2420
4600 4080 3930 2420
4600 4080 3890 2440
4600 4080 3940 2440
4600 4080 3930 2430
4600 4080 3890 2440
4610 4080 3890 2440
4610 4080 3890 2440
4610 4080 3890 2440
4610 4080 3890 2430
4610 4080 3890 2420
4630 4080 3870 2430
4630 4080 3870 2440
4620 4080 3890 2450
4610 4080 3930 2440
4610 4090 3950 2430
4620 4090 3950 2430
4610 4080 3930 2430
4610 4080 3930 2430
4620 4080 3910 2420
4620 4080 3950 2420
4620 4090 3900 2430
4610 4080 3920 2420
4600 4080 3900 2430
4600 4080 3910 2420
4600 4080 3930 2420
4600 4080 3910 2430
4600 4090 3930 2440
4610 4090 3900 2440
4600 4090 3880 2440
4620 4090 3880 2440
4620 4100 3880 2440
4610 4100 3900 2450
4620 4100 3940 2450
4620 4090 3930 2440
4620 4090 3890 2430
4610 4090 3910 2440
4620 4090 3910 2440
4620 4100 3930 2440
4620 4090 3930 2430
4610 4090 3940 2450
4610 4100 3900 2450
4610 4100 3940 2450
4610 4090 3900 2440
