4710 3590 3670 2790
4750 3590 3650 2790
4720 3600 3650 2790
4710 3610 3650 2790
4690 3610 3650 2800
4730 3610 3650 2800
4710 3620 3650 2790
4700 3600 3640 2780
4740 3610 3630 2790
4730 3600 3640 2780
4710 3610 3650 2780
4720 3610 3640 2770
4710 3610 3650 2770
4730 3610 3650 2770
4690 3610 3650 2770
4730 3610 3650 2770
4720 3610 3670 2800
4760 3620 3650 2800
4690 3610 3650 2800
4740 3610 3650 2800
4770 3600 3670 2820
4710 3600 3670 2800
4760 3600 3670 2800
4760 3600 3670 2790
4760 3600 3650 2790
4740 3610 3650 2790
4700 3610 3650 2790
4720 3620 3650 2800
4720 3620 3650 2810
4700 3620 3640 2810
4760 3620 3640 2810
4740 3620 3640 2810
4700 3620 3640 2800
4760 3620 3650 2800
4700 3630 3650 2800
4710 3630 3650 2790
4690 3620 3650 2790
4720 3620 3650 2780
4750 3620 3650 2780
4740 3620 3640 2780
4740 3620 3630 2780
4680 3620 3640 2790
4700 3620 3640 2790
4710 3620 3640 2800
4700 3630 3630 2790
4700 3630 3630 2770
4710 3630 3630 2770
4730 3630 3630 2770
4710 3610 3640 2780
4730 3610 3640 2780
4700 3600 3640 2780
4730 3610 3650 2790
4680 3600 3650 2790
4700 3610 3670 2800
4680 3610 3670 2790
4710 3610 3650 2800
4710 3600 3650 2800
4710 3600 3640 2790
4710 3600 3630 2800
4740 3610 3630 2790
4770 3610 3640 2790
4700 3610 3640 2800
4700 3610 3640 2800
4730 3620 3640 2800
4690 3620 3650 2800
4750 3620 3650 2800
4710 3610 3640 2790
4690 3610 3640 2800
4710 3610 3640 2790
4760 3610 3640 2800
4740 3610 3640 2790
4700 3620 3650 2800
4730 3620 3650 2800
4730 3630 3650 2800
4710 3630 3650 2790
4710 3630 3650 2780
4730 3640 3640 2780
4710 3650 3640 2780
4750 3640 3650 2780
4760 3640 3640 2790
4710 3640 3650 2790
4750 3630 3650 2800
4690 3640 3640 2790
4730 3630 3640 2800
4720 3640 3640 2790
4730 3620 3640 2800
4720 3630 3640 2790
4760 3620 3650 2790
4740 3620 3670 2800
4720 3620 3670 2790
4700 3630 3650 2790
4720 3630 3650 2790
4720 3630 3650 2790
4710 3640 3650 2790
4730 3640 3650 2800
4230 3630 4170 2800
4240 3630 4150 2810
4230 3630 4150 2800
4230 3620 4100 2790
4240 3620 4160 2790
4240 3620 4160 2810
4240 3630 4100 2810
4240 3630 4140 2810
4240 3620 4120 2800
4240 3620 4140 2790
4240 3620 4120 2790
4240 3630 4120 2800
4250 3610 4130 2800
4250 3610 4130 2790
4240 3600 4130 2800
4250 3600 4100 2800
4240 3610 4130 2800
4240 3610 4150 2790
4240 3610 4190 2780
4230 3610 4110 2780
4230 3610 4120 2780
4230 3610 4120 2790
4230 3600 4170 2800
4230 3600 4130 2800
4230 3600 4110 2790
4230 3610 4150 2790
4230 3610 4150 2790
4240 3620 4110 2790
4230 3620 4150 2780
4230 3610 4120 2780
4230 3610 4130 2790
4220 3610 4130 2800
4230 3610 4160 2800
4230 3610 4100 2780
4230 3610 4100 2790
4230 3610 4120 2790
4230 3610 4130 2780
4230 3620 4130 2780
4220 3620 4110 2790
4230 3620 4110 2800
4230 3630 4190 2800
4240 3630 4170 2800
4240 3620 4150 2780
4240 3620 4130 2780
4240 3620 4110 2780
4240 3610 4110 2790
4230 3610 4110 2780
4240 3610 4110 2790
4240 3610 4160 2770
4240 3610 4100 2770
4240 3610 4140 2780
4240 3610 4140 2780
4240 3620 4160 2790
4240 3620 4140 2810
4230 3620 4150 2800
4230 3640 4090 2790
4220 3640 4150 2780
4220 3630 4110 2800
4230 3630 4140 2790
4230 3620 4140 2780
4230 3620 4140 2780
4220 3620 4130 2780
4220 3630 4110 2800
4220 3630 4160 2800
4220 3620 4130 2780
4230 3620 4110 2800
4230 3620 4120 2790
4230 3630 4160 2810
4240 3630 4160 2800
4240 3620 4160 2800
4250 3610 4120 2800
4240 3610 4120 2780
4230 3600 4090 2780
4240 3600 4090 2780
4240 3600 4090 2780
4240 3600 4100 2800
4230 3600 4160 2790
4230 3610 4150 2780
4230 3600 4130 2790
4230 3610 4100 2790
4220 3610 4130 2790
4230 3610 4130 2790
4230 3600 4110 2790
4240 3600 4140 2790
4240 3590 4120 2800
4240 3600 4110 2800
4240 3610 4130 2810
4240 3610 4150 2810
4240 3610 4170 2790
4240 3610 4130 2800
4250 3610 4110 2790
4250 3610 4130 2790
4240 3610 4110 2790
