3010 5130 2620 5050
2980 5130 2610 5060
2990 5140 2610 5050
2970 5120 2610 5050
3010 5130 2620 5040
2940 5120 2620 5050
2990 5130 2610 5040
2980 5130 2620 5040
2980 5130 2600 5050
2950 5120 2600 5050
3030 5120 2600 5050
3000 5120 2590 5040
3000 5130 2600 5030
2980 5130 2600 5020
3020 5140 2610 5020
2990 5140 2610 5020
2970 5140 2600 5040
3030 5140 2600 5040
3020 5130 2600 5040
2980 5130 2600 5030
2960 5130 2600 5030
3000 5120 2600 5020
3030 5130 2600 5040
2990 5130 2600 5050
2970 5130 2610 5040
2960 5130 2600 5030
2980 5130 2600 5030
2980 5130 2600 5040
2980 5120 2600 5030
3020 5120 2600 5030
2980 5120 2610 5040
2970 5120 2600 5030
2980 5120 2610 5040
2980 5120 2610 5040
3030 5120 2610 5020
2950 5120 2600 5030
2990 5120 2620 5030
2960 5120 2630 5030
3030 5120 2620 5030
2980 5120 2600 5040
3010 5120 2590 5040
2960 5130 2600 5030
2960 5120 2600 5040
3000 5120 2590 5030
2970 5120 2600 5030
2960 5130 2600 5040
2990 5130 2610 5040
2970 5130 2600 5040
3030 5140 2620 5040
3000 5140 2610 5050
3000 5140 2600 5030
2980 5140 2590 5030
3000 5140 2590 5030
2970 5120 2600 5040
2980 5110 2590 5050
2960 5110 2580 5050
2980 5110 2590 5040
3030 5110 2600 5030
2970 5100 2600 5040
3030 5100 2600 5040
2960 5110 2590 5040
3020 5110 2600 5040
2980 5120 2600 5020
2960 5120 2590 5020
2980 5120 2590 5030
2960 5120 2590 5040
3010 5120 2600 5040
2990 5100 2610 5020
2960 5100 2610 5030
2980 5100 2610 5030
2950 5110 2600 5040
2940 5100 2600 5040
2980 5100 2590 5030
2980 5100 2590 5030
2980 5100 2590 5040
3000 5110 2580 5040
2960 5120 2580 5040
2940 5120 2590 5020
3000 5110 2590 5020
2930 5100 2590 5020
2930 5120 2580 5020
2920 5110 2590 5010
2970 5110 2600 5010
2950 5110 2590 5020
2960 5100 2580 5040
3000 5100 2580 5040
2950 5110 2590 5040
3010 5110 2590 5030
3020 5120 2590 5040
2970 5110 2590 5040
2980 5120 2600 5030
2980 5120 2590 5040
2970 5110 2590 5030
2970 5110 2580 5020
3010 5110 2590 5020
3030 5110 2590 5030
2950 5120 2590 5020
2960 5120 2590 5030
2960 5120 2590 5040
2950 5110 2600 5050
2970 5110 2600 5040
2960 5110 2590 5030
2490 5590 2580 5020
2480 5570 2580 5020
2480 5610 2590 5020
2490 5640 2610 5030
2490 5600 2620 5030
2490 5650 2610 5020
2490 5650 2600 5020
2490 5600 2590 5020
2480 5580 2600 5020
2480 5600 2600 5030
2500 5590 2590 5030
2500 5590 2590 5040
2500 5630 2590 5050
2500 5590 2600 5040
2510 5640 2600 5040
2510 5600 2590 5030
2490 5580 2590 5020
2490 5640 2600 5030
2490 5610 2590 5020
2490 5650 2590 5030
2480 5590 2580 5020
2470 5650 2590 5020
2470 5640 2580 5020
2470 5640 2590 5020
2470 5590 2590 5020
2470 5590 2590 5030
2470 5600 2580 5030
2460 5600 2590 5020
2460 5600 2590 5010
2470 5580 2600 5010
2460 5590 2600 5020
2470 5610 2600 5020
2480 5590 2610 5020
2480 5650 2610 5030
2470 5630 2610 5020
2480 5650 2620 5040
2470 5630 2620 5040
2460 5610 2620 5040
2470 5590 2620 5050
2470 5590 2610 5060
2480 5590 2600 5040
2480 5590 2600 5040
2470 5650 2610 5050
2480 5620 2620 5040
2480 5600 2610 5030
2470 5600 2600 5040
2470 5660 2590 5020
2470 5600 2590 5010
2480 5600 2600 5020
2480 5640 2610 5030
2470 5580 2610 5030
2460 5620 2600 5040
2460 5580 2610 5040
2470 5620 2610 5050
2470 5640 2610 5050
2480 5650 2610 5050
2470 5650 2620 5050
2480 5640 2610 5060
2460 5660 2610 5050
2470 5660 2610 5040
2470 5620 2610 5030
2480 5620 2610 5040
2480 5660 2610 5030
2480 5620 2610 5030
2480 5600 2600 5020
2490 5600 2600 5040
2500 5620 2600 5040
2510 5580 2600 5040
2510 5600 2610 5040
2500 5640 2610 5030
2480 5600 2620 5040
2470 5620 2620 5030
2480 5590 2610 5020
2480 5650 2610 5030
2480 5580 2610 5020
2480 5580 2600 5020
2480 5600 2600 5020
2470 5580 2600 5030
2470 5590 2600 5040
2480 5590 2610 5030
2480 5580 2600 5020
2480 5600 2590 5020
2470 5630 2600 5020
2470 5640 2600 5020
2470 5580 2610 5020
2470 5580 2610 5030
2480 5640 2610 5030
2460 5640 2610 5040
2470 5590 2610 5020
2480 5630 2610 5020
2480 5600 2600 5040
2480 5640 2600 5030
2480 5580 2600 5030
2490 5580 2600 5030
2480 5620 2600 5040
2490 5600 2590 5030
2490 5580 2590 5040
2490 5590 2600 5040
2480 5610 2600 5020
2480 5570 2590 5020
2470 5630 2600 5010
2480 5630 2600 5030
2470 5640 2590 5030
2500 5600 2590 5020
2480 5640 2600 5040
2470 5590 2600 5030
2490 5660 2610 5040
2490 5590 2610 5050
2490 5580 2610 5050
2480 5600 2600 5050
2490 5600 2590 5050
2480 5640 2580 5050
2480 5600 2590 5060
