4430 3240 3900 3170
4390 3260 3900 3170
4380 3250 3900 3170
4440 3250 3900 3170
4380 3250 3900 3170
4390 3270 3900 3160
4430 3270 3910 3160
4360 3280 3900 3160
4360 3260 3900 3150
4380 3260 3900 3160
4440 3260 3900 3160
4420 3280 3900 3170
4390 3290 3900 3170
4380 3300 3900 3170
4450 3280 3900 3170
4440 3270 3910 3170
4380 3280 3910 3170
4450 3290 3910 3170
4400 3280 3910 3170
4440 3280 3910 3160
4410 3280 3910 3160
4420 3280 3910 3160
4440 3290 3900 3160
4420 3290 3900 3160
4390 3270 3900 3160
4390 3270 3890 3160
4410 3270 3900 3150
4380 3290 3910 3150
4400 3290 3900 3150
4360 3290 3890 3150
4360 3300 3900 3150
4420 3290 3910 3160
4360 3290 3900 3160
4420 3290 3900 3160
4430 3280 3890 3160
4400 3280 3900 3160
4380 3280 3900 3160
4430 3280 3900 3160
4390 3290 3890 3170
4400 3280 3890 3160
4380 3270 3890 3160
4420 3270 3890 3160
4420 3270 3890 3160
4390 3270 3890 3160
4390 3280 3890 3160
4430 3280 3900 3160
4400 3270 3890 3160
4430 3260 3890 3160
4380 3260 3890 3160
4450 3260 3890 3160
4380 3260 3890 3160
4410 3280 3880 3160
4390 3270 3880 3160
4390 3270 3870 3160
4410 3270 3880 3160
4380 3280 3880 3160
4440 3270 3880 3160
4370 3270 3900 3160
4410 3260 3900 3160
4410 3270 3900 3160
4390 3270 3910 3160
4440 3260 3910 3160
4430 3260 3910 3160
4410 3260 3910 3160
4400 3260 3910 3160
4430 3270 3910 3160
4400 3270 3910 3170
4440 3270 3910 3170
4370 3270 3900 3170
4380 3280 3900 3170
4400 3290 3900 3170
4430 3290 3900 3160
4380 3270 3900 3160
4420 3270 3900 3160
4380 3270 3890 3170
4420 3270 3890 3170
4390 3270 3890 3170
4370 3260 3890 3180
4430 3270 3890 3180
4360 3260 3900 3180
4430 3280 3900 3180
4420 3270 3900 3180
4420 3270 3910 3180
4410 3290 3910 3180
4390 3280 3900 3180
4410 3270 3910 3180
4410 3270 3900 3170
4380 3260 3900 3170
4420 3260 3900 3170
4400 3250 3890 3170
4380 3260 3900 3180
4440 3270 3910 3180
4440 3270 3910 3180
4400 3270 3910 3180
4380 3260 3910 3180
4440 3260 3910 3160
4440 3270 3910 3160
4380 3280 3910 3150
4410 3270 3900 3160
4410 3270 3890 3160
4370 3260 3890 3170
4400 3260 3900 3150
4380 3260 3900 3160
3930 3260 4380 3170
3920 3270 4360 3170
3920 3270 4420 3170
3930 3270 4380 3170
3920 3270 4360 3170
3910 3250 4370 3170
3930 3250 4420 3180
3930 3250 4360 3180
3930 3250 4370 3180
3920 3250 4430 3170
3920 3240 4410 3160
3930 3240 4410 3160
3920 3240 4390 3160
3920 3240 4370 3150
3930 3260 4360 3150
3910 3260 4370 3160
3910 3250 4390 3150
3920 3250 4400 3150
3920 3260 4380 3150
3910 3260 4400 3160
3910 3260 4360 3160
3910 3260 4400 3160
3910 3260 4360 3170
3910 3260 4420 3170
3910 3260 4430 3180
3920 3260 4390 3180
3910 3260 4380 3180
3910 3270 4420 3170
3910 3270 4380 3170
3900 3260 4370 3170
3910 3260 4380 3180
3910 3260 4380 3170
3920 3260 4420 3160
3910 3260 4390 3160
3920 3260 4370 3160
3920 3260 4380 3160
3920 3260 4420 3160
3920 3260 4350 3170
3920 3260 4400 3170
3920 3260 4380 3170
3920 3270 4380 3170
3920 3270 4380 3170
3910 3260 4420 3170
3920 3240 4390 3170
3910 3240 4430 3170
3910 3250 4410 3170
3900 3250 4360 3170
3900 3250 4380 3170
3900 3250 4390 3160
3900 3250 4380 3160
3900 3250 4400 3160
3900 3250 4410 3160
3900 3250 4360 3160
3900 3250 4360 3160
3900 3250 4380 3160
3900 3260 4380 3160
3910 3250 4400 3150
3910 3260 4350 3150
3910 3260 4380 3160
3900 3260 4360 3170
3900 3280 4390 3170
3900 3270 4390 3170
3900 3270 4420 3170
3900 3280 4350 3170
3910 3280 4420 3160
3910 3280 4360 3170
3930 3270 4420 3170
3920 3250 4410 3170
3930 3250 4410 3170
3930 3270 4350 3170
3930 3260 4360 3170
3940 3270 4410 3170
3940 3270 4430 3170
3930 3270 4430 3170
3920 3260 4430 3170
3920 3260 4390 3170
3920 3270 4390 3170
3910 3270 4390 3170
3910 3270 4370 3170
3910 3280 4380 3160
3910 3290 4370 3160
3910 3280 4400 3160
3910 3270 4380 3170
3920 3260 4380 3150
3920 3260 4400 3150
3920 3260 4430 3160
3910 3260 4370 3160
3910 3260 4370 3160
3910 3250 4380 3160
3910 3250 4410 3170
3900 3240 4370 3160
3900 3240 4350 3160
3910 3240 4360 3160
3910 3240 4370 3160
3920 3250 4400 3160
3920 3250 4370 3160
3920 3250 4390 3160
3910 3250 4430 3160
3920 3240 4390 3150
3910 3240 4420 3150
3910 3240 4380 3150
3900 3260 4360 3150
3920 3260 4380 3150
3920 3260 4360 3160
3920 3260 4400 3150
