4090 2920 4260 3670
4100 2910 4260 3670
4070 2910 4260 3670
4040 2900 4260 3670
4040 2900 4260 3650
4040 2900 4260 3650
4040 2890 4250 3670
4100 2900 4240 3670
4100 2890 4250 3680
4060 2880 4260 3680
4030 2890 4250 3680
4040 2890 4250 3680
4040 2890 4250 3680
4050 2890 4240 3680
4060 2900 4240 3680
4070 2910 4240 3680
4090 2900 4240 3680
4080 2900 4250 3690
4040 2890 4250 3690
4040 2880 4250 3680
4060 2900 4240 3680
4030 2890 4240 3680
4090 2890 4240 3680
4070 2890 4250 3680
4050 2890 4250 3680
4090 2890 4250 3680
4060 2890 4260 3670
4060 2900 4260 3670
4060 2900 4250 3680
4080 2890 4250 3680
4060 2890 4250 3680
4050 2890 4240 3670
4050 2900 4250 3680
4090 2900 4250 3680
4070 2900 4250 3670
4040 2900 4250 3670
4040 2910 4250 3670
4060 2910 4260 3680
4100 2910 4260 3680
4100 2910 4260 3680
4080 2910 4260 3670
4060 2910 4260 3670
4040 2910 4250 3680
4060 2910 4250 3680
4040 2910 4250 3680
4060 2900 4250 3680
4100 2910 4250 3680
4050 2910 4250 3680
4090 2910 4250 3680
4090 2910 4250 3680
4040 2910 4250 3680
4020 2910 4240 3670
4060 2910 4240 3680
4060 2910 4240 3680
4040 2910 4240 3690
4050 2910 4240 3690
4040 2900 4240 3690
4020 2910 4240 3690
4020 2910 4250 3690
4060 2920 4250 3690
4080 2910 4260 3690
4080 2910 4260 3690
4050 2920 4260 3690
4080 2920 4260 3690
4040 2930 4260 3690
4040 2930 4260 3690
4030 2930 4250 3690
4050 2930 4250 3690
4100 2930 4260 3690
4040 2920 4260 3690
3580 2920 4710 3690
3580 2920 4770 3680
3580 2920 4720 3680
3570 2920 4740 3670
3570 2900 4710 3680
3570 2900 4730 3680
3570 2900 4710 3680
3580 2910 4770 3680
3570 2910 4750 3680
3570 2910 4760 3690
3570 2900 4700 3690
3570 2890 4760 3680
3560 2880 4700 3670
3560 2890 4710 3680
3560 2890 4760 3670
3560 2900 4720 3670
3560 2900 4730 3670
3570 2900 4750 3670
3570 2910 4750 3670
3570 2910 4730 3670
3570 2920 4730 3670
3570 2910 4770 3680
3570 2910 4710 3670
3570 2910 4700 3680
3570 2910 4730 3690
3560 2910 4710 3680
3570 2900 4770 3680
3580 2900 4700 3680
3570 2890 4720 3680
3570 2900 4720 3680
3570 2900 4740 3680
3570 2890 4700 3680
3580 2890 4740 3680
3580 2900 4760 3680
3580 2910 4700 3690
3580 2910 4760 3690
3580 2900 4710 3690
3580 2890 4750 3690
3580 2900 4770 3690
3580 2890 4710 3680
3580 2900 4710 3680
3570 2900 4730 3680
3570 2900 4760 3680
3570 2910 4760 3680
3570 2910 4750 3680
3570 2910 4710 3680
3570 2910 4700 3680
3570 2910 4720 3680
3570 2910 4720 3680
3570 2910 4720 3680
3580 2910 4770 3680
3580 2900 4770 3680
3580 2900 4770 3670
3570 2900 4720 3680
3580 2900 4730 3680
3560 2890 4770 3680
3560 2890 4710 3680
3560 2890 4740 3680
3560 2900 4780 3680
3570 2910 4780 3680
3570 2910 4710 3680
3570 2910 4770 3680
3570 2910 4730 3680
3580 2880 4770 3680
3590 2880 4750 3690
3590 2880 4730 3690
3580 2880 4770 3690
3580 2890 4720 3690
3580 2900 4740 3690
