3790 2620 4570 4120
3790 2620 4570 4120
3750 2620 4570 4120
3750 2630 4570 4110
3760 2630 4570 4120
3750 2630 4570 4110
3800 2630 4570 4100
3810 2630 4570 4110
3740 2630 4570 4110
3770 2620 4570 4110
3810 2630 4580 4120
3750 2630 4580 4120
3810 2630 4580 4120
3810 2620 4580 4120
3790 2620 4570 4110
3800 2630 4570 4110
3810 2630 4570 4110
3810 2630 4570 4120
3800 2630 4570 4130
3800 2630 4570 4130
3740 2630 4560 4120
3810 2620 4560 4120
3770 2630 4570 4110
3740 2630 4570 4120
3760 2630 4560 4110
3760 2640 4570 4100
3740 2640 4580 4110
3780 2640 4580 4110
3740 2650 4580 4120
3770 2650 4580 4120
3740 2650 4580 4120
3810 2640 4580 4110
3780 2620 4580 4110
3760 2620 4580 4120
3760 2630 4570 4110
3820 2630 4570 4120
3780 2630 4570 4110
3750 2620 4570 4120
3800 2620 4570 4110
3810 2630 4570 4110
3800 2620 4570 4110
3790 2630 4570 4110
3760 2630 4570 4110
3740 2630 4580 4110
3780 2630 4570 4110
3740 2610 4570 4100
3760 2620 4570 4110
3740 2620 4570 4110
3780 2610 4580 4110
3760 2620 4580 4110
3800 2630 4580 4110
3760 2630 4580 4100
3750 2640 4580 4110
3780 2640 4580 4110
3790 2630 4580 4110
3750 2650 4580 4110
3790 2650 4580 4120
3760 2650 4580 4120
3760 2650 4580 4120
3770 2620 4570 4120
3770 2620 4570 4110
3740 2610 4570 4110
3800 2630 4570 4110
3730 2630 4570 4110
3750 2630 4570 4120
3760 2620 4580 4120
3780 2620 4580 4110
3790 2620 4570 4100
3750 2640 4600 4100
3800 2640 4580 4100
3820 2640 4580 4100
3750 2640 4580 4110
3750 2640 4580 4110
3290 2630 5050 4120
3280 2620 5030 4120
3280 2620 5030 4120
3270 2610 5040 4120
3280 2620 5060 4120
3290 2610 5040 4120
3300 2610 5060 4110
3300 2620 5040 4110
3300 2630 5080 4110
3300 2630 5040 4110
3290 2630 5080 4120
3290 2630 5040 4120
3290 2630 5090 4110
3290 2630 5050 4120
3290 2640 5050 4110
3280 2640 5030 4110
3280 2640 5030 4110
3280 2630 5080 4110
3280 2630 5050 4110
3280 2630 5050 4100
3290 2630 5030 4110
3290 2630 5030 4110
3300 2630 5100 4110
3290 2630 5080 4120
3300 2630 5090 4110
3300 2630 5080 4110
3300 2630 5100 4110
3290 2630 5040 4100
3290 2630 5060 4100
3300 2620 5040 4100
3300 2610 5040 4100
3280 2620 5100 4110
3280 2620 5040 4110
3280 2620 5100 4110
3290 2620 5100 4110
3290 2620 5040 4110
3280 2620 5090 4110
3290 2610 5030 4110
3280 2620 5100 4110
3280 2620 5040 4110
3280 2610 5060 4110
3290 2620 5060 4110
3290 2620 5070 4100
3280 2620 5050 4110
3290 2630 5090 4110
3300 2630 5070 4110
3300 2620 5050 4110
3300 2620 5050 4110
3290 2620 5020 4110
3290 2630 5040 4110
3280 2630 5040 4110
3280 2630 5050 4110
3280 2640 5030 4110
3290 2630 5070 4110
3280 2640 5100 4110
3280 2640 5080 4110
3290 2640 5100 4110
3290 2630 5060 4110
3290 2630 5080 4110
3290 2640 5050 4110
3280 2620 5090 4110
3290 2620 5030 4110
3290 2620 5070 4110
3280 2610 5050 4120
3270 2620 5030 4120
3270 2620 5030 4120
3280 2620 5090 4110
