3540 2360 5030 4480
3590 2360 5020 4480
3540 2350 5030 4480
3580 2370 5030 4470
3550 2370 5030 4470
3550 2380 5020 4470
3590 2390 5020 4470
3590 2370 5030 4480
3540 2380 5030 4470
3530 2380 5030 4470
3550 2380 5030 4460
3570 2370 5030 4450
3570 2370 5030 4450
3550 2360 5020 4450
3590 2380 5030 4460
3560 2380 5040 4460
3590 2370 5040 4460
3590 2370 5040 4460
3580 2370 5040 4460
3600 2370 5030 4450
3540 2370 5020 4450
3590 2380 5020 4460
3530 2370 5020 4450
3570 2370 5020 4450
3560 2360 5030 4450
3590 2360 5030 4450
3540 2360 5030 4450
3520 2360 5020 4450
3530 2360 5010 4460
3520 2360 5010 4450
3550 2350 5030 4450
3580 2350 5030 4450
3530 2360 5030 4440
3550 2360 5020 4450
3600 2370 5020 4450
3540 2360 5020 4450
3570 2350 5020 4460
3550 2350 5020 4460
3570 2350 5020 4450
3550 2350 5020 4450
3580 2340 5020 4450
3590 2350 5020 4450
3550 2360 5020 4450
3550 2360 5020 4450
3530 2360 5020 4450
3530 2370 5020 4450
3550 2370 5010 4450
3550 2370 5020 4450
3530 2370 5020 4450
3510 2370 5020 4450
3570 2380 5020 4450
3490 2380 5010 4460
3520 2370 5010 4460
3550 2360 5010 4460
3520 2350 5020 4460
3590 2350 5020 4460
3540 2350 5020 4460
3580 2360 5020 4460
3510 2360 5020 4460
3580 2370 5020 4460
3050 2370 5500 4460
3060 2370 5480 4460
3050 2360 5480 4450
3070 2360 5500 4460
3070 2360 5520 4460
3070 2380 5480 4460
3070 2370 5540 4460
3060 2350 5500 4460
3070 2360 5510 4460
3070 2350 5490 4460
3060 2350 5480 4460
3060 2350 5520 4460
3060 2360 5530 4460
3070 2350 5510 4460
3070 2350 5530 4450
3070 2360 5470 4450
3070 2350 5510 4450
3050 2350 5540 4450
3050 2360 5540 4450
3050 2360 5500 4450
3050 2350 5550 4460
3050 2350 5490 4460
3070 2350 5520 4450
3080 2350 5540 4460
3080 2350 5520 4460
3080 2350 5540 4470
3080 2360 5500 4460
3080 2360 5500 4460
3090 2370 5520 4450
3090 2360 5490 4440
3080 2370 5470 4440
3080 2360 5470 4440
3080 2350 5470 4440
3080 2350 5480 4440
3070 2360 5540 4440
3070 2360 5480 4450
3070 2380 5480 4460
3070 2360 5480 4460
3060 2350 5500 4460
3060 2340 5480 4450
3060 2350 5480 4460
3060 2360 5510 4460
3070 2360 5510 4450
3060 2360 5510 4450
3070 2370 5550 4450
3070 2360 5530 4450
3070 2370 5480 4450
3060 2370 5500 4450
3060 2370 5540 4450
3070 2380 5480 4450
3070 2370 5480 4450
3070 2380 5540 4450
3080 2380 5500 4460
3070 2390 5480 4460
3070 2390 5480 4460
3060 2390 5480 4470
3050 2370 5480 4470
3050 2380 5480 4470
3060 2370 5520 4470
3060 2370 5510 4470
3060 2360 5500 4470
3060 2360 5490 4470
3070 2360 5550 4470
3070 2370 5510 4470
3070 2360 5530 4470
3060 2370 5540 4470
3060 2370 5500 4470
3070 2370 5510 4470
