3390 2250 5490 5020
3400 2240 5490 5020
3440 2230 5490 5010
3440 2230 5490 5010
3440 2230 5490 5000
3460 2230 5490 5000
3390 2220 5490 5000
3420 2230 5490 5000
3480 2250 5490 5020
3430 2250 5480 5020
3390 2270 5490 5030
3390 2270 5490 5020
3390 2270 5490 5020
3430 2260 5480 5010
3460 2250 5480 5010
3420 2230 5480 5010
3390 2230 5490 5030
3410 2230 5490 5020
3450 2220 5490 5020
3410 2230 5500 5010
3460 2220 5500 5010
3420 2210 5490 5010
3420 2220 5490 5010
3410 2210 5480 5030
3410 2210 5480 5030
3430 2210 5480 5030
3390 2220 5480 5040
3440 2230 5470 5040
3400 2230 5480 5030
3390 2240 5480 5030
3400 2240 5480 5030
3440 2230 5480 5030
3450 2250 5480 5030
3430 2250 5480 5020
3450 2250 5480 5020
3430 2250 5480 5020
3450 2240 5480 5030
3450 2240 5490 5030
3410 2240 5490 5040
3380 2240 5490 5040
3420 2240 5490 5030
3380 2230 5490 5030
3380 2240 5480 5030
3460 2220 5480 5040
3430 2230 5480 5030
3430 2230 5480 5030
3450 2240 5480 5020
3430 2240 5480 5020
3450 2270 5490 5010
3470 2250 5500 5010
3440 2260 5500 5000
3460 2250 5500 5000
3400 2230 5500 5020
3460 2240 5490 5050
3410 2250 5490 5050
3450 2240 5490 5040
3460 2260 5480 5040
3460 2260 5480 5030
3470 2260 5490 5020
3450 2260 5490 5010
3400 2250 5490 5010
3470 2240 5490 5000
3430 2250 5490 5000
3410 2260 5480 5000
3470 2250 5480 5000
3400 2290 5480 5020
3410 2290 5480 5010
3450 2280 5500 5020
3430 2260 5500 5030
3390 2250 5500 5020
3420 2240 5500 5020
3420 2240 5500 5020
3440 2240 5500 5020
3400 2220 5500 5010
2920 2220 6020 5020
2930 2230 6010 5030
2930 2240 5950 5020
2930 2240 5970 5020
2930 2240 6010 5020
2930 2230 5980 5020
2920 2250 6010 5020
2920 2250 5970 5030
2930 2250 5970 5020
2930 2290 6000 5020
2930 2280 5960 5040
2940 2260 5960 5030
2950 2260 5960 5030
2940 2260 5980 5040
2940 2270 6000 5040
2930 2270 5960 5030
2930 2230 6020 5020
2940 2240 6000 5020
2940 2250 5980 5010
2940 2260 5980 5000
2950 2270 5980 5000
2960 2270 5960 5000
2970 2270 6030 5010
2970 2260 6020 5020
2960 2270 6020 5030
2960 2270 6000 5030
2950 2280 5970 5030
2950 2270 6020 5020
2940 2260 6000 5030
2950 2250 5980 5030
2940 2250 5950 5040
2940 2240 6020 5040
2930 2230 5980 5030
2930 2250 6000 5020
2940 2280 5960 5020
2930 2260 5950 5020
2940 2240 6000 5020
2940 2230 5930 5020
2940 2240 5930 5020
2930 2230 5930 5030
2930 2240 5970 5030
2930 2230 5970 5030
2930 2260 5960 5020
2930 2250 5940 5020
2930 2260 5950 5010
2930 2250 5950 5000
2930 2250 5990 5000
2930 2230 5970 5010
2920 2250 6020 5010
2930 2220 5970 5010
2940 2220 5980 5010
2930 2210 5970 5000
2930 2210 5950 5000
2930 2210 6010 5000
2920 2210 5990 5010
2920 2210 5960 5010
2920 2210 5980 5010
2930 2190 5960 5010
2930 2200 5980 5020
2940 2220 6000 5010
2940 2240 6000 5010
2940 2240 5940 5010
2940 2240 6000 5020
2960 2230 5970 5020
2960 2220 6020 5010
2950 2220 6010 5020
2950 2220 6010 5020
2940 2210 6010 5020
2950 2210 6000 5020
2950 2210 6030 5030
2950 2230 6030 5030
2950 2230 5980 5020
2950 2230 5970 5020
2940 2230 6010 5020
2940 2240 5970 5020
