3960 1780 5770 4790
3930 1770 5770 4790
3910 1770 5770 4780
3900 1760 5770 4780
3880 1750 5770 4780
3940 1770 5770 4790
3920 1770 5780 4780
3880 1770 5780 4780
3900 1760 5780 4790
3900 1750 5780 4800
3880 1770 5780 4790
3940 1770 5770 4790
3930 1770 5760 4780
3940 1770 5760 4780
3900 1760 5760 4780
3880 1750 5760 4780
3900 1760 5760 4780
3900 1760 5760 4780
3910 1750 5760 4790
3880 1740 5770 4790
3900 1750 5770 4800
3910 1750 5770 4800
3950 1750 5770 4800
3890 1740 5770 4800
3910 1740 5760 4810
3950 1740 5770 4810
3930 1750 5770 4810
3920 1750 5780 4800
3940 1760 5780 4790
3980 1760 5780 4790
3990 1760 5770 4800
3970 1760 5770 4790
3910 1760 5770 4790
3870 1760 5770 4790
3880 1760 5780 4780
3880 1770 5780 4780
3920 1780 5780 4790
3880 1780 5780 4800
3860 1770 5780 4800
3860 1770 5780 4790
3870 1760 5780 4780
3900 1760 5780 4780
3880 1760 5780 4780
3870 1760 5780 4780
3920 1770 5780 4770
3910 1780 5780 4780
3850 1800 5780 4780
3890 1800 5780 4770
3850 1800 5770 4780
3910 1800 5770 4780
3890 1800 5770 4780
3890 1800 5770 4780
3920 1780 5770 4780
3900 1800 5770 4780
3920 1800 5770 4780
3930 1800 5770 4780
3890 1800 5770 4780
3950 1780 5780 4780
3970 1770 5780 4770
3940 1760 5770 4770
3940 1760 5770 4790
3940 1760 5770 4780
3900 1760 5770 4780
3890 1780 5770 4780
3870 1780 5770 4790
3890 1780 5770 4800
3890 1770 5770 4800
3870 1780 5760 4800
3890 1750 5780 4800
3850 1750 5780 4800
3880 1750 5780 4790
3920 1770 5770 4790
3860 1770 5770 4790
3900 1780 5770 4790
3880 1770 5770 4790
3440 1760 6270 4800
3440 1770 6270 4790
3420 1770 6230 4790
3420 1760 6270 4780
3430 1750 6250 4780
3440 1750 6230 4780
3450 1760 6250 4790
3450 1770 6250 4800
3440 1780 6290 4810
3420 1770 6230 4800
3440 1770 6250 4790
3430 1770 6240 4790
3440 1760 6280 4780
3450 1760 6240 4800
3450 1760 6240 4790
3460 1760 6240 4780
3460 1760 6240 4780
3440 1770 6260 4780
3420 1770 6260 4800
3410 1780 6300 4810
3410 1770 6240 4810
3410 1770 6290 4810
3390 1760 6230 4800
3390 1760 6250 4800
3390 1760 6290 4790
3400 1770 6300 4790
3390 1770 6240 4780
3400 1770 6280 4780
3400 1770 6300 4780
3380 1760 6240 4790
3370 1770 6250 4790
3360 1760 6290 4800
3360 1760 6260 4790
3370 1750 6240 4790
3370 1750 6260 4790
3370 1760 6240 4790
3360 1760 6240 4790
3370 1760 6280 4780
3380 1760 6260 4780
3380 1760 6240 4780
3380 1760 6240 4790
3380 1770 6240 4790
3410 1770 6300 4790
3410 1770 6240 4790
3440 1770 6290 4790
3410 1780 6260 4790
3460 1780 6250 4790
3460 1770 6250 4790
3450 1770 6310 4800
3450 1770 6310 4810
3450 1760 6310 4810
3450 1760 6260 4800
3450 1760 6280 4790
3420 1760 6300 4790
3420 1770 6290 4790
3410 1770 6270 4790
3410 1770 6250 4790
3400 1770 6250 4790
3400 1760 6310 4790
3400 1760 6250 4780
3400 1760 6250 4780
3400 1770 6280 4780
3400 1780 6260 4780
3420 1780 6310 4780
3430 1800 6290 4780
3420 1780 6250 4780
3410 1770 6290 4780
3430 1760 6310 4780
3440 1760 6250 4780
3420 1750 6280 4780
3410 1760 6290 4780
3410 1750 6270 4790
3400 1750 6270 4780
3400 1750 6270 4780
3410 1750 6330 4780
3440 1750 6270 4780
3450 1760 6280 4780
3440 1770 6250 4780
