3980 2000 5340 4310
3980 2000 5350 4320
3990 1990 5350 4310
4000 1980 5350 4320
4040 1980 5350 4320
4030 1990 5360 4320
4040 1990 5360 4320
4050 1990 5350 4320
4070 1970 5340 4310
4010 1960 5340 4310
4070 1980 5350 4310
4070 1990 5350 4320
4020 1990 5350 4320
4030 1990 5340 4320
4010 1990 5340 4320
4010 1990 5340 4330
4010 1980 5340 4320
3990 1980 5340 4320
4020 1970 5340 4320
3980 1970 5340 4320
4000 1970 5340 4320
4010 1980 5330 4320
4010 1970 5330 4320
4020 1980 5330 4320
4010 1970 5330 4320
4070 1990 5340 4320
4050 1990 5340 4320
4010 2000 5340 4320
3990 1980 5340 4320
3990 1970 5340 4320
4000 1970 5340 4320
4040 1960 5340 4320
4020 1960 5340 4320
3990 1970 5350 4330
4060 1960 5360 4330
4000 1970 5360 4330
4000 1970 5360 4330
4050 1970 5360 4330
4000 1970 5360 4330
4000 1970 5360 4330
4020 1970 5360 4320
4000 1960 5360 4320
3980 1970 5350 4320
4050 1980 5350 4320
3990 1990 5350 4320
4020 1990 5350 4320
4000 1990 5340 4320
4020 1980 5340 4320
4040 1990 5340 4320
3990 1990 5330 4320
4020 1990 5340 4320
4000 1990 5340 4320
3970 1980 5340 4320
4020 1970 5350 4320
3970 1970 5350 4320
4000 1990 5340 4320
4020 1980 5340 4320
3970 1990 5340 4320
3980 1970 5340 4320
4030 1980 5350 4320
4000 1980 5350 4320
3940 1980 5340 4320
3970 1990 5350 4320
3970 1990 5350 4320
3980 1990 5350 4320
3990 1990 5350 4320
4000 2000 5350 4320
4010 1990 5330 4320
3960 1990 5330 4320
4010 1990 5330 4310
3970 1990 5320 4300
4040 1980 5320 4300
4000 1960 5320 4310
3980 1970 5320 4300
3970 1970 5320 4290
3960 1970 5330 4290
3510 1980 5780 4300
3500 1990 5780 4300
3490 1990 5790 4310
3490 1990 5840 4310
3500 1980 5790 4320
3510 1980 5820 4320
3510 1990 5810 4310
3510 1990 5810 4310
3510 1990 5810 4310
3510 1980 5830 4310
3510 1980 5850 4310
3510 1970 5870 4300
3520 1970 5860 4310
3520 1970 5870 4310
3530 1960 5870 4310
3540 1950 5850 4310
3540 1950 5860 4310
3530 1960 5810 4310
3530 1960 5860 4310
3530 1950 5830 4320
3510 1950 5850 4320
3520 1950 5840 4320
3520 1970 5790 4320
3520 1960 5800 4320
3510 1980 5800 4320
3500 1990 5800 4320
3500 2010 5860 4320
3510 2000 5810 4320
3510 1990 5800 4320
3520 2000 5800 4320
3510 1990 5800 4320
3500 2000 5840 4310
3500 1980 5780 4310
3500 1990 5800 4310
3500 1990 5800 4310
3490 1990 5820 4310
3490 1980 5840 4310
3500 1990 5850 4300
3480 1990 5810 4300
3480 1990 5820 4300
3490 1970 5820 4310
3500 1970 5870 4310
3500 1980 5810 4310
3500 1970 5850 4310
3490 1970 5830 4310
3500 1970 5810 4320
3490 1980 5880 4320
3490 1970 5810 4320
3490 1970 5820 4320
3490 1970 5820 4310
3490 1970 5860 4310
3490 1970 5830 4310
3500 1970 5800 4310
3500 1980 5820 4310
3500 1970 5820 4310
3500 1970 5830 4310
3510 1970 5860 4300
3520 1970 5860 4310
3520 1990 5810 4320
3510 2000 5810 4320
3520 1990 5850 4320
3510 1980 5790 4320
3510 1990 5840 4320
3510 1980 5780 4320
3510 1980 5800 4320
3500 1990 5800 4320
3510 1980 5820 4320
3490 1970 5840 4320
3510 1960 5840 4310
3530 1970 5800 4330
3530 1990 5780 4330
3520 1990 5780 4330
3520 1970 5820 4330
3520 1980 5820 4320
3520 1980 5810 4310
