4180 2280 4940 3860
4220 2260 4940 3860
4240 2250 4940 3860
4190 2250 4940 3860
4170 2260 4940 3860
4230 2260 4940 3860
4180 2250 4940 3860
4180 2240 4940 3860
4160 2240 4940 3860
4160 2240 4940 3850
4160 2240 4940 3850
4210 2240 4940 3850
4200 2260 4950 3860
4160 2260 4940 3860
4230 2260 4940 3860
4170 2260 4940 3860
4230 2260 4940 3860
4180 2260 4940 3860
4240 2260 4940 3860
4240 2260 4950 3860
4180 2260 4950 3860
4180 2260 4940 3860
4180 2260 4940 3850
4240 2270 4940 3850
4180 2270 4940 3850
4220 2260 4950 3850
4220 2260 4950 3850
4220 2270 4950 3850
4180 2260 4950 3850
4170 2260 4950 3850
4190 2270 4940 3840
4190 2270 4940 3840
4230 2270 4940 3850
4210 2280 4940 3850
4160 2290 4940 3850
4220 2270 4940 3850
4200 2270 4940 3850
4230 2280 4940 3850
4230 2270 4940 3850
4190 2270 4940 3850
4170 2260 4940 3840
4240 2270 4930 3840
4240 2280 4920 3840
4190 2280 4920 3850
4200 2270 4930 3850
4180 2260 4930 3850
4180 2270 4930 3850
4180 2260 4930 3850
4180 2250 4930 3840
4190 2260 4940 3850
4220 2270 4940 3830
4170 2270 4940 3840
4200 2270 4940 3840
4190 2260 4940 3840
4190 2260 4940 3830
4180 2260 4940 3830
4170 2250 4940 3840
4210 2260 4940 3840
4230 2260 4940 3850
4200 2260 4950 3860
4170 2260 4950 3870
4200 2260 4950 3870
4180 2260 4950 3850
4200 2270 4940 3850
4170 2260 4940 3850
4180 2270 4940 3850
4240 2280 4940 3850
4200 2270 4940 3860
4190 2270 4940 3870
4230 2270 4940 3860
4170 2260 4940 3860
4180 2250 4940 3860
4170 2250 4930 3850
4230 2250 4930 3850
4180 2260 4930 3860
4200 2270 4940 3860
4200 2260 4940 3870
3720 2260 5400 3870
3720 2260 5440 3870
3710 2270 5400 3870
3720 2280 5460 3860
3720 2280 5400 3860
3720 2280 5400 3850
3720 2280 5420 3840
3720 2280 5400 3840
3720 2290 5440 3840
3720 2280 5440 3840
3720 2280 5410 3850
3730 2270 5430 3850
3740 2270 5430 3840
3730 2260 5420 3840
3720 2260 5450 3830
3710 2250 5410 3820
3710 2250 5450 3830
3720 2240 5410 3830
3720 2250 5450 3830
3730 2240 5380 3840
3730 2250 5380 3840
3720 2240 5410 3840
3700 2240 5390 3840
3710 2250 5380 3840
3710 2250 5380 3850
3710 2250 5390 3860
3710 2260 5450 3850
3720 2270 5450 3860
3710 2260 5390 3840
3720 2270 5390 3840
3720 2260 5440 3850
3710 2270 5400 3850
3710 2260 5420 3850
3710 2250 5400 3850
3700 2260 5460 3850
3710 2260 5420 3860
3700 2260 5460 3860
3710 2250 5420 3850
3710 2260 5420 3850
3710 2260 5420 3850
3720 2260 5400 3850
3710 2260 5460 3850
3720 2260 5460 3850
3720 2260 5420 3870
3720 2270 5420 3850
3710 2280 5400 3830
3710 2280 5400 3850
3720 2260 5410 3840
3720 2260 5430 3840
3720 2250 5470 3850
3730 2240 5450 3860
3720 2250 5450 3860
3710 2250 5420 3870
3720 2250 5430 3870
3700 2260 5390 3860
3710 2260 5390 3850
3700 2250 5380 3850
3700 2260 5380 3840
3700 2260 5440 3830
3720 2250 5450 3830
3720 2250 5400 3820
3710 2250 5420 3820
3710 2250 5400 3830
3720 2270 5400 3840
3720 2260 5450 3840
3720 2270 5390 3840
3710 2270 5450 3840
3710 2260 5430 3840
3710 2260 5410 3840
3720 2260 5410 3850
3720 2270 5400 3850
3720 2270 5460 3840
3710 2270 5420 3840
3720 2260 5420 3840
3710 2260 5450 3840
3710 2280 5390 3840
3710 2270 5430 3840
3710 2260 5440 3840
3700 2260 5460 3850
3700 2270 5460 3850
3700 2260 5440 3850
3700 2250 5400 3860
3700 2250 5460 3870
