4420 2620 4630 3400
4430 2620 4630 3400
4390 2640 4620 3410
4380 2630 4620 3410
4380 2630 4620 3400
4390 2630 4620 3400
4430 2620 4620 3410
4400 2630 4610 3400
4440 2630 4610 3400
4380 2620 4620 3400
4410 2630 4620 3400
4370 2640 4630 3400
4440 2640 4630 3390
4400 2640 4630 3390
4390 2640 4630 3390
4370 2630 4630 3390
4430 2630 4630 3390
4380 2630 4630 3390
4380 2630 4630 3380
4370 2630 4630 3390
4380 2640 4630 3390
4420 2640 4630 3390
4440 2640 4640 3390
4380 2630 4640 3390
4440 2630 4630 3390
4410 2620 4630 3390
4440 2620 4630 3390
4380 2620 4630 3390
4380 2620 4630 3390
4430 2620 4640 3390
4400 2630 4640 3390
4380 2630 4640 3400
4390 2630 4640 3400
4360 2630 4640 3390
4420 2640 4640 3390
4390 2640 4640 3390
4360 2630 4640 3390
4380 2620 4640 3390
4360 2620 4640 3390
4390 2620 4640 3400
4360 2630 4640 3400
4440 2640 4630 3400
4450 2620 4630 3410
4440 2630 4630 3410
4400 2630 4630 3410
4440 2630 4630 3410
4420 2630 4630 3410
4440 2630 4630 3420
4410 2640 4630 3420
4370 2640 4630 3420
4420 2630 4630 3420
4400 2640 4630 3410
4380 2640 4630 3410
4440 2640 4630 3400
4390 2640 4640 3400
4380 2640 4630 3400
4400 2640 4630 3400
4380 2640 4630 3400
4400 2640 4630 3410
4390 2640 4620 3400
4430 2640 4620 3400
4370 2650 4620 3400
4390 2630 4620 3400
4370 2630 4620 3400
4400 2640 4630 3400
4390 2640 4630 3400
4390 2630 4630 3400
4360 2630 4630 3410
4390 2630 4640 3400
4370 2630 4640 3410
4380 2630 4630 3410
4400 2630 4630 3410
4380 2650 4630 3400
4400 2630 4630 3400
4440 2630 4630 3400
4390 2640 4630 3410
4370 2630 4630 3410
4370 2630 4630 3410
4370 2620 4630 3410
4390 2620 4630 3410
4370 2620 4630 3410
4390 2620 4630 3410
4430 2630 4630 3420
4370 2630 4630 3420
4410 2630 4630 3410
4370 2620 4630 3410
4370 2610 4630 3400
4400 2610 4630 3410
4420 2620 4630 3410
4420 2620 4630 3410
4380 2630 4630 3410
4420 2640 4630 3410
4380 2640 4630 3410
4430 2630 4630 3410
4370 2630 4630 3410
4430 2620 4630 3400
4370 2620 4630 3400
4430 2620 4630 3400
3910 2620 5150 3400
3910 2620 5130 3410
3920 2620 5130 3400
3920 2620 5100 3410
3920 2620 5120 3410
3920 2610 5120 3410
3940 2610 5100 3410
3930 2620 5100 3420
3940 2610 5120 3420
3930 2610 5160 3420
3920 2610 5140 3420
3920 2610 5140 3410
3920 2610 5120 3410
3910 2610 5140 3410
3910 2620 5140 3410
3910 2620 5110 3410
3920 2620 5120 3410
3920 2620 5120 3410
3930 2620 5120 3410
3920 2630 5150 3410
3920 2630 5090 3410
3920 2620 5090 3410
3910 2620 5100 3410
3910 2630 5150 3410
3910 2630 5090 3400
3910 2630 5140 3400
3930 2630 5120 3410
3920 2630 5090 3410
3920 2630 5090 3410
3920 2630 5150 3410
3930 2630 5110 3410
3910 2630 5110 3400
3910 2640 5110 3400
3910 2640 5110 3400
3910 2640 5110 3400
3910 2640 5090 3400
3910 2640 5090 3410
3920 2640 5110 3400
3920 2640 5090 3400
3920 2640 5090 3410
3910 2640 5110 3410
3910 2640 5110 3420
3920 2640 5100 3430
3930 2630 5120 3420
3920 2620 5120 3420
3920 2620 5150 3420
3920 2620 5150 3420
3920 2630 5090 3420
3920 2630 5150 3410
3920 2640 5150 3410
3940 2640 5150 3410
3930 2640 5110 3410
3920 2640 5090 3410
3930 2630 5090 3410
3930 2630 5110 3410
3920 2620 5110 3410
3920 2620 5150 3410
3910 2610 5110 3410
3910 2610 5090 3410
3910 2620 5130 3410
3910 2620 5090 3420
3930 2630 5090 3420
3920 2630 5150 3420
3920 2630 5120 3420
3920 2640 5160 3420
3920 2650 5100 3420
3930 2650 5120 3420
3930 2630 5130 3420
3920 2630 5110 3420
3920 2640 5110 3430
3920 2630 5110 3430
3920 2640 5120 3420
3910 2630 5090 3420
3910 2630 5090 3420
3920 2640 5130 3420
3920 2640 5100 3420
3930 2640 5140 3410
3940 2640 5100 3410
3930 2630 5140 3410
3920 2630 5120 3410
3920 2620 5120 3410
3920 2620 5120 3410
3920 2630 5160 3410
3920 2630 5160 3410
3920 2640 5140 3410
3920 2640 5100 3410
3920 2650 5160 3410
3920 2630 5170 3410
3920 2630 5170 3410
3920 2620 5100 3420
3920 2630 5150 3420
3920 2630 5150 3420
3920 2640 5130 3410
3920 2630 5140 3410
3920 2610 5120 3420
3910 2610 5110 3420
3910 2600 5090 3420
3920 2630 5150 3420
3910 2640 5110 3420
3910 2650 5150 3420
