4700 3060 4290 2920
4740 3060 4290 2910
4740 3060 4270 2910
4740 3050 4270 2900
4680 3030 4270 2920
4670 3030 4270 2920
4730 3050 4270 2920
4750 3050 4270 2910
4740 3030 4290 2910
4690 3030 4290 2910
4670 3030 4290 2920
4760 3030 4290 2920
4700 3050 4270 2920
4690 3060 4290 2930
4680 3050 4300 2910
4680 3060 4290 2910
4710 3030 4290 2900
4670 3030 4290 2910
4700 3050 4300 2900
4710 3050 4300 2910
4690 3050 4300 2910
4690 3060 4300 2920
4730 3050 4300 2920
4680 3060 4300 2920
4720 3060 4300 2920
4730 3050 4300 2930
4690 3050 4290 2930
4710 3060 4290 2930
4670 3060 4290 2930
4670 3050 4290 2930
4710 3060 4290 2930
4750 3050 4290 2930
4690 3060 4290 2930
4670 3060 4290 2930
4730 3050 4300 2930
4730 3030 4300 2920
4670 3050 4300 2920
4690 3050 4290 2920
4670 3030 4290 2920
4690 3030 4300 2930
4670 3030 4300 2920
4670 3050 4300 2920
4730 3050 4300 2920
4720 3050 4300 2920
4680 3060 4290 2920
4700 3050 4290 2920
4690 3070 4290 2920
4690 3060 4290 2910
4680 3050 4290 2920
4700 3050 4290 2920
4680 3060 4290 2920
4680 3030 4290 2920
4710 3050 4290 2920
4670 3030 4290 2920
4660 3030 4290 2910
4720 3030 4290 2920
4710 3030 4300 2920
4670 3050 4300 2920
4670 3070 4300 2920
4670 3080 4300 2920
4730 3080 4300 2920
4670 3070 4290 2920
4730 3070 4290 2910
4670 3060 4290 2920
4690 3050 4290 2920
4740 3050 4290 2920
4700 3050 4290 2920
4740 3060 4270 2920
4680 3050 4270 2920
4670 3050 4290 2920
4690 3050 4290 2930
4730 3060 4290 2930
4190 3030 4820 2920
4190 3050 4780 2920
4190 3050 4820 2920
4200 3030 4820 2920
4210 3030 4790 2920
4220 3050 4790 2920
4220 3060 4760 2920
4210 3070 4800 2920
4210 3070 4760 2920
4210 3080 4790 2920
4210 3080 4760 2920
4200 3060 4780 2930
4200 3070 4780 2920
4200 3070 4750 2920
4210 3060 4750 2910
4200 3050 4760 2920
4220 3060 4770 2910
4220 3060 4750 2920
4220 3050 4760 2910
4220 3050 4750 2910
4220 3070 4750 2910
4210 3060 4770 2900
4200 3050 4790 2910
4200 3050 4760 2920
4200 3060 4720 2920
4210 3050 4720 2920
4210 3050 4760 2920
4210 3060 4750 2920
4220 3070 4750 2920
4220 3070 4790 2910
4220 3080 4770 2910
4220 3060 4770 2910
4220 3050 4810 2920
4210 3070 4750 2910
4210 3060 4790 2900
4200 3060 4730 2910
4210 3060 4750 2910
4220 3060 4790 2910
4210 3070 4730 2920
4220 3060 4770 2920
4210 3070 4730 2920
4210 3070 4750 2920
4220 3070 4770 2920
4220 3070 4770 2920
4220 3050 4790 2920
4210 3030 4790 2930
4220 3020 4770 2920
4210 3010 4790 2920
4200 3010 4810 2920
4210 3020 4730 2920
4220 3050 4790 2920
4220 3060 4770 2930
4230 3070 4770 2930
4220 3070 4770 2920
4220 3080 4770 2920
4240 3080 4750 2920
4240 3070 4750 2920
4230 3060 4770 2920
4220 3050 4780 2920
4220 3050 4790 2930
4220 3050 4760 2920
4210 3050 4810 2920
4220 3070 4770 2930
4220 3080 4770 2920
4230 3080 4750 2920
4220 3070 4770 2910
4220 3050 4810 2930
4210 3060 4810 2920
4200 3050 4810 2920
4210 3060 4780 2930
4210 3070 4750 2910
