3460 5420 2150 4840
3450 5410 2150 4850
3490 5410 2150 4850
3430 5410 2140 4860
3440 5410 2150 4870
3450 5410 2150 4880
3430 5420 2160 4890
3430 5410 2160 4890
3410 5410 2160 4880
3440 5420 2160 4870
3430 5420 2160 4870
3450 5430 2160 4850
3450 5440 2160 4850
3470 5440 2160 4850
3430 5440 2160 4850
3480 5430 2160 4830
3480 5430 2150 4850
3480 5430 2150 4840
3460 5430 2150 4860
3440 5430 2150 4840
3470 5430 2150 4840
3440 5440 2150 4840
3430 5440 2150 4830
3460 5430 2140 4820
3470 5430 2150 4800
3430 5420 2150 4810
3410 5410 2140 4820
3410 5420 2140 4830
3440 5420 2140 4830
3430 5440 2140 4820
3480 5430 2130 4810
3470 5440 2130 4830
3450 5430 2140 4820
3420 5430 2150 4840
3430 5430 2160 4830
3430 5430 2160 4830
3450 5430 2150 4840
3490 5430 2150 4830
3500 5420 2150 4850
3500 5430 2150 4850
3450 5430 2140 4840
3450 5430 2140 4830
3470 5430 2150 4830
3440 5430 2150 4830
3420 5420 2160 4840
3440 5410 2160 4830
3480 5410 2170 4840
3440 5420 2170 4840
3430 5420 2160 4830
3430 5420 2170 4830
3430 5420 2160 4830
3420 5420 2160 4840
3430 5410 2160 4840
3410 5420 2160 4820
3410 5410 2160 4830
3440 5410 2160 4840
3440 5410 2150 4840
3420 5410 2150 4860
3440 5410 2150 4860
3440 5420 2150 4840
3440 5430 2140 4840
3480 5430 2130 4840
3480 5430 2130 4840
3440 5420 2130 4840
3500 5410 2130 4820
3490 5420 2130 4830
3430 5410 2140 4840
3450 5420 2150 4840
3440 5420 2140 4820
3420 5410 2140 4810
3420 5420 2150 4810
3430 5420 2140 4810
3490 5420 2140 4810
3440 5430 2140 4810
3440 5420 2130 4820
3420 5420 2130 4820
3470 5430 2150 4800
3460 5430 2140 4810
3500 5430 2150 4810
3480 5430 2160 4810
3440 5430 2150 4810
3440 5430 2160 4810
3490 5440 2150 4830
3430 5430 2150 4830
3430 5420 2150 4830
3450 5430 2150 4840
3450 5420 2150 4830
3450 5410 2140 4820
3490 5400 2140 4840
3470 5410 2140 4840
3490 5410 2140 4830
3490 5400 2140 4810
3430 5400 2140 4830
3500 5410 2150 4820
3470 5410 2150 4820
3450 5430 2140 4830
3460 5440 2140 4830
3420 5450 2140 4830
3450 5440 2140 4840
3470 5430 2140 4830
3430 5430 2150 4830
3470 5440 2150 4830
3430 5450 2150 4830
3440 5440 2150 4830
3480 5440 2140 4830
3440 5430 2140 4830
3430 5420 2150 4830
3450 5420 2150 4840
3450 5420 2150 4860
3460 5410 2150 4840
3480 5410 2150 4840
3430 5420 2150 4840
3500 5420 2150 4840
3490 5420 2140 4820
3450 5420 2140 4830
3440 5410 2150 4840
3440 5420 2150 4840
3450 5420 2150 4840
3450 5420 2150 4830
2950 5940 2160 4810
2980 5900 2150 4810
2960 5900 2140 4820
2970 5900 2140 4840
2990 5900 2140 4820
2980 5930 2140 4830
2980 5920 2140 4840
2980 5950 2150 4830
2980 5890 2150 4830
2990 5890 2150 4820
2990 5930 2150 4820
2990 5910 2150 4840
2990 5890 2170 4840
2970 5960 2150 4840
2970 5960 2150 4840
2970 5960 2150 4830
2980 5930 2150 4820
2990 5960 2140 4820
2990 5880 2140 4820
2980 5880 2150 4820
2990 5930 2150 4830
2990 5870 2150 4820
2990 5880 2160 4830
2980 5880 2160 4830
2970 5880 2160 4820
2960 5890 2160 4840
2990 5890 2150 4830
2980 5900 2160 4830
2980 5880 2160 4830
2990 5900 2160 4820
2990 5880 2150 4830
2990 5890 2150 4820
2960 5880 2150 4820
2990 5930 2150 4820
2950 5900 2150 4830
2970 5880 2150 4830
2980 5900 2150 4830
2980 5940 2140 4820
2970 5910 2150 4830
2970 5950 2150 4820
2980 5910 2150 4820
2970 5910 2150 4830
2980 5890 2150 4820
2990 5880 2160 4830
2960 5940 2150 4830
2960 5880 2150 4830
2990 5940 2150 4830
2970 5930 2150 4820
2990 5920 2150 4830
2990 5880 2150 4840
2970 5880 2150 4840
2980 5900 2150 4840
2970 5940 2160 4840
2970 5890 2160 4840
2970 5950 2150 4840
2950 5930 2150 4840
2990 5910 2150 4840
2980 5880 2150 4820
2980 5930 2150 4810
2980 5880 2150 4810
2990 5900 2150 4820
2980 5940 2150 4820
2990 5900 2150 4830
2980 5940 2140 4840
2980 5890 2140 4830
2980 5930 2150 4830
2990 5860 2150 4830
2990 5910 2150 4830
2990 5910 2150 4840
2990 5910 2140 4830
2980 5930 2140 4820
2980 5930 2140 4820
2970 5930 2150 4830
2960 5960 2160 4830
2960 5900 2160 4830
2960 5920 2160 4840
2970 5920 2170 4830
2960 5880 2160 4830
2950 5940 2160 4820
2950 5870 2160 4830
2950 5890 2160 4850
2950 5900 2160 4840
2960 5920 2160 4840
2960 5930 2150 4840
2970 5960 2150 4840
2970 5900 2140 4830
2960 5910 2150 4830
2960 5890 2150 4830
2960 5910 2150 4840
2950 5910 2140 4840
2950 5890 2150 4850
2960 5880 2150 4850
2960 5900 2150 4860
2960 5900 2150 4850
2970 5930 2150 4840
2960 5920 2150 4830
2970 5910 2150 4830
2960 5910 2140 4820
2950 5900 2150 4820
2950 5890 2150 4820
2960 5910 2150 4810
2960 5950 2150 4820
2960 5930 2140 4840
2950 5890 2140 4850
2950 5890 2140 4840
2950 5910 2150 4830
2960 5910 2160 4830
2950 5920 2160 4820
2960 5900 2160 4830
2960 5900 2160 4840
2960 5880 2160 4840
2970 5910 2160 4840
2970 5890 2160 4840
2970 5910 2160 4840
2970 5900 2170 4830
2960 5890 2170 4830
2960 5910 2170 4830
2960 5930 2170 4840
2960 5870 2160 4830
