5000 3490 4030 2450
5000 3490 4030 2450
4950 3480 4040 2450
4990 3480 4030 2460
5000 3490 4030 2470
5020 3490 4030 2470
5000 3490 4030 2460
4970 3490 4030 2470
5030 3490 4040 2460
5000 3490 4040 2480
4980 3500 4040 2480
5000 3500 4050 2480
4980 3490 4040 2490
5020 3490 4050 2490
5000 3480 4040 2490
4970 3490 4040 2490
5000 3490 4030 2470
4980 3490 4040 2480
5010 3490 4050 2480
4960 3490 4040 2460
4980 3490 4040 2450
5010 3490 4040 2450
5020 3490 4030 2450
5010 3490 4040 2450
4990 3480 4040 2460
4990 3480 4050 2450
5010 3480 4040 2450
5040 3480 4040 2460
5040 3480 4040 2450
5060 3480 4040 2460
5060 3480 4040 2440
5010 3480 4030 2440
4990 3480 4030 2450
4980 3480 4030 2460
5010 3480 4020 2450
5000 3480 4030 2450
4990 3480 4040 2470
4990 3480 4040 2470
4980 3480 4030 2470
5000 3480 4030 2480
5010 3480 4040 2470
4980 3480 4040 2450
4980 3490 4040 2460
5020 3500 4030 2460
5050 3490 4030 2470
5040 3490 4040 2470
5020 3500 4030 2460
5020 3490 4040 2470
5000 3490 4040 2470
5000 3490 4040 2470
4990 3480 4050 2470
5010 3490 4040 2470
5050 3490 4030 2470
5050 3490 4030 2480
5040 3490 4030 2470
4980 3490 4040 2480
5000 3490 4030 2480
5030 3480 4040 2480
5020 3480 4030 2470
5030 3480 4040 2450
4970 3480 4040 2440
5030 3480 4030 2460
5020 3480 4030 2460
4980 3480 4040 2440
5050 3480 4030 2450
4990 3480 4040 2450
5040 3480 4040 2460
5010 3490 4040 2470
5050 3490 4040 2460
4990 3490 4040 2470
5030 3490 4030 2460
5010 3490 4020 2460
5020 3500 4040 2470
4980 3500 4030 2470
4520 3490 4560 2470
4530 3470 4510 2470
4530 3470 4540 2470
4520 3470 4540 2480
4520 3470 4520 2480
4520 3470 4550 2480
4520 3470 4550 2480
4520 3470 4530 2480
4520 3460 4530 2480
4530 3460 4550 2490
4520 3470 4560 2490
4520 3470 4500 2490
4530 3470 4540 2490
4540 3470 4550 2470
4520 3480 4520 2470
4520 3480 4570 2470
4520 3480 4560 2470
4520 3490 4530 2470
4530 3490 4510 2470
4510 3490 4570 2470
4500 3490 4520 2460
4490 3490 4570 2460
4500 3490 4550 2460
4500 3490 4570 2460
4510 3490 4570 2470
4520 3480 4510 2450
4510 3480 4530 2450
4500 3490 4520 2450
4490 3500 4550 2450
4490 3500 4570 2440
4500 3490 4570 2450
4510 3490 4530 2460
4500 3490 4520 2460
4500 3490 4530 2460
4500 3490 4510 2450
4500 3500 4560 2450
4510 3500 4570 2440
4520 3490 4530 2440
4520 3500 4510 2430
4520 3500 4500 2450
4510 3500 4500 2460
4500 3500 4510 2460
4510 3500 4500 2460
4510 3490 4540 2460
4520 3490 4530 2460
4520 3490 4540 2460
4520 3500 4580 2470
4530 3490 4570 2470
4530 3490 4540 2460
4530 3490 4550 2450
4530 3490 4520 2460
4530 3490 4520 2460
4530 3480 4560 2450
4520 3480 4570 2450
4520 3480 4520 2450
4520 3480 4510 2460
4520 3480 4510 2460
4510 3480 4520 2470
4520 3480 4560 2460
4520 3480 4570 2460
4520 3490 4540 2460
4520 3490 4520 2470
4520 3490 4520 2460
4520 3490 4540 2460
4520 3490 4540 2460
4520 3490 4520 2460
4520 3490 4520 2460
4520 3490 4540 2450
4520 3490 4520 2450
4510 3480 4530 2450
4520 3480 4570 2450
4520 3480 4590 2460
4530 3480 4540 2460
4520 3480 4540 2460
4510 3480 4510 2470
