5360 3910 3770 2060
5360 3910 3780 2040
5360 3910 3770 2060
5360 3900 3770 2060
5400 3920 3770 2060
5400 3930 3770 2050
5370 3940 3770 2050
5370 3950 3770 2060
5350 3940 3770 2060
5350 3930 3770 2080
5390 3930 3770 2070
5390 3930 3770 2060
5390 3920 3770 2070
5370 3930 3770 2060
5360 3930 3770 2050
5350 3930 3770 2060
5360 3920 3770 2050
5390 3920 3770 2050
5390 3900 3770 2050
5370 3910 3770 2050
5370 3890 3770 2070
5340 3900 3770 2080
5350 3890 3770 2090
5340 3890 3770 2090
5350 3890 3770 2080
5340 3870 3770 2110
5340 3900 3770 2080
5360 3910 3770 2070
5360 3900 3770 2070
5340 3910 3770 2060
5370 3920 3770 2050
5370 3930 3770 2050
5390 3900 3780 2060
5350 3910 3780 2060
5410 3900 3780 2060
5410 3920 3780 2060
5350 3920 3780 2070
5400 3910 3780 2070
5390 3910 3780 2070
5390 3920 3780 2070
5370 3910 3780 2070
5380 3910 3780 2070
5430 3910 3780 2080
5380 3920 3770 2060
5410 3910 3770 2070
5370 3920 3780 2070
5410 3920 3780 2070
5340 3920 3780 2070
5410 3920 3770 2080
5410 3920 3770 2070
5430 3920 3770 2080
5390 3920 3760 2060
5430 3920 3770 2070
5410 3900 3770 2060
5350 3910 3770 2060
5390 3910 3770 2060
5340 3910 3770 2070
5350 3930 3770 2070
5350 3920 3760 2070
5400 3920 3770 2070
5380 3910 3760 2060
5390 3900 3760 2060
5380 3910 3770 2070
5340 3940 3770 2070
5340 3930 3770 2070
5390 3930 3770 2070
5380 3920 3770 2060
5330 3900 3770 2050
5330 3910 3770 2050
5360 3920 3780 2050
5370 3920 3780 2040
5410 3920 3770 2050
4910 3930 3770 2560
4890 3930 3770 2550
4880 3930 3770 2540
4880 3910 3770 2540
4890 3900 3770 2520
4890 3910 3760 2570
4890 3910 3760 2550
4880 3920 3760 2510
4880 3900 3760 2560
4880 3910 3770 2540
4880 3910 3770 2510
4910 3910 3770 2510
4910 3910 3780 2570
4910 3920 3780 2510
4890 3890 3770 2490
4910 3890 3770 2570
4910 3900 3770 2570
4910 3910 3770 2590
4890 3910 3770 2570
4890 3920 3770 2510
4890 3920 3770 2550
4890 3920 3770 2580
4890 3920 3770 2570
4890 3910 3770 2570
4890 3900 3770 2530
4890 3890 3770 2520
4890 3890 3770 2550
4910 3900 3770 2550
4890 3900 3770 2520
4890 3900 3780 2530
4910 3900 3780 2520
4890 3910 3780 2570
4890 3920 3780 2500
4890 3920 3780 2520
4880 3920 3780 2520
4890 3920 3780 2500
4890 3930 3780 2530
4890 3940 3780 2580
4890 3930 3780 2520
4910 3930 3780 2560
4910 3930 3780 2540
4910 3920 3770 2530
4910 3920 3770 2540
4910 3930 3770 2510
4910 3930 3770 2510
4890 3940 3770 2510
4890 3940 3770 2510
4880 3930 3770 2500
4880 3920 3770 2500
4880 3920 3770 2510
4880 3930 3780 2540
4890 3930 3770 2520
4890 3920 3770 2580
4910 3910 3770 2520
4890 3920 3780 2520
4910 3930 3780 2540
4910 3940 3780 2540
4890 3950 3780 2510
4890 3940 3780 2570
4890 3940 3780 2540
4910 3930 3780 2550
4910 3940 3780 2560
4890 3940 3780 2540
4910 3940 3780 2510
4910 3930 3780 2580
4910 3910 3780 2520
