5770 4350 3580 1780
5830 4350 3580 1800
5770 4350 3580 1780
5830 4360 3590 1800
5840 4360 3590 1810
5810 4360 3580 1810
5760 4350 3580 1810
5790 4350 3580 1810
5830 4360 3580 1810
5770 4350 3580 1810
5770 4350 3590 1810
5790 4350 3590 1810
5760 4350 3590 1800
5790 4350 3590 1800
5790 4360 3590 1780
5800 4360 3590 1800
5770 4350 3590 1800
5770 4350 3580 1780
5830 4350 3580 1800
5830 4350 3580 1810
5830 4350 3580 1810
5810 4350 3580 1810
5830 4360 3580 1800
5840 4360 3590 1800
5800 4360 3580 1800
5840 4350 3580 1810
5810 4350 3590 1800
5800 4350 3580 1800
5810 4350 3580 1810
5800 4350 3580 1810
5820 4350 3580 1810
5810 4350 3580 1810
5830 4350 3590 1810
5770 4360 3580 1810
5830 4360 3580 1810
5800 4360 3580 1810
5810 4370 3580 1800
5830 4370 3590 1800
5830 4370 3590 1780
5810 4360 3590 1780
5770 4370 3590 1800
5800 4360 3590 1800
5800 4350 3590 1770
5770 4360 3590 1780
5810 4350 3590 1770
5790 4350 3590 1770
5830 4350 3590 1780
5790 4360 3590 1800
5770 4360 3580 1800
5820 4350 3580 1800
5750 4350 3580 1780
5770 4350 3580 1770
5750 4350 3570 1770
5780 4350 3570 1780
5740 4350 3580 1800
5740 4350 3580 1780
5780 4340 3580 1770
5740 4340 3580 1760
5750 4350 3580 1760
5790 4350 3590 1760
5820 4360 3590 1760
5760 4350 3590 1760
5760 4350 3580 1780
5820 4360 3580 1780
5800 4370 3590 1760
5820 4370 3590 1770
5810 4360 3590 1770
5810 4350 3590 1780
5790 4350 3590 1800
5790 4350 3580 1780
5770 4360 3580 1770
5770 4350 3580 1770
5790 4350 3580 1760
5290 4350 3580 2290
5290 4350 3580 2270
5290 4350 3580 2220
5290 4350 3580 2230
5290 4350 3580 2260
5290 4350 3580 2250
5290 4350 3590 2260
5290 4350 3580 2240
5290 4350 3580 2220
5290 4350 3580 2250
5300 4350 3580 2220
5300 4350 3580 2230
5310 4350 3580 2210
5310 4350 3590 2260
5300 4350 3600 2280
5300 4350 3600 2250
5300 4350 3600 2210
5300 4350 3590 2260
5300 4350 3590 2220
5300 4350 3590 2200
5290 4350 3580 2230
5290 4350 3580 2270
5290 4350 3580 2250
5290 4350 3580 2230
5290 4350 3580 2250
5290 4340 3590 2260
5290 4350 3590 2240
5300 4350 3590 2260
5300 4340 3580 2270
5300 4340 3580 2260
5310 4340 3580 2230
5310 4340 3580 2250
5310 4340 3580 2220
5310 4340 3580 2290
5300 4350 3590 2220
5320 4350 3580 2250
5310 4350 3580 2240
5310 4350 3580 2280
5310 4350 3590 2280
5310 4350 3590 2270
5310 4360 3590 2280
5320 4340 3590 2280
5320 4340 3580 2300
5320 4350 3580 2260
5310 4350 3580 2250
5310 4340 3580 2240
5310 4340 3580 2230
5310 4350 3580 2230
5310 4350 3580 2250
5320 4350 3580 2250
5310 4350 3580 2260
5300 4350 3580 2260
5300 4350 3580 2280
5310 4350 3580 2290
5320 4350 3580 2220
5310 4340 3570 2290
5310 4340 3570 2230
5310 4340 3570 2290
5310 4340 3570 2250
5310 4350 3580 2280
5310 4360 3580 2240
5310 4350 3580 2230
5320 4350 3580 2210
5320 4350 3580 2210
5320 4350 3590 2200
5310 4350 3580 2230
5310 4350 3580 2240
5300 4340 3580 2270
5300 4350 3590 2270
5300 4350 3590 2240
5300 4350 3580 2230
5300 4360 3570 2240
5300 4360 3570 2290
5310 4350 3570 2260
