6210 4810 3540 1580
6170 4810 3540 1580
6190 4810 3540 1580
6220 4810 3540 1580
6190 4800 3540 1580
6190 4810 3530 1580
6190 4810 3530 1580
6190 4810 3530 1580
6210 4810 3530 1570
6230 4810 3530 1570
6170 4820 3530 1570
6210 4820 3530 1570
6210 4810 3530 1570
6200 4800 3530 1570
6170 4800 3530 1580
6230 4810 3530 1580
6230 4810 3540 1590
6170 4810 3540 1590
6190 4810 3530 1590
6160 4810 3540 1590
6190 4810 3540 1590
6160 4810 3530 1600
6230 4810 3540 1600
6170 4810 3540 1590
6230 4810 3540 1590
6230 4810 3550 1590
6220 4820 3550 1580
6220 4820 3550 1580
6160 4820 3540 1580
6210 4810 3540 1580
6220 4810 3540 1580
6180 4810 3540 1580
6180 4810 3540 1580
6180 4810 3540 1590
6160 4810 3530 1590
6160 4810 3530 1590
6210 4810 3530 1590
6180 4810 3530 1590
6160 4810 3530 1600
6170 4810 3540 1590
6210 4800 3540 1600
6160 4800 3540 1590
6180 4800 3540 1590
6230 4800 3540 1600
6180 4800 3540 1600
6220 4800 3540 1580
6170 4810 3540 1580
6170 4800 3540 1580
6170 4800 3530 1580
6200 4800 3530 1580
6160 4790 3530 1580
6180 4790 3530 1590
6160 4790 3520 1590
6200 4790 3520 1590
6180 4800 3520 1590
6160 4800 3520 1590
6200 4800 3530 1590
6160 4810 3530 1600
6170 4820 3530 1590
6220 4810 3530 1590
6160 4810 3530 1580
6190 4810 3530 1590
6170 4820 3530 1590
6160 4820 3530 1590
6180 4820 3520 1590
6180 4820 3520 1580
6150 4800 3520 1580
6170 4800 3520 1590
6170 4800 3510 1580
6160 4810 3510 1580
6220 4810 3510 1580
6200 4820 3520 1580
6150 4820 3520 1570
6150 4820 3520 1580
6170 4830 3530 1590
6150 4820 3530 1590
6210 4810 3520 1590
6220 4810 3530 1590
6200 4820 3530 1590
6160 4810 3530 1580
6160 4810 3540 1580
6220 4810 3540 1580
6190 4810 3540 1580
5710 4810 3540 2040
5710 4800 3540 2070
5710 4800 3540 2090
5700 4810 3530 2100
5700 4800 3530 2090
5700 4800 3530 2110
5700 4800 3530 2050
5700 4810 3530 2130
5700 4800 3530 2070
5700 4790 3530 2050
5710 4800 3540 2090
5700 4810 3540 2130
5700 4800 3540 2060
5700 4800 3540 2120
5700 4790 3530 2120
5710 4790 3530 2050
5710 4790 3530 2050
5700 4820 3540 2070
5700 4820 3540 2100
5700 4810 3540 2100
5690 4800 3540 2100
5690 4810 3540 2090
5690 4800 3540 2050
5690 4800 3540 2080
5690 4800 3540 2050
5690 4800 3540 2040
5700 4790 3540 2040
5700 4800 3540 2060
5700 4800 3540 2080
5700 4800 3540 2040
5700 4800 3540 2070
5700 4800 3540 2050
5710 4800 3540 2050
5710 4800 3540 2050
5710 4800 3540 2090
5710 4800 3540 2050
5710 4800 3540 2050
5700 4800 3540 2090
5700 4810 3540 2100
5710 4820 3540 2040
5710 4810 3540 2070
5710 4810 3530 2070
5700 4810 3530 2070
5700 4810 3530 2120
5700 4800 3530 2080
5700 4800 3530 2100
5700 4800 3530 2120
5700 4800 3540 2130
5700 4800 3540 2120
5700 4810 3540 2140
5700 4810 3540 2090
5700 4810 3530 2120
5700 4810 3530 2060
5700 4810 3530 2100
5700 4820 3530 2070
5690 4820 3530 2090
5690 4810 3530 2090
5690 4810 3530 2080
5710 4820 3530 2080
5700 4810 3530 2140
5700 4810 3530 2120
5700 4820 3530 2060
5700 4820 3540 2090
5700 4830 3540 2080
5700 4830 3540 2020
5700 4830 3540 2070
5700 4830 3540 2070
5710 4830 3540 2070
5710 4820 3540 2050
5710 4810 3540 2070
5710 4810 3540 2100
5710 4800 3530 2110
5710 4800 3530 2040
5720 4820 3540 2070
5710 4810 3540 2030
5720 4820 3540 2090
5710 4820 3540 2090
5710 4820 3540 2040
5700 4810 3530 2020
5700 4820 3540 2040
5700 4820 3540 2060
5710 4820 3540 2060
5710 4820 3540 2090
