6510 4700 4020 1110
6510 4710 4020 1100
6570 4700 4020 1110
6520 4680 4020 1120
6520 4690 4020 1120
6530 4680 4020 1120
6560 4710 4030 1130
6540 4710 4030 1120
6500 4700 4020 1120
6500 4690 4020 1120
6560 4690 4020 1110
6560 4680 4030 1110
6550 4680 4030 1110
6520 4690 4030 1100
6560 4680 4030 1100
6510 4680 4030 1100
6550 4700 4030 1100
6550 4680 4030 1100
6570 4680 4030 1100
6540 4690 4030 1100
6530 4690 4030 1100
6540 4690 4030 1100
6570 4670 4040 1110
6510 4690 4040 1100
6520 4680 4040 1100
6560 4680 4040 1100
6540 4680 4040 1100
6520 4680 4030 1100
6500 4680 4030 1100
6540 4680 4030 1110
6520 4680 4030 1110
6520 4680 4030 1110
6500 4690 4030 1110
6500 4690 4030 1110
6520 4670 4030 1100
6520 4670 4030 1100
6570 4680 4030 1100
6540 4680 4030 1090
6560 4680 4030 1090
6500 4690 4030 1090
6500 4690 4030 1100
6500 4690 4030 1100
6530 4690 4030 1100
6520 4700 4030 1090
6550 4710 4030 1090
6520 4710 4030 1080
6520 4710 4020 1080
6490 4710 4020 1090
6550 4700 4020 1100
6560 4710 4020 1100
6510 4700 4020 1100
6510 4680 4030 1110
6490 4690 4020 1100
6480 4680 4020 1100
6550 4680 4020 1110
6520 4680 4030 1110
6530 4680 4030 1110
6530 4670 4030 1110
6570 4660 4030 1110
6550 4650 4030 1110
6530 4650 4030 1120
6550 4650 4030 1100
6530 4670 4030 1100
6500 4680 4030 1100
6550 4690 4030 1100
6580 4680 4030 1100
6510 4680 4030 1110
6570 4670 4030 1120
6530 4660 4030 1120
6550 4680 4030 1120
6510 4680 4030 1120
6550 4680 4030 1110
6510 4680 4030 1120
6540 4680 4030 1130
6560 4680 4030 1110
6500 4680 4030 1110
6560 4670 4020 1110
6510 4660 4020 1110
6540 4650 4020 1110
6510 4660 4020 1110
6530 4670 4020 1120
6050 4680 4010 1580
6040 4670 4020 1650
6040 4660 4020 1590
6040 4680 4020 1650
6050 4680 4020 1650
6040 4670 4010 1600
6040 4670 4010 1600
6030 4680 4010 1590
6030 4690 4010 1640
6030 4700 4020 1560
6040 4700 4010 1600
6040 4700 4010 1620
6040 4700 4010 1590
6050 4710 4020 1600
6050 4710 4020 1620
6040 4710 4010 1590
6030 4700 4010 1590
6030 4700 4010 1570
6050 4710 4010 1570
6050 4720 4010 1570
6050 4690 4010 1620
6050 4690 4010 1580
6050 4690 4010 1580
6060 4680 4010 1630
6070 4690 4010 1650
6070 4680 4010 1640
6060 4670 4010 1590
6060 4660 4010 1630
6060 4660 4010 1590
6050 4670 4010 1630
6050 4680 4010 1610
6050 4680 4010 1560
6050 4680 4020 1620
6040 4690 4020 1630
6040 4680 4020 1600
6040 4680 4020 1620
6040 4680 4020 1600
6040 4690 4020 1590
6040 4700 4020 1620
6050 4700 4010 1580
6060 4690 4020 1590
6060 4690 4020 1570
6060 4680 4020 1600
6050 4680 4020 1600
6050 4680 4010 1630
6050 4690 4010 1560
6050 4680 4010 1570
6050 4670 4010 1590
6050 4680 4020 1570
6040 4680 4010 1570
6050 4660 4010 1610
6050 4670 4010 1630
6050 4660 4020 1610
6040 4670 4030 1590
6040 4670 4030 1630
6040 4660 4030 1630
6040 4670 4030 1600
6040 4660 4030 1610
6040 4680 4030 1590
6050 4670 4030 1610
6050 4660 4030 1640
6060 4660 4030 1600
6050 4650 4030 1570
6060 4650 4030 1590
6050 4670 4020 1580
6050 4660 4010 1580
6060 4660 4010 1620
6060 4650 4010 1630
6060 4650 4010 1630
6050 4680 4010 1570
6050 4690 4020 1590
6050 4690 4020 1580
6050 4680 4020 1570
6040 4680 4020 1570
6030 4670 4020 1570
6030 4670 4010 1640
6040 4680 4010 1650
6040 4680 4010 1610
6040 4690 4010 1650
6030 4690 4020 1610
6030 4680 4040 1660
6020 4680 4030 1630
6040 4690 4030 1620
