6140 4120 4190 1460
6100 4120 4190 1460
6090 4130 4200 1450
6150 4130 4190 1450
6150 4130 4190 1450
6080 4130 4180 1450
6100 4150 4170 1440
6090 4130 4150 1440
6090 4120 4160 1450
6100 4120 4150 1430
6100 4120 4160 1450
6080 4120 4160 1450
6110 4120 4170 1440
6150 4130 4170 1430
6100 4120 4180 1440
6100 4120 4170 1440
6140 4140 4180 1440
6130 4130 4180 1450
6150 4140 4180 1440
6110 4140 4180 1440
6100 4130 4160 1440
6100 4140 4170 1430
6080 4130 4180 1430
6100 4130 4180 1440
6100 4130 4180 1440
6080 4120 4190 1440
6070 4120 4180 1450
6080 4130 4170 1440
6070 4130 4180 1440
6130 4130 4190 1450
6090 4120 4180 1450
6090 4130 4170 1440
6120 4140 4170 1440
6140 4140 4170 1450
6100 4130 4170 1450
6140 4130 4170 1450
6140 4140 4160 1450
6080 4140 4160 1440
6150 4140 4160 1430
6110 4130 4160 1440
6110 4120 4150 1440
6150 4110 4150 1440
6090 4110 4140 1450
6150 4110 4160 1440
6110 4120 4170 1440
6090 4140 4160 1440
6110 4130 4150 1440
6090 4140 4140 1440
6090 4120 4130 1460
6080 4120 4150 1450
6100 4110 4140 1460
6100 4120 4140 1470
6140 4120 4160 1470
6100 4120 4170 1470
6070 4110 4170 1450
6130 4110 4160 1450
6100 4130 4170 1440
6070 4130 4170 1440
6060 4130 4170 1440
6060 4150 4160 1440
6100 4160 4160 1450
6070 4160 4150 1460
6090 4160 4170 1450
6080 4140 4170 1460
6150 4140 4170 1450
6100 4140 4180 1440
6110 4140 4190 1440
6140 4140 4180 1440
6100 4140 4170 1430
6080 4130 4180 1430
6080 4130 4160 1440
6130 4140 4180 1450
6140 4140 4180 1440
6090 4130 4180 1430
6090 4130 4170 1430
6110 4140 4170 1440
6140 4140 4180 1450
5620 4130 4170 1960
5620 4150 4160 1920
5630 4150 4170 1920
5630 4130 4170 1880
5630 4140 4170 1950
5630 4140 4160 1960
5630 4140 4170 1910
5630 4130 4150 1910
5630 4140 4170 1890
5630 4140 4170 1890
5630 4130 4170 1920
5630 4120 4160 1900
5630 4130 4160 1930
5630 4130 4160 1900
5620 4140 4170 1950
5620 4130 4160 1910
5610 4120 4170 1970
5600 4130 4170 1930
5610 4120 4160 1920
5610 4120 4150 1920
5620 4120 4160 1890
5620 4120 4160 1910
5620 4110 4160 1910
5630 4120 4170 1940
5630 4120 4170 1940
5620 4130 4180 1930
5620 4130 4170 1970
5610 4130 4160 1970
5620 4130 4160 1950
5620 4150 4170 1950
5620 4150 4150 1970
5620 4130 4160 1940
5620 4120 4170 1960
5620 4110 4160 1940
5620 4110 4160 1960
5640 4120 4160 1920
5630 4130 4180 1910
5630 4120 4180 1950
5630 4120 4180 1940
5620 4120 4170 1950
5620 4120 4180 1910
5610 4120 4170 1970
5610 4140 4170 1910
5610 4130 4180 1900
5610 4120 4170 1900
5610 4120 4170 1970
5610 4110 4160 1940
5610 4110 4160 1900
5600 4120 4160 1900
5600 4120 4160 1920
5600 4130 4160 1920
5600 4130 4160 1960
5610 4120 4160 1900
5620 4130 4170 1950
5630 4120 4170 1900
5630 4120 4170 1920
5630 4120 4180 1960
5620 4130 4170 1920
5610 4130 4170 1960
5610 4130 4170 1900
5620 4130 4170 1970
5620 4140 4170 1930
5610 4140 4160 1910
5610 4130 4170 1960
5610 4130 4170 1910
5620 4140 4160 1900
5620 4150 4160 1920
5620 4140 4150 1960
5620 4140 4160 1920
5620 4150 4170 1910
5620 4150 4170 1960
