5800 3720 4340 1810
5770 3700 4340 1780
5790 3700 4340 1770
5770 3700 4340 1800
5780 3700 4340 1810
5800 3710 4340 1780
5750 3700 4350 1780
5780 3700 4350 1780
5750 3700 4350 1780
5750 3700 4350 1810
5790 3720 4360 1800
5750 3720 4360 1780
5750 3720 4360 1800
5750 3720 4350 1800
5750 3710 4340 1800
5770 3710 4340 1800
5750 3710 4340 1810
5780 3710 4340 1800
5810 3710 4340 1770
5770 3710 4340 1800
5810 3710 4340 1800
5740 3720 4340 1820
5760 3720 4350 1820
5740 3720 4340 1810
5800 3730 4340 1810
5810 3740 4340 1810
5800 3740 4340 1780
5810 3740 4340 1780
5810 3750 4340 1760
5770 3740 4340 70
5800 3740 4350 1760
5780 3730 4350 1780
5800 3730 4350 1800
5810 3720 4350 1800
5810 3720 4350 1810
5770 3720 4350 1810
5770 3720 4340 1800
5760 3730 4340 1810
5760 3730 4340 1800
5770 3730 4350 1780
5790 3730 4360 1800
5730 3730 4360 1800
5730 3730 4360 1800
5730 3730 4350 1800
5800 3720 4350 1780
5740 3720 4350 1780
5750 3720 4350 1780
5770 3730 4340 1780
5740 3730 4350 1780
5800 3720 4350 1770
5740 3720 4350 1800
5780 3720 4350 1780
5800 3720 4350 1770
5800 3710 4350 1780
5810 3710 4360 1800
5740 3720 4360 1780
5740 3720 4360 1780
5730 3720 4350 1770
5760 3720 4340 1780
5800 3720 4350 1800
5790 3720 4350 1780
5770 3720 4350 1780
5790 3730 4340 1780
5770 3720 4340 1770
5770 3720 4340 1770
5780 3720 4340 1770
5770 3720 4340 1770
5750 3720 4340 1770
5730 3720 4350 1770
5760 3720 4350 1770
5720 3710 4350 1770
5790 3720 4350 1800
5750 3730 4350 1800
5790 3730 4350 1800
5750 3730 4350 1780
5750 3720 4360 1770
5750 3720 4350 1770
5750 3720 4350 1770
5730 3720 4350 1770
5750 3710 4350 1770
5790 3710 4360 1780
5750 3710 4350 1800
5760 3710 4350 1800
5760 3720 4350 1780
5770 3720 4350 1760
5740 3720 4350 1760
5800 3730 4350 1770
5730 3720 4350 1780
5730 3720 4350 1780
5790 3720 4350 1800
5720 3720 4350 1800
5720 3730 4350 1810
5740 3720 4350 1810
5750 3720 4340 1810
5790 3710 4340 1810
5260 3710 4340 2260
5260 3720 4340 2300
5260 3730 4340 550
5270 3730 4350 2270
5270 3720 4350 2220
5270 3720 4350 2230
5260 3730 4350 2260
5260 3720 4350 2290
5270 3720 4350 2300
5280 3720 4340 2250
5280 3720 4340 2230
5280 3720 4350 2240
5280 3720 4350 2300
5280 3720 4350 2240
5280 3720 4350 2300
5280 3720 4350 2280
5280 3720 4350 2320
5280 3720 4350 2320
5280 3720 4350 2240
5270 3720 4340 2260
5270 3720 4340 2280
5270 3720 4340 2260
5280 3720 4340 2240
5270 3720 4340 2280
5280 3720 4340 2280
5280 3730 4340 2260
5270 3720 4340 2220
5280 3710 4340 2230
5280 3700 4340 2250
5270 3700 4340 2240
5270 3700 4340 2280
5270 3700 4340 2300
5270 3700 4340 2300
5280 3700 4340 2310
5280 3690 4340 2260
5280 3670 4340 2300
5270 3650 4340 2300
5260 3690 4340 2280
5260 3700 4340 2330
5260 3710 4340 2320
5260 3710 4340 2240
5260 3730 4350 2290
5260 3740 4340 2300
5270 3720 4340 2280
5270 3720 4350 2260
5270 3720 4350 2280
5270 3720 4350 2300
5280 3720 4340 2260
5280 3710 4340 2290
5270 3720 4350 2260
5270 3720 4350 2260
5270 3720 4340 2250
5270 3710 4340 2250
5270 3700 4340 2250
5280 3700 4340 2290
5280 3710 4350 2250
5270 3720 4350 2250
5270 3710 4350 2230
5270 3700 4350 2250
5270 3700 4350 2280
5270 3720 4350 2260
5270 3720 4350 2260
5270 3720 4350 2250
5270 3720 4350 2270
5270 3700 4350 2300
5260 3670 4340 2320
5270 3650 4340 2290
5270 3670 4350 2300
5270 3680 4340 2250
5270 3700 4340 2280
5290 3710 4340 2240
5270 3700 4350 2300
5280 3700 4350 2260
5280 3700 4350 2260
5280 3710 4350 2290
5280 3700 4350 2260
5270 3720 4340 2240
5270 3730 4340 2300
5280 3720 4340 2240
5270 3730 4340 2280
5270 3720 4340 2290
5270 3730 4350 2250
5270 3720 4350 2300
5270 3720 4350 2240
5280 3720 4350 2230
5270 3720 4350 2280
5260 3710 4350 2290
5250 3710 4350 2260
5250 3700 4350 2300
5260 3690 4340 2270
5260 3690 4340 2260
5270 3710 4350 2320
5270 3700 4350 2330
5260 3690 4350 2260
5260 3690 4350 2220
5260 3690 4340 2240
