5470 3200 4520 2200
5500 3230 4520 2200
5470 3230 4510 2210
5460 3230 4520 2220
5480 3220 4520 2210
5460 3230 4520 2210
5520 3230 4520 2210
5460 3230 4530 2210
5470 3230 4530 2220
5510 3240 4520 2210
5490 3220 4520 2200
5500 3210 4520 2200
5540 3210 4520 2200
5470 3200 4530 2200
5490 3210 4530 2210
5520 3210 4530 2230
5510 3210 4530 2220
5510 3240 4520 2200
5480 3240 4530 2210
5450 3240 4530 2210
5450 3230 4520 2220
5450 3210 4520 2200
5500 3220 4520 2200
5500 3230 4510 2190
5460 3230 4510 2190
5460 3220 4520 2190
5500 3220 4500 2200
5520 3220 4500 2200
5500 3210 4500 2200
5520 3210 4510 2200
5460 3220 4520 2210
5460 3230 4520 2210
5510 3240 4520 2220
5520 3240 4530 2210
5480 3230 4530 2210
5460 3240 4530 2220
5480 3220 4530 2220
5470 3210 4530 2210
5450 3210 4520 2200
5500 3200 4530 2190
5480 3220 4530 2180
5520 3210 4530 2200
5520 3200 4530 2200
5490 3210 4530 2200
5490 3210 4520 2200
5460 3210 4530 2200
5520 3210 4530 2190
5480 3200 4530 2190
5510 3200 4530 2180
5520 3210 4540 2180
5490 3210 4530 2180
4980 3220 4530 2670
4980 3210 4530 2710
4970 3200 4520 2710
4970 3210 4520 2690
4990 3220 4520 2710
4990 3220 4520 2700
4990 3220 4520 2650
4990 3220 4520 2690
5000 3220 4510 2660
5000 3210 4510 2670
5000 3210 4520 2680
5010 3210 4530 2690
5010 3210 4530 2670
5010 3220 4530 2730
5010 3210 4530 2730
5020 3200 4530 2740
5010 3200 4530 2730
5020 3200 4520 2670
5010 3220 4520 2670
5010 3220 4530 2720
5010 3230 4530 2660
5020 3230 4530 2660
5030 3220 4530 2680
5020 3230 4530 2660
5020 3220 4530 2720
5030 3210 4530 2690
5030 3210 4530 2690
5030 3210 4530 2710
5030 3210 4530 2690
5020 3210 4530 2670
5010 3200 4530 2710
5010 3210 4530 2670
5020 3210 4530 2680
5010 3220 4530 2700
5010 3220 4540 2710
5010 3220 4540 2650
5010 3210 4540 2650
5010 3220 4540 2700
5000 3210 4540 2730
5010 3210 4530 2700
5010 3220 4530 2660
5010 3230 4530 2680
5010 3230 4530 2660
5020 3210 4540 2660
5030 3190 4540 2710
5020 3200 4550 2700
5010 3200 4540 2720
4990 3200 4540 2690
4990 3220 4540 2650
5000 3230 4540 2680
5000 3230 4520 2690
5000 3230 4520 2660
5000 3210 4520 2680
4990 3200 4520 2660
4990 3220 4520 2660
4990 3210 4530 2710
4990 3200 4530 2690
5010 3200 4530 2710
