5190 2780 4730 2660
5220 2790 4730 2650
5210 2800 4720 2650
5180 2800 4720 2660
5200 2790 4720 2660
5220 2780 4730 2660
5250 2790 4730 2670
5250 2800 4730 2660
5190 2800 4730 2660
5230 2790 4730 2650
5180 2790 4730 2660
5170 2800 4730 2660
5190 2800 4740 2670
5240 2800 4730 2670
5220 2790 4730 2670
5190 2800 4730 2680
5210 2800 4730 2670
5240 2790 4730 2660
5190 2770 4720 2660
5200 2770 4720 2660
5200 2780 4720 2660
5210 2780 4720 2660
5250 2790 4730 2660
5230 2790 4730 2660
5250 2780 4730 2640
5250 2780 4730 2650
5250 2780 4730 2650
5260 2780 4730 2650
5240 2780 4730 2660
5180 2780 4730 2650
5210 2790 4730 2650
5210 2780 4730 2650
5170 2770 4730 2660
5230 2770 4730 2650
5180 2780 4730 2650
5190 2780 4720 2650
5200 2780 4720 2650
5180 2790 4720 2660
5170 2790 4720 2670
5200 2790 4720 2670
5230 2800 4720 2660
5220 2810 4720 2660
5180 2800 4720 2660
5240 2800 4720 2670
5240 2810 4720 2670
5190 2810 4710 2670
5200 2800 4720 2670
5240 2800 4720 2670
5190 2790 4720 2660
5180 2790 4720 2670
5210 2800 4720 2670
5240 2790 4720 2660
5240 2800 4720 2660
5170 2800 4720 2650
5240 2800 4710 2650
5200 2800 4720 2650
5180 2800 4720 2650
5180 2800 4720 2650
5230 2800 4720 2670
5190 2800 4720 2670
5210 2800 4720 2670
5220 2800 4720 2660
5190 2800 4720 2660
5230 2800 4720 2660
5220 2800 4720 2660
5180 2800 4720 2660
5180 2810 4720 2660
5190 2810 4720 2670
5180 2800 4730 2660
5190 2800 4730 2650
5190 2800 4730 2660
5210 2790 4730 2660
5190 2770 4730 2660
5250 2770 4730 2660
5190 2770 4730 2660
5210 2770 4720 2670
5190 2770 4720 2670
5230 2770 4720 2670
5230 2790 4720 2680
5210 2780 4720 2670
5250 2780 4720 2660
4720 2780 4720 3130
4730 2790 4720 3130
4720 2790 4710 3160
4730 2780 4720 3160
4730 2780 4720 3160
4720 2780 4720 3180
4710 2780 4720 3180
4710 2780 4710 3120
4710 2780 4710 3170
4710 2790 4720 3140
4710 2800 4730 3120
4710 2790 4740 3140
4710 2780 4730 3110
4710 2790 4730 3160
4720 2790 4730 3150
4720 2790 4730 3110
4710 2810 4730 3130
4720 2810 4730 3170
4730 2820 4730 3180
4730 2810 4730 3170
4730 2810 4730 3120
4730 2810 4740 3140
4730 2810 4740 3180
4740 2830 4740 3140
4730 2830 4730 3140
4730 2820 4730 3110
4730 2830 4730 3120
4730 2810 4740 3140
4730 2810 4740 3120
4710 2800 4740 3170
4710 2800 4730 3140
4710 2830 4730 3120
4720 2830 4720 3170
4720 2830 4730 3190
4720 2830 4730 3120
4730 2820 4730 3120
4720 2800 4720 3130
4720 2790 4720 3130
4720 2790 4720 3180
4710 2790 4720 3140
4710 2800 4720 3150
4720 2800 4720 3110
4720 2810 4720 3140
4730 2810 4730 3130
4730 2800 4730 3150
4730 2800 4730 3180
4740 2790 4730 3130
4740 2790 4730 3130
4740 2800 4730 3170
4740 2800 4730 3150
4740 2800 4730 3150
4730 2800 4740 3140
4730 2800 4730 3120
4730 2800 4720 3130
4720 2800 4710 3140
4720 2800 4710 3140
4740 2790 4710 3180
4740 2780 4710 3180
4740 2800 4710 3120
4740 2790 4710 3190
4740 2790 4710 3130
4740 2790 4710 3180
4720 2790 4710 3180
4710 2790 4710 3150
4710 2790 4710 3130
4710 2790 4700 3130
4710 2790 4700 3140
4710 2790 4710 3130
4720 2790 4720 3120
4710 2790 4720 3120
4720 2790 4710 3110
4730 2800 4710 3120
4730 2800 4710 3120
4730 2800 4710 3160
4720 2800 4710 3110
4710 2800 4710 3120
4710 2800 4710 3170
4720 2810 4710 3190
4720 2810 4710 3120
4720 2810 4710 3160
4710 2800 4710 3180
