4890 2380 5020 3230
4880 2380 5020 3230
4890 2380 5020 3230
4870 2380 5020 3220
4930 2380 5020 3210
4920 2380 5020 3210
4930 2380 5010 3210
4860 2390 5010 3210
4900 2390 5010 3210
4870 2380 5020 3220
4890 2390 5020 3220
4930 2390 5020 3240
4930 2380 5020 3240
4910 2390 5020 3240
4880 2360 5020 3230
4880 2370 5020 3230
4900 2380 5010 3240
4920 2390 5010 3220
4870 2380 5020 3230
4860 2370 5030 3230
4870 2380 5030 3230
4870 2380 5030 3230
4850 2370 5030 3230
4870 2360 5020 3230
4850 2360 5020 3230
4860 2370 5030 3240
4910 2370 5030 3240
4920 2360 5030 3240
4870 2370 5020 3230
4860 2380 5020 3240
4890 2370 5020 3230
4900 2360 5020 3230
4870 2360 5020 3220
4880 2370 5020 3210
4890 2370 5020 3210
4920 2370 5020 3200
4920 2370 5020 3200
4880 2360 5010 3210
4870 2370 5010 3210
4880 2360 5010 3220
4920 2370 5010 3220
4920 2360 5010 3220
4860 2360 5020 3220
4870 2370 5020 3220
4860 2370 5030 3220
4870 2380 5020 3220
4870 2380 5020 3220
4920 2380 5020 3220
4900 2380 5030 3220
4910 2380 5020 3210
4930 2380 5020 3210
4930 2380 5020 3220
4900 2370 5020 3230
4900 2370 5020 3230
4920 2380 5030 3220
4880 2380 5020 3220
4880 2380 5020 3220
4890 2380 5020 3220
4900 2380 5020 3230
4880 2380 5020 3230
4880 2390 5020 3230
4880 2380 5020 3230
4860 2390 5030 3230
4880 2390 5020 3230
4900 2390 5020 3220
4890 2380 5030 3230
4870 2380 5020 3240
4910 2360 5020 3230
4930 2370 5020 3230
4870 2370 5020 3230
4880 2360 5010 3230
4880 2360 5030 3230
4930 2380 5020 3230
4930 2370 5020 3230
4930 2360 5020 3240
4890 2360 5020 3230
4880 2360 5020 3220
4860 2370 5020 3230
4860 2360 5020 3230
4880 2370 5020 3240
4910 2370 5020 3230
4850 2380 5020 3230
4920 2370 5020 3230
4900 2380 5010 3230
4890 2380 5020 3220
4910 2380 5020 3230
4910 2380 5010 3240
4860 2370 5000 3240
4900 2370 5010 3240
4920 2370 5010 3240
4900 2380 5030 3240
4910 2370 5020 3240
4910 2360 5020 3240
4890 2360 5020 3230
4880 2360 5020 3230
4860 2360 5020 3230
4930 2360 5020 3230
4880 2350 5030 3240
4880 2360 5020 3240
4900 2370 5020 3240
4880 2370 5020 3240
4890 2370 5020 3240
4870 2370 5020 3240
4880 2370 5020 3240
4900 2370 5020 3240
4880 2360 5030 3240
4880 2370 5020 3240
4900 2360 5010 3230
4870 2370 5010 3230
4870 2370 5010 3220
4940 2370 5010 3220
4420 2380 5010 3710
4410 2380 5020 3690
4410 2380 5030 3710
4400 2380 5020 3690
4400 2370 5020 3690
4410 2370 5030 3700
4410 2380 5030 3720
4420 2380 5020 3700
4410 2370 5010 3740
4410 2370 5020 3700
4420 2370 5020 3740
4420 2380 5020 3720
4430 2380 5020 3720
4420 2370 5020 3750
4420 2370 5020 3700
4420 2370 5020 3730
4410 2370 5020 3740
4410 2370 5020 3700
4410 2370 5020 3710
4410 2370 5020 3730
4410 2380 5020 3750
4400 2370 5020 3710
4390 2370 5020 3700
4390 2370 5020 3690
4400 2380 5030 3720
4410 2390 5020 3730
4400 2380 5020 3740
4400 2380 5020 3740
4400 2390 5010 3710
4410 2380 5010 3710
4410 2380 5010 3690
4420 2360 5010 3730
4410 2360 5010 3690
4410 2370 5010 3750
4410 2380 5020 3730
4410 2390 5020 3750
4400 2380 5020 3710
4400 2370 5020 3700
4420 2350 5020 3740
4420 2350 5020 3680
4420 2360 5020 3720
4410 2370 5020 3700
4420 2360 5020 3710
4420 2350 5010 3750
4420 2340 5020 3730
4420 2360 5020 3720
4420 2370 5020 3760
4430 2370 5020 3760
4420 2380 5020 3760
4420 2370 5030 3710
4400 2370 5010 3730
4400 2370 5020 3750
4400 2370 5020 3730
4400 2370 5020 3710
4400 2370 5020 3690
4390 2370 5020 3750
4390 2360 5020 3750
4390 2370 5020 3690
4400 2370 5020 3690
4410 2360 5020 3750
4400 2350 5020 3700
4410 2350 5020 3760
4410 2360 5020 3770
4410 2370 5020 3700
4410 2360 5020 3740
4400 2370 5020 3720
4400 2380 5020 3740
4400 2360 5020 3760
4400 2360 5030 3720
4400 2350 5020 3740
4410 2360 5010 3700
4430 2360 5010 3720
4440 2370 5010 3740
4440 2360 5010 3760
4430 2360 5010 3720
4410 2360 5010 3740
4410 2370 5010 3700
4430 2360 5010 3760
4430 2360 5010 3700
4410 2360 5010 3700
4410 2370 5000 3710
4410 2370 5000 3750
4420 2370 5000 3700
4420 2360 5020 3700
4420 2350 5020 3720
4410 2340 5020 3680
4400 2330 5030 3740
4400 2350 5020 3740
4410 2350 5010 3720
4400 2350 5020 3750
4400 2340 5020 3750
4410 2360 5020 3710
4400 2360 5030 3750
4410 2350 5020 3690
4400 2360 5020 3760
4410 2360 5020 3740
4400 2360 5020 3710
4390 2360 5020 3690
4390 2360 5020 3690
4400 2370 5010 3730
4400 2360 5010 3690
4410 2350 5020 3710
4390 2350 5020 3690
4390 2360 5020 3700
4410 2370 5020 3720
4400 2370 5020 3700
4420 2380 5020 3690
4420 2380 5020 3710
4410 2360 5020 3680
4400 2370 5020 3750
