4050 5710 1710 4640
4020 5710 1710 4650
4050 5720 1700 4660
3990 5720 1700 4670
3980 5710 1700 4660
3990 5700 1700 4640
4040 5700 1710 4640
3980 5720 1710 4650
4000 5720 1700 4650
3950 5720 1690 4650
4010 5720 1700 4640
3970 5720 1700 4640
3970 5720 1710 4640
3950 5710 1710 4650
3970 5710 1710 4650
3980 5700 1710 4650
3950 5720 1710 4660
3960 5710 1710 4660
3950 5710 1710 4640
3950 5720 1710 4640
4020 5710 1720 4650
4000 5710 1720 4650
3980 5700 1710 4640
4000 5700 1710 4630
4010 5700 1720 4630
4010 5700 1720 4620
4000 5700 1720 4640
4060 5710 1720 4650
4030 5710 1710 4630
4070 5710 1710 4630
4000 5710 1710 4640
4020 5710 1710 4640
4000 5710 1710 4660
4010 5710 1720 4660
4010 5700 1720 4660
3970 5700 1720 4650
3970 5700 1720 4650
3970 5710 1720 4650
3970 5710 1710 4630
3950 5720 1710 4620
4000 5720 1710 4620
4020 5730 1710 4630
4020 5730 1710 4620
3980 5730 1710 4620
4000 5740 1710 4610
4020 5730 1710 4610
4030 5730 1710 4610
4060 5730 1710 4620
4060 5720 1710 4610
3990 5720 1700 4610
4000 5720 1690 4620
4000 5710 1700 4620
4040 5710 1700 4620
4050 5720 1700 4620
4000 5730 1700 4620
4040 5720 1700 4610
3980 5730 1700 4620
4020 5730 1710 4620
4040 5720 1710 4620
4010 5710 1710 4640
4010 5700 1710 4630
3990 5700 1710 4640
3990 5700 1710 4630
3990 5700 1710 4640
3990 5700 1710 4640
4020 5700 1710 4630
4020 5700 1700 4630
4020 5710 1690 4620
4000 5710 1700 4610
4040 5710 1710 4620
4040 5710 1700 4610
4020 5700 1700 4610
4000 5700 1700 4610
4040 5710 1700 4610
4000 5700 1700 4620
4010 5700 1700 4630
4030 5700 1710 4620
4030 5700 1690 4630
4010 5700 1680 4630
4070 5700 1680 4640
4040 5700 1680 4630
4020 5690 1670 4640
4060 5690 1680 4640
4060 5690 1680 4630
4000 5690 1690 4620
4060 5700 1700 4640
4010 5710 1700 4620
4010 5700 1700 4620
4020 5700 1710 4630
4020 5700 1710 4630
4020 5700 1710 4630
4010 5700 1710 4640
4000 5700 1690 4640
4020 5690 1690 4640
4020 5690 1690 4640
4000 5690 1690 4650
4030 5690 1690 4640
4070 5700 1700 4640
4050 5700 1700 4650
4050 5690 1700 4650
4070 5690 1690 4640
4050 5690 1680 4640
4050 5690 1680 4640
4010 5690 1680 4640
4000 5700 1690 4640
4000 5700 1700 4640
4020 5700 1710 4630
4060 5700 1690 4630
4050 5700 1700 4630
4070 5700 1700 4620
4010 5700 1700 4610
4010 5700 1700 4620
4010 5700 1700 4620
4040 5710 1700 4630
4000 5700 1690 4620
4020 5710 1690 4630
4000 5710 1700 4610
4000 5710 1700 4630
4040 5700 1700 4610
4030 5710 1690 4620
4040 5700 1680 4610
4070 5700 1680 4620
4070 5700 1690 4630
4060 5700 1690 4630
4080 5700 1700 4630
4050 5700 1700 4630
4030 5700 1710 4630
4030 5700 1710 4620
4030 5710 1710 4620
4050 5720 1720 4630
4090 5720 1720 4620
3560 6210 1710 4610
3560 6180 1700 4620
3540 6220 1690 4640
3530 6220 1690 4640
3540 6160 1680 4630
3530 6160 1690 4630
3540 6180 1700 4630
3540 6200 1700 4630
3540 6200 1700 4620
3520 6180 1690 4630
3520 6180 1690 4630
3520 6180 1690 4630
3520 6180 1690 4640
3510 6210 1700 4640
3500 6190 1700 4640
3500 6210 1690 4640
3500 6170 1690 4640
3500 6210 1700 4640
3490 6170 1700 4640
3490 6210 1710 4630
3510 6200 1710 4620
3520 6220 1700 4620
3520 6180 1700 4610
3530 6200 1710 4620
3520 6180 1700 4620
3520 6160 1700 4610
3520 6220 1700 4620
3520 6220 1690 4620
3530 6180 1690 4630
3530 6210 1690 4640
3540 6200 1690 4640
3550 6220 1690 4630
3550 6180 1690 4630
3550 6220 1700 4640
3550 6160 1710 4640
3550 6180 1710 4640
3560 6160 1700 4640
3550 6160 1700 4640
3550 6200 1700 4640
3550 6220 1700 4640
3560 6170 1700 4630
3560 6230 1700 4630
3560 6180 1690 4640
3550 6200 1690 4640
3550 6180 1690 4640
3550 6160 1700 4650
3540 6190 1700 4650
3540 6210 1710 4650
3540 6170 1700 4640
3540 6200 1690 4630
3540 6200 1700 4630
3520 6230 1700 4640
3520 6160 1690 4640
3510 6160 1690 4640
3500 6170 1690 4630
3500 6210 1700 4630
3490 6210 1700 4640
3490 6220 1710 4640
3480 6170 1700 4640
3480 6180 1700 4630
3490 6220 1700 4630
3520 6160 1700 4640
3520 6220 1700 4620
3530 6160 1700 4630
3530 6210 1680 4630
3540 6220 1690 4630
3550 6190 1690 4640
3540 6230 1690 4630
3530 6170 1690 4640
3530 6240 1680 4640
3520 6220 1690 4640
3520 6230 1680 4640
3520 6170 1700 4640
3520 6230 1700 4640
3530 6210 1710 4650
3530 6190 1710 4640
3540 6170 1700 4640
3550 6170 1700 4650
3550 6170 1700 4650
3550 6230 1690 4650
3550 6190 1710 4650
3550 6180 1700 4650
3540 6150 1700 4650
3540 6170 1690 4650
3550 6210 1690 4640
3550 6180 1700 4640
3540 6160 1710 4640
3540 6220 1710 4650
3540 6150 1700 4650
3540 6210 1690 4650
3540 6210 1690 4640
3540 6210 1690 4630
3540 6160 1680 4630
3540 6190 1690 4630
3540 6160 1690 4620
3540 6160 1690 4620
3540 6200 1690 4620
3550 6210 1700 4640
3550 6170 1690 4640
3540 6190 1700 4640
3540 6210 1700 4650
3550 6170 1710 4640
3550 6200 1710 4640
3550 6170 1700 4640
3550 6190 1690 4640
3530 6180 1700 4640
3520 6190 1690 4630
3520 6240 1700 4640
3510 6170 1700 4650
3510 6190 1690 4640
3500 6190 1690 4640
3490 6190 1690 4650
3480 6180 1700 4640
3480 6210 1700 4640
3490 6170 1700 4650
3490 6230 1710 4650
3490 6190 1700 4650
3480 6230 1700 4670
3470 6210 1700 4660
3460 6190 1710 4650
3470 6230 1710 4650
3480 6190 1690 4660
3490 6210 1680 4650
