4680 1950 5300 3670
4720 1960 5300 3670
4720 1960 5300 3680
4730 1960 5300 3680
4690 1960 5300 3680
4710 1960 5310 3680
4740 1960 5310 3680
4710 1960 5310 3670
4670 1950 5310 3680
4700 1970 5310 3680
4740 1980 5310 3670
4740 1970 5300 3670
4680 1970 5300 3670
4750 1970 5300 3670
4700 1970 5310 3680
4720 1950 5310 3670
4690 1950 5310 3670
4700 1960 5320 3670
4740 1970 5310 3680
4660 1990 5310 3680
4670 1990 5300 3680
4700 1990 5300 3690
4700 1980 5300 3680
4690 1980 5310 3670
4720 1990 5300 3670
4740 1980 5300 3680
4730 1990 5300 3680
4690 1990 5310 3680
4680 2000 5320 3680
4700 1990 5330 3680
4680 1990 5330 3680
4730 1980 5330 3680
4720 1990 5320 3680
4690 1990 5320 3680
4670 2000 5320 3690
4740 1990 5320 3690
4750 1990 5310 3680
4690 2000 5300 3690
4710 2000 5300 3690
4680 1990 5300 3680
4720 1990 5310 3680
4740 1980 5310 3680
4740 1980 5310 3680
4700 1970 5310 3680
4700 1980 5310 3680
4670 1990 5310 3680
4660 1990 5300 3680
4660 1970 5290 3670
4670 1980 5290 3650
4710 1980 5290 3670
4680 1970 5290 3650
4670 1970 5290 3650
4700 1970 5290 3650
4670 1970 5290 3670
4700 1980 5290 3670
4750 2000 5290 3670
4730 2010 5300 3670
4720 2010 5300 3670
4740 2010 5310 3670
4210 2020 5310 4170
4210 2010 5310 4150
4210 1990 5310 4150
4210 1990 5310 4130
4220 2000 5310 4190
4220 1980 5310 4190
4200 1980 5300 4130
4190 1990 5310 4170
4200 1980 5310 4190
4200 1980 5310 4110
4190 1990 5310 4170
4190 1990 5310 4170
4200 1990 5320 4130
4200 1990 5320 4130
4210 1980 5320 4130
4220 1980 5310 4150
4220 1970 5300 4180
4220 1970 5300 4170
4220 1970 5300 4170
4210 1970 5300 4150
4220 1980 5300 4210
4220 1980 5300 4150
4210 1990 5320 4140
4200 1980 5320 4200
4210 1990 5310 4160
4200 1980 5300 4160
4210 1970 5300 4140
4190 1970 5300 4150
4190 1970 5300 4150
4190 1970 5300 4120
4180 1980 5300 4130
4200 1970 5300 4090
4190 1970 5300 4160
4190 1980 5300 4100
4210 1980 5300 4160
4200 1980 5300 4160
4200 1980 5310 4170
4200 1990 5310 4130
4190 1980 5310 4140
4190 1980 5300 4140
4190 1980 5300 4200
4190 1970 5300 4150
4200 1970 5300 4150
4220 1970 5290 4150
4210 1970 5300 4200
4220 1970 5310 4160
4190 1980 5310 4180
4200 1990 5300 4140
4210 1990 5300 4160
4220 1990 5300 4200
4210 1980 5300 4160
4220 1990 5300 4200
4220 1990 5300 4160
4220 1990 5310 4130
4220 1980 5310 4170
4220 1990 5310 4130
4220 1990 5310 4150
4220 1980 5310 4200
4220 1970 5310 4200
4220 1970 5310 4160
4220 1980 5310 4200
4200 1980 5310 4200
