4550 1630 5700 4120
4560 1630 5700 4120
4580 1640 5710 4120
4600 1640 5710 4110
4540 1630 5710 4110
4580 1620 5710 4110
4560 1620 5710 4110
4550 1620 5710 4110
4520 1620 5710 4110
4560 1630 5710 4110
4530 1610 5710 4120
4540 1600 5710 4120
4520 1620 5710 4120
4530 1620 5710 4120
4570 1620 5710 4130
4550 1630 5700 4130
4580 1640 5710 4140
4520 1640 5710 4130
4540 1630 5700 4130
4590 1640 5700 4130
4530 1630 5700 4130
4550 1620 5700 4130
4550 1620 5700 4120
4560 1610 5700 4110
4560 1610 5700 4100
4580 1610 5700 4110
4570 1610 5700 4110
4590 1600 5700 4110
4590 1600 5700 4120
4550 1620 5700 4130
4570 1630 5700 4130
4590 1640 5710 4120
4570 1650 5710 4120
4590 1650 5710 4130
4560 1660 5710 4120
4540 1640 5710 4120
4560 1640 5710 4110
4550 1640 5710 4110
4540 1640 5710 4120
4540 1650 5710 4120
4540 1640 5710 4120
4540 1640 5710 4120
4560 1650 5710 4110
4550 1650 5710 4110
4560 1640 5710 4110
4580 1640 5710 4110
4580 1630 5710 4100
4530 1640 5710 4110
4520 1650 5710 4110
4560 1640 5710 4120
4540 1640 5710 4120
4540 1630 5710 4120
4560 1640 5710 4130
4560 1640 5710 4120
4560 1630 5710 4120
4570 1620 5710 4110
4580 1640 5710 4120
4570 1640 5710 4120
4520 1640 5710 4120
4580 1640 5710 4120
4530 1640 5710 4120
4530 1640 5710 4120
4560 1640 5710 4120
4550 1640 5710 4120
4540 1650 5710 4120
4600 1640 5700 4130
4600 1630 5700 4130
4540 1640 5710 4130
4560 1640 5700 4130
4560 1640 5700 4130
4600 1630 5700 4120
4600 1630 5700 4120
4590 1650 5700 4130
4570 1650 5700 4120
4550 1650 5700 4120
4590 1640 5720 4120
4570 1640 5720 4120
4520 1640 5710 4120
4530 1640 5710 4110
4600 1640 5710 4120
4560 1640 5720 4120
4580 1660 5720 4110
4580 1650 5720 4100
4550 1650 5720 4100
4560 1640 5720 4100
4530 1640 5720 4100
4080 1640 5710 4580
4070 1630 5700 4580
4070 1630 5700 4620
4080 1630 5700 4570
4080 1630 5700 4620
4080 1630 5700 4590
4080 1630 5710 4620
4080 1630 5710 4560
4080 1640 5710 4590
4090 1660 5710 4610
4090 1660 5710 4570
4080 1660 5710 4630
4090 1640 5720 4600
4080 1630 5720 4650
4090 1630 5720 4590
4090 1630 5710 4620
4080 1620 5710 4580
4070 1610 5710 4600
4070 1620 5700 4600
4080 1630 5700 4620
4080 1630 5700 4610
4080 1630 5700 4630
4070 1630 5690 4630
4070 1620 5690 4640
4080 1620 5690 4580
4080 1620 5690 4580
4090 1630 5690 4590
4090 1630 5690 4630
4090 1630 5690 4570
4080 1640 5710 4580
4080 1640 5700 4600
4080 1650 5700 4580
4090 1650 5700 4610
4070 1650 5710 4640
4070 1630 5710 4640
4070 1620 5710 4630
4070 1620 5710 4630
4050 1620 5710 4640
4050 1620 5710 4600
4060 1620 5710 4570
4060 1630 5710 4590
4050 1630 5710 4590
4060 1630 5710 4580
4080 1620 5700 4590
4080 1620 5700 4570
4090 1620 5700 4560
4080 1630 5700 4620
4080 1630 5700 4630
4070 1630 5700 4640
4070 1620 5710 4580
4070 1640 5720 4570
4070 1640 5720 4620
4060 1640 5720 4560
4060 1640 5710 4620
4070 1630 5720 4570
4070 1630 5720 4570
4070 1630 5720 4580
4060 1630 5720 4590
4060 1630 5720 4580
4060 1630 5710 4640
4060 1630 5710 4640
4070 1630 5710 4630
4070 1630 5730 4630
4080 1640 5730 4590
4070 1650 5720 4580
4070 1650 5720 4600
4070 1650 5730 4580
4070 1650 5730 4620
4070 1640 5720 4570
4070 1640 5720 4550
4070 1640 5720 4560
4070 1650 5720 4570
4060 1650 5710 4600
4060 1640 5720 4600
4070 1620 5710 4630
4070 1630 5710 4650
4070 1630 5710 4600
4070 1620 5700 4600
4070 1610 5700 4630
4070 1620 5700 4640
4070 1630 5700 4580
4060 1630 5700 4580
4060 1630 5700 4620
4070 1640 5700 4580
4090 1640 5700 4610
4080 1630 5700 4570
4080 1640 5710 4610
4080 1640 5710 4600
4070 1650 5710 4600
