4360 1370 6050 4630
4370 1360 6050 4630
4440 1360 6050 4630
4380 1350 6050 4630
4410 1350 6060 4630
4410 1350 6060 4630
4410 1350 6060 4640
4380 1360 6060 4640
4450 1360 6060 4640
4440 1360 6050 4630
4400 1360 6060 4630
4390 1360 6060 4630
4380 1340 6060 4620
4390 1360 6060 4620
4380 1360 6060 4640
4360 1380 6060 4640
4360 1370 6050 4640
4420 1360 6060 4640
4430 1360 6060 4630
4370 1350 6060 4640
4410 1350 6060 4640
4390 1350 6060 4640
4420 1360 6050 4650
4390 1350 6050 4650
4430 1340 6060 4660
4410 1340 6050 4650
4410 1330 6050 4650
4410 1330 6050 4650
4420 1330 6060 4650
4410 1350 6060 4640
4380 1350 6060 4640
4400 1340 6060 4640
4390 1340 6060 4640
4420 1360 6060 4640
4420 1360 6060 4640
4350 1360 6060 4630
4400 1360 6060 4620
4410 1360 6060 4630
4340 1360 6060 4630
4360 1350 6060 4640
4360 1350 6060 4630
4420 1350 6060 4630
4370 1360 6060 4630
4390 1350 6060 4630
4440 1340 6050 4640
4380 1350 6050 4640
4410 1350 6050 4630
4410 1350 6060 4640
4430 1350 6060 4630
4410 1350 6050 4630
4430 1350 6040 4640
4380 1350 6050 4640
4410 1360 6060 4640
4410 1360 6050 4640
4420 1370 6050 4650
4410 1370 6050 4640
4370 1370 6050 4640
4410 1370 6050 4640
4340 1370 6050 4630
4420 1360 6060 4630
4370 1360 6060 4640
4420 1350 6060 4630
4380 1360 6060 4630
4420 1360 6060 4630
3910 1340 6060 5110
3920 1350 6060 5150
3920 1350 6060 5090
3920 1350 6060 5110
3920 1350 6050 5120
3930 1360 6050 5140
3910 1360 6050 5150
3910 1350 6050 5150
3920 1360 6050 5150
3920 1360 6050 5110
3920 1360 6060 5150
3930 1360 6060 5130
3930 1360 6060 5150
3910 1360 6060 5130
3930 1360 6060 5130
3930 1350 6070 5130
3920 1340 6060 5110
3900 1330 6060 5080
3900 1330 6060 5080
3910 1330 6050 5080
3900 1340 6060 5120
3910 1330 6060 5090
3900 1330 6050 5110
3900 1330 6040 5120
3890 1340 6050 5160
3910 1340 6050 5110
3910 1330 6060 5110
3920 1340 6060 5110
3910 1330 6060 5090
3900 1350 6070 5090
3890 1350 6070 5110
3910 1360 6060 5150
3910 1360 6060 5130
3920 1360 6060 5100
3910 1360 6060 5080
3890 1340 6050 5090
3910 1340 6050 5080
3910 1350 6050 5130
3900 1340 6040 5070
3890 1340 6040 5110
3890 1340 6040 5070
3910 1330 6040 5080
3900 1340 6040 5120
3890 1330 6040 5080
3920 1330 6050 5060
3920 1330 6050 5100
3930 1340 6050 5090
3920 1330 6040 5090
3920 1330 6030 5090
3910 1330 6040 5090
3900 1340 6040 5070
3910 1340 6050 5110
3920 1340 6050 5140
3920 1340 6050 5100
3910 1340 6060 5120
3910 1340 6030 5110
3910 1340 6030 5130
3920 1340 6040 5100
3910 1340 6030 5150
3900 1340 6040 5150
3910 1340 6040 5100
3920 1330 6060 5120
3910 1330 6050 5140
3890 1340 6050 5080
3880 1340 6050 5110
3880 1340 6050 5130
3890 1340 6050 5060
