4900 1050 6390 4550
4870 1050 6390 4550
4910 1040 6400 4550
4910 1040 6390 4550
4890 1040 6390 4550
4900 1040 6390 4540
4900 1040 6390 4540
4940 1040 6390 4540
4940 1050 6380 4540
4940 1050 6380 4540
4900 1050 6380 4540
4910 1050 6380 4530
4910 1040 6380 4530
4900 1040 6370 4540
4890 1040 6370 4550
4890 1060 6370 4550
4870 1060 6380 4550
4890 1050 6390 4550
4900 1050 6390 4540
4880 1050 6390 4550
4880 1050 6380 4550
4910 1050 6380 4550
4870 1050 6370 4550
4890 1050 6370 4550
4920 1050 6370 4540
4930 1060 6370 4540
4900 1070 6370 4540
4900 1060 6370 4540
4880 1060 6370 4550
4900 1060 6370 4550
4920 1080 6370 4550
4940 1080 6370 4550
4940 1070 6370 4540
4900 1060 6370 4550
4920 1070 6370 4550
4900 1060 6380 4550
4920 1080 6380 4550
4900 1090 6380 4550
4940 1090 6390 4540
4880 1080 6380 4540
4880 1070 6390 4540
4880 1060 6380 4540
4900 1050 6390 4540
4900 1060 6390 4550
4900 1060 6390 4550
4870 1060 6380 4540
4910 1060 6370 4540
4890 1070 6370 4530
4940 1060 6370 4530
4900 1060 6370 4530
4880 1060 6370 4530
4900 1070 6370 4530
4890 1070 6390 4530
4910 1080 6380 4530
4880 1080 6380 4530
4900 1070 6380 4530
4920 1050 6380 4530
4920 1030 6380 4530
4890 1030 6380 4530
4930 1040 6380 4530
4890 1050 6370 4530
4890 1050 6370 4540
4910 1060 6380 4540
4950 1060 6390 4540
4910 1070 6390 4540
4960 1060 6390 4540
4920 1070 6390 4550
4920 1070 6400 4550
4900 1070 6390 4540
4890 1060 6390 4540
4930 1060 6390 4540
4890 1070 6390 4540
4910 1070 6390 4540
4930 1060 6400 4540
4930 1070 6410 4530
4950 1070 6420 4530
4930 1060 6410 4530
4890 1050 6410 4530
4880 1050 6410 4530
4920 1050 6400 4530
4900 1050 6400 4530
4900 1060 6390 4540
4880 1070 6390 4540
4890 1050 6390 4540
4900 1050 6390 4540
4420 1050 6400 5070
4430 1050 6390 5030
4430 1050 6390 5050
4440 1050 6400 5010
4450 1050 6390 4990
4440 1060 6390 5010
4430 1050 6390 5010
4420 1050 6400 5030
4420 1050 6390 4990
4410 1050 6390 5040
4430 1070 6410 5020
4430 1080 6410 5000
4420 1080 6400 5020
4420 1080 6400 5060
4420 1080 6400 5010
4410 1070 6390 5070
4400 1070 6390 5050
4420 1060 6400 5030
4400 1050 6400 5070
4400 1050 6400 5010
4410 1050 6390 5010
4420 1060 6390 5030
4420 1060 6390 5000
4420 1050 6390 5060
4420 1050 6400 5060
4420 1050 6410 5020
4410 1050 6410 5020
4420 1050 6410 5020
4420 1060 6410 5010
4420 1060 6380 5000
4420 1060 6380 5020
4410 1060 6380 5060
4410 1060 6380 5060
4420 1080 6390 5020
4420 1090 6390 5060
4420 1090 6390 5010
4410 1080 6390 5000
4410 1080 6390 5000
4400 1080 6390 5000
4400 1070 6390 5000
4400 1070 6390 5030
4400 1080 6390 5030
4400 1070 6400 5000
4410 1080 6400 5030
4410 1060 6390 5050
4420 1070 6390 5070
4420 1060 6390 5000
4410 1060 6390 5000
4400 1060 6390 5040
4410 1080 6390 5060
4410 1070 6390 5000
4410 1060 6390 5030
4410 1060 6400 5010
4400 1060 6400 5010
4400 1070 6400 5000
4400 1060 6390 5050
4400 1060 6380 4990
4410 1060 6380 5010
4410 1060 6390 5030
4400 1070 6390 5010
4400 1060 6390 5020
4400 1060 6390 5000
4410 1060 6390 5050
4410 1080 6380 5050
4410 1080 6380 5000
4400 1070 6380 5060
4410 1080 6380 5020
4420 1080 6380 5020
4410 1070 6390 5030
4400 1060 6400 5030
4400 1070 6390 5030
4400 1060 6390 5030
4400 1050 6390 5070
4400 1040 6390 5030
4400 1040 6390 5030
4410 1040 6390 5040
4420 1040 6380 5010
4420 1050 6390 5050
4420 1050 6390 5050
4410 1050 6390 5070
4400 1050 6400 5030
4390 1050 6400 5060
4400 1050 6400 5000
