4980 1360 6040 4000
5010 1360 6030 4000
5010 1350 6020 3990
5010 1340 6020 3990
5020 1340 6020 3990
4980 1340 6020 3990
4990 1350 6020 3990
5000 1360 6030 3990
5040 1360 6030 3990
5040 1360 6020 3980
4980 1350 6020 3990
4980 1350 6020 3990
5000 1340 6030 4000
5040 1330 6030 4000
4980 1330 6030 4010
4970 1330 6030 4010
4990 1340 6030 4010
4980 1340 6030 4020
5010 1330 6040 4020
4980 1340 6040 4000
4990 1340 6040 4000
5030 1340 6030 4000
4970 1340 6040 3990
5030 1330 6030 3990
4980 1330 6020 3990
4990 1330 6020 3990
4990 1330 6030 4000
4980 1340 6030 4010
5010 1330 6040 4010
4970 1330 6030 4010
5040 1340 6030 4010
5040 1330 6030 4010
5020 1330 6030 4010
4980 1320 6030 4010
4960 1330 6030 4010
5000 1330 6030 4010
4970 1330 6020 4000
5040 1330 6020 3990
4970 1340 6020 3980
4990 1340 6020 3990
5030 1330 6020 3990
5000 1320 6030 3990
5010 1320 6030 4000
5000 1320 6040 4000
5020 1320 6040 4000
4970 1320 6040 3990
4960 1320 6030 4000
4980 1330 6030 4000
5000 1330 6030 3990
5000 1330 6030 3980
4990 1320 6030 3990
5010 1320 6030 4000
4970 1350 6030 3990
5030 1360 6030 3990
5040 1350 6030 4000
4990 1350 6030 4000
5020 1350 6030 4010
4980 1350 6030 4010
4970 1350 6020 4010
4970 1360 6020 4010
4960 1340 6020 4010
5030 1330 6020 4010
4990 1320 6030 4010
5000 1320 6020 4010
5040 1320 6020 4010
5010 1330 6020 4010
5030 1340 6020 4010
4970 1340 6020 4010
4980 1340 6020 4010
4990 1340 6030 4000
4960 1340 6030 4000
4950 1340 6030 4000
4940 1340 6030 4010
4970 1340 6030 4000
4960 1330 6020 4000
4970 1330 6030 4000
4990 1330 6030 4000
4990 1340 6030 4000
4990 1340 6040 4000
5040 1330 6040 4000
4980 1330 6040 4000
4960 1340 6040 4000
4960 1340 6040 4000
5010 1340 6040 4000
4990 1330 6030 4010
4980 1330 6030 4010
4960 1330 6030 4000
5000 1340 6040 4000
5030 1340 6050 4000
4970 1340 6050 4000
4980 1340 6050 4000
4970 1340 6040 4000
5020 1340 6030 4010
4970 1340 6030 4010
4960 1340 6030 4010
4970 1340 6030 4020
5050 1350 6040 4010
4990 1340 6040 4020
4980 1320 6050 4010
4970 1320 6040 4010
4980 1330 6030 4000
4970 1330 6030 4000
4980 1330 6030 4000
5010 1340 6040 3990
4970 1340 6030 3990
4980 1330 6040 3990
4970 1330 6040 3990
5000 1330 6040 3990
4510 1330 6040 4520
4520 1330 6050 4470
4510 1320 6040 4510
4500 1320 6040 4490
4490 1320 6040 4510
4500 1320 6040 4460
4500 1320 6040 4460
4500 1320 6040 4500
4500 1320 6030 4490
4510 1320 6020 4520
4520 1320 6030 4530
4520 1320 6030 4530
4520 1330 6040 4510
4500 1340 6050 4490
4490 1340 6050 4490
4490 1340 6050 4490
4490 1330 6050 4490
4500 1320 6050 4480
4510 1330 6050 4460
4510 1340 6050 4520
4510 1330 6040 4460
4510 1330 6030 4470
4500 1340 6040 4460
4500 1340 6040 4480
4490 1330 6040 4520
4490 1330 6040 4480
4480 1330 6040 4520
4490 1330 6040 4500
4490 1330 6040 4450
4510 1330 6040 4530
4520 1330 6040 4530
4530 1330 6040 4530
4520 1340 6040 4470
4520 1340 6040 4470
4520 1330 6030 4530
4520 1330 6030 4480
4510 1330 6020 4500
4500 1340 6030 4490
4510 1340 6030 4470
4500 1340 6030 4480
4500 1330 6030 4470
4510 1330 6040 4460
4510 1330 6040 4510
4520 1320 6040 4450
4520 1340 6030 4510
4520 1350 6030 4480
4510 1360 6030 4500
4500 1350 6030 4490
4500 1350 6030 4470
4490 1340 6030 4470
4490 1330 6030 4520
4510 1340 6040 4480
4510 1350 6040 4460
4500 1350 6030 4500
4490 1350 6030 4470
4510 1350 6030 4470
4500 1360 6030 4480
4490 1370 6020 4520
4500 1360 6020 4530
4490 1360 6020 4470
4490 1350 6020 4480
4510 1350 6030 4480
4500 1350 6030 4540
4500 1350 6020 4540
4500 1340 6020 4500
4510 1340 6020 4470
4500 1340 6020 4490
4510 1340 6020 4530
4500 1350 6030 4530
4510 1350 6030 4530
4510 1340 6030 4460
4510 1330 6030 4480
4500 1340 6030 4510
4500 1340 6030 4450
4500 1330 6040 4520
4500 1330 6030 4480
4500 1340 6020 4520
4510 1350 6020 4520
4510 1350 6020 4480
4500 1350 6030 4550
4490 1340 6030 4520
4480 1340 6040 4540
4480 1340 6040 4500
4480 1340 6050 4520
4490 1340 6040 4530
4500 1350 6040 4510
4500 1340 6050 4470
4490 1340 6050 4490
4490 1340 6060 4530
4500 1330 6050 4470
4510 1330 6060 4530
4510 1350 6050 4500
4500 1340 6040 4500
4500 1360 6040 4520
4500 1360 6040 4480
4500 1360 6050 4470
4500 1350 6050 4470
4500 1340 6040 4490
4510 1340 6040 4520
4500 1330 6040 4480
4500 1340 6040 4480
4480 1340 6040 4460
4490 1360 6050 4480
4500 1360 6050 4520
4500 1350 6040 4480
4500 1340 6040 4510
4500 1340 6040 4460
4500 1340 6030 4480
4500 1350 6030 4460
4500 1360 6040 4490
4510 1350 6030 4460
