5100 1780 5710 3570
5120 1760 5710 3570
5170 1780 5710 3570
5120 1770 5710 3570
5100 1770 5700 3560
5120 1750 5710 3570
5080 1760 5710 3580
5100 1770 5710 3580
5070 1760 5710 3570
5100 1770 5710 3570
5150 1770 5710 3570
5130 1780 5710 3570
5080 1800 5710 3570
5150 1800 5710 3570
5110 1780 5710 3580
5120 1780 5720 3570
5160 1800 5720 3560
5090 1800 5720 3560
5100 1800 5720 3560
5110 1780 5710 3560
5170 1780 5710 3560
5150 1770 5700 3570
5100 1770 5700 3570
5120 1770 5700 3570
5120 1760 5700 3570
5160 1770 5700 3580
5130 1780 5700 3590
5150 1780 5700 3590
5100 1800 5700 3580
5100 1800 5700 3580
5160 1800 5710 3590
5150 1800 5710 3580
5110 1800 5710 3580
5150 1800 5720 3590
5160 1780 5720 3590
5150 1780 5730 3580
5120 1780 5730 3580
5160 1770 5730 3570
5120 1780 5730 3570
5150 1770 5720 3560
5100 1770 5710 3570
5110 1780 5710 3570
5130 1770 5710 3570
5140 1780 5710 3570
5130 1780 5710 3570
5140 1780 5700 3570
5140 1800 5710 3580
5160 1780 5710 3570
5130 1780 5710 3570
5170 1770 5710 3580
5110 1770 5710 3570
5100 1770 5710 3570
5140 1770 5720 3570
5170 1780 5720 3570
5140 1800 5720 3580
5160 1800 5720 3580
5160 1800 5720 3570
5130 1800 5720 3570
5160 1800 5720 3570
5140 1800 5720 3570
4630 1800 5720 4100
4620 1800 5720 4050
4630 1800 5710 4080
4640 1800 5710 4020
4650 1800 5710 4030
4640 1800 5710 4070
4650 1800 5710 4040
4660 1800 5710 4050
4660 1780 5710 4040
4650 1770 5710 4050
4650 1780 5710 4040
4640 1780 5710 4030
4630 1780 5710 4050
4630 1770 5710 4040
4620 1780 5700 4040
4620 1800 5710 4100
4640 1780 5710 4050
4650 1770 5700 4070
4650 1770 5700 4070
4660 1770 5700 4050
4660 1760 5700 4060
4660 1770 5700 4080
4660 1770 5700 4110
4670 1760 5700 4040
4660 1760 5700 4060
4660 1770 5700 4030
4660 1770 5710 4050
4650 1770 5710 4050
4650 1780 5710 4060
4640 1780 5710 4030
4640 1780 5710 4050
4630 1780 5710 4050
4630 1780 5710 4050
4630 1770 5710 4070
4650 1770 5710 4070
4640 1780 5710 4090
4660 1780 5710 4020
4650 1780 5710 4070
4630 1780 5700 4060
4630 1780 5700 4040
4630 1800 5700 4070
4640 1780 5700 4050
4640 1800 5700 4090
4650 1800 5700 4050
4640 1800 5700 4070
4650 1800 5700 4040
4660 1800 5700 4100
4660 1800 5700 4060
4660 1800 5710 4040
4640 1800 5710 4040
4660 1800 5710 4080
4650 1800 5710 4040
4660 1800 5710 4080
4670 1800 5710 4080
4660 1800 5720 4080
4650 1800 5710 4020
4650 1800 5710 4080
4650 1800 5710 4040
4640 1810 5700 4030
