5300 2200 5420 3050
5310 2210 5430 3050
5310 2200 5430 3060
5290 2210 5430 3060
5320 2210 5430 3060
5320 2220 5430 3070
5340 2210 5430 3060
5310 2220 5430 3060
5290 2220 5430 3070
5310 2210 5440 3060
5350 2210 5440 3050
5280 2210 5440 3060
5330 2200 5430 3060
5290 2210 5430 3050
5300 2230 5430 3050
5270 2230 5430 3070
5280 2220 5420 3070
5320 2220 5420 3070
5340 2230 5420 3060
5330 2220 5420 3050
5330 2210 5430 3050
5360 2220 5430 3050
5300 2220 5430 3060
5360 2220 5430 3070
5300 2210 5440 3060
5320 2210 5440 3060
5350 2210 5440 3060
5350 2210 5440 3060
5330 2220 5430 3060
5320 2210 5420 3070
5290 2210 5420 3060
5340 2210 5420 3050
5280 2220 5420 3050
5350 2220 5420 3050
5320 2210 5410 3060
5340 2210 5410 3050
5320 2230 5420 3050
5340 2220 5430 3050
5360 2210 5430 3060
5360 2220 5430 3060
5300 2210 5430 3060
5280 2210 5430 3060
5350 2210 5430 3060
5290 2210 5430 3060
5310 2210 5430 3060
5350 2210 5430 3060
5310 2220 5430 3060
5330 2210 5430 3070
5350 2210 5420 3070
5330 2230 5420 3070
5360 2230 5420 3060
4840 2230 5420 3580
4840 2230 5420 3540
4830 2230 5420 3520
4840 2230 5420 3520
4840 2230 5430 3530
4840 2230 5440 3530
4840 2240 5440 3530
4840 2240 5440 3590
4840 2240 5440 3550
4830 2230 5430 3540
4840 2230 5440 3550
4840 2230 5440 3580
4840 2230 5430 3540
4840 2220 5430 3510
4830 2210 5420 3520
4850 2210 5420 3510
4840 2210 5420 3530
4830 2210 5420 3510
4820 2210 5420 3570
4820 2220 5410 3520
4830 2220 5410 3540
4830 2220 5410 3580
4840 2220 5410 3520
4840 2220 5410 3530
4840 2210 5410 3570
4840 2220 5410 3520
4840 2220 5410 3580
4840 2210 5410 3580
4840 2220 5410 3540
4840 2210 5410 3540
4840 2220 5410 3540
4840 2220 5410 3540
4840 2210 5410 3580
4840 2210 5410 3540
4820 2220 5410 3580
4820 2220 5420 3580
4820 2220 5420 3520
4830 2230 5410 3530
4820 2220 5410 3560
4830 2220 5410 3560
4830 2220 5420 3520
4840 2210 5420 3540
4830 2220 5420 3580
4830 2220 5420 3580
4830 2220 5410 3550
4830 2220 5410 3510
4830 2220 5410 3520
4830 2220 5420 3540
4850 2220 5410 3530
4860 2220 5420 3530
4860 2220 5420 3510
4850 2230 5410 3550
