5610 2670 5180 2540
5610 2670 5180 2530
5570 2660 5180 2540
5550 2670 5170 2540
5580 2670 5190 2530
5620 2680 5190 2530
5580 2680 5190 2530
5570 2680 5190 2530
5550 2680 5190 2530
5620 2680 5190 2540
5620 2670 5190 2550
5590 2660 5190 2550
5590 2660 5190 2540
5570 2670 5190 2550
5590 2670 5190 2550
5550 2670 5190 2540
5610 2670 5190 2530
5570 2680 5190 2530
5570 2680 5190 2520
5570 2670 5190 2510
5570 2660 5190 2520
5540 2660 5170 2540
5580 2670 5160 2530
5580 2670 5160 2530
5580 2660 5160 2530
5600 2670 5160 2520
5540 2670 5160 2520
5570 2670 5160 2530
5610 2670 5160 2530
5570 2670 5160 2530
5550 2670 5170 2540
5550 2670 5170 2540
5570 2670 5170 2540
5570 2680 5170 2540
5570 2680 5170 2540
5550 2670 5170 2550
5550 2660 5170 2550
5560 2670 5170 2540
5570 2680 5170 2540
5570 2670 5170 2530
5590 2670 5180 2530
5610 2660 5180 2520
5570 2660 5170 2520
5590 2660 5170 2510
5610 2660 5170 2510
5600 2670 5170 2510
5590 2670 5180 2510
5610 2670 5180 2510
5580 2670 5190 2510
5600 2670 5190 2510
5540 2670 5180 2510
5560 2670 5170 2520
5550 2670 5170 2520
5610 2670 5170 2520
5570 2670 5170 2520
5560 2670 5170 2520
5560 2670 5170 2520
5560 2660 5170 2520
5570 2650 5180 2520
5540 2660 5180 2520
5540 2660 5190 2520
5570 2670 5190 2510
5550 2680 5190 2520
5590 2680 5180 2520
5590 2680 5170 2520
5610 2680 5180 2520
5550 2660 5190 2530
5570 2660 5190 2530
5570 2650 5200 2520
5610 2650 5190 2520
5570 2650 5200 2520
5550 2650 5190 2520
5590 2650 5190 2530
5090 2650 5190 3020
5090 2650 5190 3000
5090 2650 5190 3020
5100 2650 5190 3010
5090 2660 5180 3020
5090 2670 5190 3040
5100 2660 5190 3050
5090 2650 5190 3020
5090 2650 5190 3020
5090 2650 5190 2990
5090 2660 5190 3000
5080 2670 5190 3050
5080 2660 5190 3000
5080 2660 5190 2990
5080 2660 5190 3000
5080 2660 5190 3000
5080 2660 5190 3040
5080 2670 5190 3030
5080 2670 5190 3000
5090 2670 5190 2980
5090 2670 5190 3040
5090 2660 5190 2970
5080 2650 5190 3000
5090 2650 5190 3000
5080 2660 5200 3040
5080 2660 5200 3010
5070 2670 5190 2980
5080 2660 5190 3020
5080 2660 5200 3000
5080 2660 5200 3000
5080 2660 5200 3000
5080 2640 5200 2990
5080 2650 5200 3010
5080 2650 5200 3020
5080 2650 5200 3040
5080 2650 5190 3040
5080 2650 5190 2970
5080 2650 5200 2970
5080 2660 5200 2980
5080 2660 5200 3040
5080 2660 5200 2990
5080 2650 5190 3050
5090 2650 5190 3030
5080 2660 5180 2990
5090 2660 5170 3010
5090 2660 5180 2990
5090 2670 5180 2980
5090 2670 5180 3000
5090 2670 5180 3000
5090 2660 5190 3010
5090 2660 5190 3040
5090 2660 5190 3010
5080 2670 5190 3010
5100 2670 5180 3010
5090 2670 5180 3000
5090 2670 5180 3000
5090 2670 5180 3040
5090 2670 5180 3040
5090 2670 5170 3010
5090 2670 5170 2980
5090 2660 5180 3040
5090 2660 5170 2980
5090 2660 5190 3040
5090 2650 5190 3020
5090 2650 5180 3000
5090 2660 5180 2980
5090 2660 5180 3020
5090 2660 5190 3020
5090 2660 5190 2980
5090 2670 5190 3020
5090 2670 5200 3000
5090 2660 5200 3010
5090 2660 5190 3050
5090 2670 5190 3010
5090 2670 5190 3030
5090 2670 5190 3010
5100 2670 5180 3040
5090 2670 5190 3050
