5860 3210 4920 1980
5850 3210 4910 1980
5860 3210 4910 1970
5890 3210 4910 1980
5840 3220 4910 1980
5840 3220 4910 1970
5820 3210 4910 1970
5820 3210 4910 1970
5860 3210 4910 1980
5890 3200 4910 1990
5860 3200 4910 1980
5840 3210 4910 1970
5870 3200 4910 1980
5830 3200 4910 1980
5860 3210 4910 1980
5840 3210 4890 1990
5860 3220 4910 2000
5860 3210 4910 2000
5880 3220 4910 1990
5850 3220 4910 2000
5840 3210 4910 1990
5830 3200 4910 1980
5830 3200 4910 1990
5890 3210 4910 1980
5830 3220 4890 1980
5870 3220 4920 1980
5880 3220 4920 1970
5840 3220 4910 1980
5840 3230 4910 1980
5840 3220 4910 1980
5880 3220 4910 1990
5830 3220 4910 1980
5840 3210 4910 1990
5830 3210 4910 1980
5830 3210 4890 1990
5820 3210 4890 1980
5880 3210 4890 1990
5880 3210 4890 2000
5880 3210 4890 1990
5860 3210 4890 2000
5830 3210 4890 1990
5830 3210 4890 1990
5850 3220 4910 1980
5870 3220 4910 1970
5890 3220 4910 1980
5850 3210 4910 1990
5830 3210 4910 1990
5820 3200 4910 2000
5880 3200 4910 1990
5870 3200 4910 2000
5890 3190 4890 2010
5850 3190 4910 1990
5870 3190 4910 1980
5890 3190 4910 1980
5890 3200 4910 1970
5830 3200 4890 1990
5840 3210 4890 2000
5850 3210 4890 2000
5820 3210 4910 1980
5820 3200 4910 1970
5830 3200 4910 1980
5890 3200 4910 1970
5890 3210 4910 1970
5890 3210 4910 1980
5890 3220 4910 1990
5870 3210 4910 1980
5850 3200 4910 1970
5850 3210 4910 1970
5890 3210 4910 1970
5830 3210 4890 1960
5890 3220 4890 1950
5850 3220 4910 1960
5890 3210 4910 1970
5870 3210 4920 1960
5830 3230 4920 1950
5370 3230 4920 2430
5370 3210 4910 2460
5370 3210 4910 2450
5370 3220 4910 2470
5370 3210 4910 2480
5370 3210 4910 2520
5380 3210 4910 2440
5380 3200 4920 2500
5380 3210 4910 2470
5380 3210 4910 2500
5380 3210 4910 2500
5380 3210 4910 2470
5380 3220 4910 2440
5380 3210 4910 2450
5380 3210 4890 2490
5380 3220 4910 2450
5370 3220 4910 2440
5370 3220 4910 2480
5370 3220 4890 2500
5370 3210 4890 2430
5370 3210 4890 2430
5370 3210 4890 2500
5370 3200 4890 2490
5370 3190 4890 2470
5350 3200 4890 2440
5350 3200 4910 2460
5350 3200 4910 2480
5360 3200 4910 2470
5360 3210 4910 2450
5360 3200 4910 2490
5360 3210 4920 2470
5360 3220 4920 2440
5360 3210 4920 2500
5360 3210 4920 2500
5360 3210 4920 2460
5360 3210 4920 2480
5360 3210 4920 2450
5360 3210 4920 2490
5370 3200 4910 2500
5370 3200 4910 2430
5380 3200 4910 2470
5370 3200 4910 2470
5370 3200 4910 2520
5370 3200 4910 2460
5370 3200 4910 2520
5370 3200 4910 2460
5370 3210 4910 2520
5350 3220 4910 2510
5350 3220 4910 2470
5360 3210 4890 2450
5360 3200 4890 2450
5370 3210 4910 2520
5390 3210 4890 2460
5380 3210 4910 2480
5380 3200 4910 2470
5380 3200 4920 2510
5380 3200 4910 2470
5380 3200 4910 2450
5380 3190 4910 2450
5380 3180 4910 2500
5380 3180 4910 2430
5370 3200 4910 2490
5370 3210 4910 2460
5370 3220 4910 2480
5370 3210 4910 2480
5370 3200 4910 2470
5370 3190 4920 2450
5370 3190 4910 2460
5370 3190 4910 2460
5370 3200 4910 2510
5370 3210 4910 2450
5370 3220 4910 2520
5370 3210 4910 2460
5370 3220 4910 2450
5370 3210 4910 2440
5370 3220 4910 2470
