6130 3690 4760 1510
6170 3670 4750 1520
6130 3670 4750 1520
6150 3690 4750 1530
6150 3690 4740 1530
6170 3680 4740 1500
6190 3700 4750 1510
6140 3700 4730 1500
6130 3670 4720 1500
6140 3680 4730 1510
6120 3700 4730 1490
6130 3700 4740 1510
6170 3700 4740 1520
6190 3700 4750 1520
6190 3700 4750 1520
6130 3700 4730 1520
6130 3720 4720 1510
6190 3690 4730 1510
6170 3700 4730 1510
6190 3690 4740 1500
6160 3680 4750 1500
6140 3670 4750 1510
6160 3640 4740 1510
6140 3650 4740 1510
6190 3670 4730 1520
6170 3680 4730 1520
6130 3700 4730 1520
6170 3710 4720 1540
6150 3720 4720 1540
6130 3710 4730 1520
6190 3680 4740 1520
6150 3680 4740 1510
6150 3700 4740 1500
6150 3700 4740 1500
6150 3680 4740 1500
6150 3670 4740 1500
6190 3690 4740 1490
6200 3700 4740 1470
6160 3710 4740 1500
6200 3720 4740 1510
6180 3710 4740 1500
6160 3700 4740 1500
6200 3670 4750 1510
6200 3650 4740 1500
6200 3650 4740 1500
6180 3650 4740 1520
6180 3640 4740 1510
6160 3640 4740 1510
6160 3640 4740 1500
6190 3640 4730 1520
6160 3680 4740 1500
6160 3680 4740 1510
6160 3690 4740 1490
6200 3690 4740 1500
6140 3670 4750 1500
5680 3650 4740 2000
5690 3650 4740 2000
5690 3640 4740 2000
5680 3640 4740 2000
5670 3650 4740 2000
5670 3670 4740 1970
5670 3670 4750 1990
5670 3670 4740 2010
5670 3690 4750 2010
5670 3680 4750 1960
5670 3690 4750 1930
5660 3700 4740 2010
5670 3710 4740 1970
5670 3700 4740 1980
5670 3680 4740 1990
5670 3650 4730 1970
5670 3650 4740 1930
5670 3680 4740 1970
5670 3700 4750 2010
5670 3690 4750 1950
5660 3670 4750 1960
5670 3680 4740 1960
5670 3670 4750 1990
5670 3680 4750 1990
5680 3650 4750 2030
5680 3680 4760 2030
5680 3690 4760 1970
5670 3680 4750 1990
5670 3690 4750 1950
5670 3690 4750 1990
5670 3690 4740 1950
5670 3690 4740 2010
5670 3690 4740 2010
5670 3710 4740 1990
5670 3710 4730 1960
5670 3680 4720 1980
5670 3690 4720 1970
5670 3670 4720 1990
5670 3690 4720 1950
5670 3680 4730 1980
5670 3650 4730 2010
5670 3640 4730 2000
5680 3680 4720 2000
5680 3670 4730 2020
5680 3690 4740 1950
5680 3710 4730 1960
5680 3710 4730 1980
5690 3680 4740 1970
5680 3700 4730 1980
5680 3690 4740 2010
5680 3700 4730 2020
5670 3690 4730 1980
5660 3690 4730 1970
5670 3700 4730 1980
5670 3710 4740 2010
5670 3710 4750 2040
5670 3710 4750 2010
