4490 6080 1300 4490
4480 6080 1290 4500
4500 6080 1290 4500
4520 6080 1290 4500
4510 6080 1290 4510
4490 6080 1300 4500
4480 6080 1300 4490
4500 6080 1300 4480
4530 6080 1290 4480
4500 6080 1300 4490
4500 6080 1290 4500
4480 6080 1290 4490
4540 6080 1290 4470
4520 6080 1290 4470
4470 6080 1290 4470
4490 6080 1290 4480
4530 6080 1280 4490
4490 6080 1280 4490
4520 6070 1270 4470
4480 6070 1270 4470
4530 6070 1270 4480
4470 6070 1270 4480
4490 6070 1270 4480
4500 6080 1260 4500
4490 6080 1270 4500
4550 6080 1280 4480
4510 6090 1270 4480
4540 6090 1260 4490
4490 6070 1270 4490
4490 6070 1270 4490
4490 6070 1280 4500
4470 6060 1270 4510
4480 6070 1280 4500
4460 6060 1280 4500
4520 6070 1290 4500
4460 6070 1290 4490
4530 6060 1290 4490
4530 6060 1290 4490
4510 6060 1290 4490
4540 6060 1290 4490
4500 6050 1280 4490
4510 6060 1290 4490
4550 6070 1280 4490
4550 6070 1280 4500
4500 6070 1290 4480
4500 6070 1290 4490
4480 6070 1290 4490
4500 6070 1280 4490
4510 6070 1290 4480
4470 6070 1290 4480
4520 6070 1280 4490
4460 6080 1290 4490
4470 6080 1280 4490
4490 6080 1290 4490
4480 6070 1290 4500
4500 6070 1300 4500
4530 6070 1290 4500
4510 6070 1290 4500
4490 6070 1290 4500
4470 6070 1290 4500
4460 6070 1290 4500
4510 6070 1290 4500
4500 6070 1290 4500
4480 6070 1290 4490
4460 6070 1290 4500
4520 6070 1290 4500
4520 6070 1290 4490
4480 6070 1290 4480
4460 6070 1290 4490
4500 6070 1300 4500
4460 6070 1290 4500
4520 6070 1290 4500
4480 6070 1290 4500
4460 6070 1300 4490
4460 6070 1300 4470
4490 6070 1300 4470
4510 6070 1300 4470
4470 6070 1310 4470
4490 6070 1310 4470
4520 6070 1310 4480
4460 6060 1300 4500
4490 6060 1300 4490
4460 6060 1280 4480
4490 6070 1290 4470
4510 6070 1270 4470
4500 6070 1280 4480
4490 6070 1280 4480
4530 6070 1290 4470
4510 6070 1290 4470
4470 6070 1280 4470
4500 6070 1280 4460
4500 6070 1280 4460
4540 6070 1280 4460
4530 6070 1290 4460
4530 6070 1300 4460
4500 6080 1300 4470
4470 6070 1290 4470
4480 6070 1290 4480
4490 6070 1280 4480
4470 6070 1290 4470
4530 6070 1290 4470
4520 6070 1290 4470
4510 6070 1290 4480
4470 6070 1290 4480
4490 6070 1290 4490
4510 6080 1290 4490
4530 6070 1290 4490
4530 6060 1300 4490
4470 6060 1280 4490
4480 6070 1280 4480
4480 6070 1290 4480
4490 6070 1280 4480
4460 6070 1290 4480
4460 6070 1290 4480
4470 6070 1300 4480
4540 6080 1290 4470
4480 6090 1300 4460
4480 6090 1300 4470
4480 6090 1280 4470
4480 6080 1280 4470
4540 6080 1270 4480
4540 6070 1270 4480
4480 6070 1280 4490
4500 6080 1290 4490
4540 6080 1290 4490
4470 6080 1290 4490
4480 6080 1290 4500
4520 6070 1290 4500
4540 6080 1290 4500
4540 6080 1290 4500
4500 6080 1290 4480
4520 6080 1280 4490
4500 6080 1280 4490
4500 6070 1280 4490
4480 6070 1290 4480
4530 6070 1290 4480
4470 6070 1290 4480
4480 6070 1290 4500
3990 6590 1290 4490
3990 6530 1280 4490
3980 6560 1290 4480
3990 6560 1290 4470
3990 6560 1290 4470
4000 6600 1290 4470
4010 6560 1290 4470
4000 6600 1280 4480
4020 6590 1270 4480
4030 6580 1280 4480
4030 6540 1290 4480
4010 6580 1290 4490
4010 6540 1280 4490
3980 6540 1280 4500
3980 6560 1280 4490
3990 6540 1280 4500
3990 6560 1290 4500
4000 6560 1290 4500
4000 6580 1290 4500
4010 6590 1290 4490
4010 6590 1290 4480
4010 6550 1290 4480
4010 6540 1290 4480
4010 6560 1290 4470
4010 6550 1290 4480
4020 6570 1290 4490
4030 6600 1280 4490
4020 6540 1270 4480
4020 6600 1270 4490
4020 6540 1270 4490
4020 6530 1270 4490
4020 6550 1270 4480
4030 6530 1270 4480
4030 6560 1270 4490
4020 6580 1280 4480
4020 6560 1280 4480
4010 6540 1270 4480
4010 6600 1270 4480
4010 6530 1270 4470
4010 6550 1270 4470
4010 6570 1270 4460
4010 6590 1270 4460
4010 6550 1270 4470
4010 6590 1270 4470
4010 6530 1270 4470
4010 6590 1270 4480
4000 6530 1270 4480
4000 6530 1280 4480
4000 6530 1280 4480
4000 6570 1280 4500
4010 6550 1290 4510
4010 6570 1300 4520
4010 6530 1310 4510
4020 6590 1310 4510
4030 6530 1310 4500
4030 6530 1310 4500
4030 6570 1300 4500
4030 6590 1300 4500
4030 6570 1290 4490
4020 6530 1290 4470
4020 6550 1280 4490
4030 6600 1280 4480
4030 6560 1280 4490
4020 6600 1280 4480
4020 6540 1280 4480
4020 6540 1280 4490
4010 6540 1280 4500
3990 6600 1270 4500
4000 6540 1290 4500
3990 6540 1290 4480
4000 6550 1290 4490
4000 6550 1290 4480
4000 6550 1270 4480
4000 6540 1270 4470
4000 6540 1280 4480
4000 6570 1280 4480
3990 6550 1290 4480
4000 6550 1280 4470
3990 6590 1270 4470
3990 6550 1270 4480
3990 6530 1280 4480
3990 6530 1290 4480
3990 6550 1290 4480
3990 6600 1290 4480
3980 6540 1290 4480
3990 6600 1290 4480
3990 6580 1290 4490
3990 6560 1290 4490
3990 6580 1290 4480
4000 6600 1290 4470
4000 6560 1290 4460
4000 6560 1280 4460
3990 6560 1280 4470
3990 6580 1300 4500
4000 6540 1300 4500
4010 6540 1300 4500
4010 6600 1300 4500
4000 6560 1300 4490
3990 6560 1300 4490
3990 6540 1300 4500
3990 6540 1300 4500
3980 6560 1290 4490
3980 6600 1290 4480
3990 6550 1290 4480
4000 6570 1290 4490
3990 6550 1280 4510
3980 6560 1290 4510
3980 6540 1290 4490
3980 6600 1300 4470
3980 6580 1290 4490
3980 6580 1300 4490
3990 6540 1290 4480
4000 6580 1290 4480
4000 6540 1310 4480
4000 6600 1310 4480
3990 6540 1320 4490
4000 6540 1320 4500
4000 6540 1300 4500
3990 6540 1290 4510
4000 6600 1290 4510
4000 6600 1310 4510
4000 6540 1300 4510
4000 6580 1290 4510
4000 6560 1290 4510
3990 6600 1290 4500
3990 6560 1290 4500
3980 6530 1300 4500
3960 6520 1300 4470
3980 6520 1300 4470
3990 6580 1290 4480
3990 6580 1300 4460
4000 6560 1300 4470
4020 6560 1300 4470
4020 6580 1310 4490
4020 6530 1300 4500
4020 6530 1280 4510
4040 6530 1270 4500
4040 6570 1270 4490
4030 6590 1270 4480
4030 6530 1270 4470
4030 6590 1280 4480
4030 6530 1270 4480
4030 6560 1270 4480
4030 6550 1270 4480
4020 6570 1280 4480
4020 6610 1280 4490
4020 6610 1270 4500
4020 6570 1290 4490
