6500 4140 4630 1040
6520 4150 4630 1050
6520 4150 4630 1050
6540 4150 4630 1050
6500 4150 4630 1050
6490 4150 4630 1050
6550 4150 4620 1050
6490 4140 4620 1050
6530 4120 4620 1060
6530 4110 4610 1050
6520 4110 4620 1050
6560 4110 4630 1040
6510 4120 4630 1040
6480 4110 4640 1040
6490 4130 4650 1040
6550 4130 4650 1050
6500 4140 4640 1050
6550 4120 4640 1050
6560 4130 4640 1050
6560 4130 4630 1070
6530 4120 4640 1070
6550 4120 4640 1060
6490 4130 4630 1060
6480 4130 4630 1060
6540 4130 4630 1060
6520 4130 4630 1060
6510 4130 4630 1060
6490 4130 4630 1060
6510 4130 4630 1060
6490 4140 4630 1060
6550 4140 4620 1060
6530 4140 4630 1060
6510 4140 4630 1070
6500 4130 4620 1070
6570 4130 4620 1070
6530 4140 4620 1070
6560 4130 4630 1060
6560 4130 4630 1060
6500 4120 4630 1070
6500 4130 4630 1060
6500 4120 4630 1060
6550 4130 4630 1060
6530 4140 4630 1060
6540 4110 4620 1050
6560 4100 4620 1050
6520 4120 4620 1050
6510 4130 4620 1050
6490 4140 4620 1050
6530 4120 4620 1050
6490 4110 4620 1050
6490 4120 4620 1050
6520 4100 4620 1050
6560 4110 4610 1050
6510 4120 4610 1050
6560 4110 4620 1060
6540 4130 4610 1060
6500 4130 4610 1060
6520 4110 4610 1060
6550 4130 4610 1060
6490 4130 4620 1060
6510 4120 4620 1060
6550 4110 4620 1060
6480 4110 4620 1060
6020 4100 4620 1540
6020 4120 4620 1520
6020 4110 4620 1560
6020 4110 4620 1510
6020 4100 4620 1510
6030 4110 4610 1500
6020 4110 4610 1560
6030 4120 4610 1530
6030 4120 4610 1510
6020 4120 4620 1570
6020 4130 4620 1510
6020 4150 4610 1530
6020 4140 4600 1530
6030 4140 4610 1510
6040 4130 4610 1560
6040 4140 4610 1560
6040 4140 4610 1560
6050 4140 4620 1500
6050 4140 4620 1560
6050 4140 4620 1520
6050 4150 4620 1570
6050 4140 4620 1520
6040 4130 4620 1500
6040 4130 4620 1560
6040 4120 4620 1490
6040 4130 4620 1530
6040 4130 4620 1520
6020 4120 4620 1560
6020 4120 4620 1500
6030 4110 4620 1530
6030 4100 4610 1510
6020 4110 4610 1510
6030 4100 4620 1530
6030 4110 4620 1550
6010 4120 4630 1540
6020 4130 4630 1580
6020 4130 4630 1520
6020 4120 4620 1530
6030 4140 4620 1510
6040 4140 4620 1570
6040 4120 4620 1510
6030 4120 4630 1530
6040 4120 4620 1550
6040 4130 4620 1510
6040 4130 4630 1520
6050 4140 4620 1500
6040 4140 4620 1510
6030 4140 4630 1570
6030 4130 4630 1570
6030 4140 4630 1520
6030 4130 4630 1530
6040 4140 4630 1510
6040 4130 4630 1550
6040 4120 4630 1550
6040 4110 4630 1550
6040 4100 4620 1510
6050 4090 4620 1520
6050 4100 4620 1570
6050 4110 4620 1570
6050 4100 4620 1530
6030 4120 4620 1530
6030 4120 4630 1570
6040 4100 4630 1510
