6940 4630 4570 660
6900 4630 4570 670
6900 4630 4570 670
6900 4640 4570 680
6960 4630 4570 680
6900 4620 4570 680
6930 4610 4570 680
6940 4630 4580 660
6900 4630 4580 640
6920 4630 4580 650
6900 4630 4580 650
6900 4630 4570 660
6900 4630 4570 660
6890 4630 4580 670
6930 4640 4580 660
6920 4650 4580 660
6890 4640 4580 660
6900 4640 4580 650
6930 4620 4580 660
6920 4620 4600 660
6960 4620 4580 670
6930 4620 4580 670
6930 4640 4580 670
6950 4630 4580 670
6910 4630 4580 670
6900 4630 4580 670
6900 4630 4580 670
6920 4640 4580 670
6900 4640 4580 670
6940 4640 4580 680
6950 4650 4580 680
6930 4650 4580 670
6960 4650 4580 660
6900 4630 4580 650
6920 4630 4580 660
6930 4630 4580 660
6950 4630 4580 660
6950 4630 4580 650
6950 4640 4580 660
6950 4640 4580 660
6870 4640 4580 660
6900 4630 4580 670
6880 4630 4580 660
6940 4630 4580 660
6880 4630 4580 660
6900 4630 4570 670
6880 4630 4570 660
6900 4640 4570 650
6900 4630 4570 660
6900 4650 4570 670
6900 4650 4570 670
6940 4640 4570 670
6900 4640 4570 680
6940 4640 4570 680
6890 4640 4570 670
6890 4640 4570 660
6950 4630 4570 670
6900 4620 4570 660
6940 4610 4570 660
6900 4610 4570 660
6900 4610 4570 660
6960 4610 4570 670
6950 4610 4570 670
6930 4610 4570 670
6890 4620 4570 670
6890 4610 4570 670
6890 4630 4570 670
6950 4630 4560 660
6910 4630 4570 660
6950 4630 4570 660
6890 4640 4570 660
6410 4630 4580 1190
6410 4630 4580 1120
6420 4630 4580 1180
6420 4620 4580 1180
6430 4630 4580 1130
6420 4630 4580 1180
6430 4630 4580 1180
6430 4620 4580 1140
6430 4620 4580 1150
6430 4620 4580 1180
6430 4620 4580 1110
6430 4630 4580 1100
6430 4640 4580 1120
6420 4630 4580 1180
6420 4640 4580 1150
6410 4630 4580 1130
6410 4640 4580 1120
6410 4640 4580 1140
6410 4630 4580 1140
6420 4620 4580 1120
6420 4610 4580 1170
6430 4610 4580 1190
6430 4620 4580 1150
6430 4630 4580 1130
6420 4640 4580 1150
6430 4640 4580 1150
6430 4620 4580 1200
6420 4640 4580 1150
6420 4640 4580 1130
6410 4640 4580 1140
6410 4640 4580 1120
6410 4630 4580 1130
6420 4630 4580 1110
6410 4630 4580 1120
6410 4630 4580 1140
6420 4630 4580 1110
6410 4630 4570 1140
6420 4640 4570 1150
6420 4640 4570 1190
6420 4630 4570 1170
6430 4630 4570 1130
6430 4630 4570 1200
6430 4620 4570 1200
6430 4620 4570 1150
6440 4620 4570 1160
6420 4640 4570 1150
6430 4630 4570 1150
6440 4630 4570 1130
6440 4630 4570 1130
6440 4630 4580 1140
6440 4630 4570 1130
6430 4630 4570 1130
6420 4640 4580 1190
6420 4640 4580 1190
6430 4640 4580 1140
6430 4650 4580 1150
6430 4640 4580 1180
6430 4640 4580 1140
6440 4640 4580 1180
6430 4640 4580 1200
6410 4640 4580 1160
6430 4640 4570 1190
6440 4640 4570 1190
6430 4630 4570 1170
6440 4640 4570 1170
6430 4630 4580 1170
6420 4630 4580 1160
6420 4630 4580 1130
6410 4640 4580 1170
6420 4640 4580 1150
6430 4640 4570 1180
