1040 4580 4390 6600
1070 4580 4390 6300
980 4570 4390 6500
970 4570 4390 6500
980 4570 4390 6400
1040 4570 4390 6300
1070 4580 4390 6500
1030 4580 4380 6300
980 4580 4390 6400
1030 4560 4390 6300
1020 4560 4390 6600
1040 4560 4390 6400
1000 4560 4390 6500
1030 4570 4390 6400
970 4580 4390 6600
1050 4580 4400 6600
1040 4580 4400 6600
1020 4580 4400 6600
1070 4580 4400 6600
1000 4580 4400 6500
1020 4580 4400 6300
990 4580 4410 6500
980 4580 4400 6600
1030 4580 4400 6600
1030 4600 4400 6600
1020 4600 4400 6500
1020 4600 4400 6500
970 4570 4400 6400
980 4570 4400 6300
1030 4570 4400 6300
1040 4570 4390 6600
980 4580 4390 6600
1040 4580 4380 6600
1010 4580 4380 6500
1060 4580 4390 6600
1010 4580 4390 6300
990 4580 4390 6600
1030 4570 4390 6300
1020 4580 4390 6300
990 4580 4390 6600
980 4580 4390 6300
1020 4580 4400 6600
1030 4580 4400 6500
990 4610 4400 6300
1050 4600 4400 6600
1050 4580 4400 6500
990 4600 4400 6400
1020 4630 4400 6300
980 4610 4390 6400
1070 4600 4390 6600
980 4580 4390 6300
1060 4580 4390 6500
1060 4580 4390 6500
970 4580 4390 6400
1030 4580 4400 6400
1040 4580 4400 6600
1050 4580 4400 6600
970 4580 4390 6600
1030 4600 4390 6300
1020 4580 4400 6400
1040 4600 4410 6500
1030 4580 4390 6500
1070 4580 4380 6400
980 4580 4380 6400
990 4580 4380 6600
1000 4580 4380 6300
1010 4580 4380 6400
980 4570 4380 6600
1000 4600 4380 6300
990 4580 4370 6400
980 4600 4370 6300
1010 4580 4370 6300
1000 4580 4380 6500
990 4580 4380 6600
980 4580 4380 6600
1050 4570 4370 6500
1070 4570 4370 6300
1050 4570 4380 6600
1010 4570 4380 6500
570 5040 4380 6500
570 5000 4380 6500
570 4990 4380 6500
570 5050 4380 6300
580 5030 4370 6400
570 5080 4370 6500
580 5030 4370 6400
580 5020 4370 6500
580 4990 4370 6500
570 5080 4370 6500
570 5000 4380 6300
570 4990 4380 6500
570 5040 4380 6600
570 5040 4380 6300
570 4990 4380 6600
580 5070 4400 6600
580 5030 4400 6400
580 5050 4400 6300
580 5070 4400 6600
580 4980 4400 6600
570 5000 4400 6400
580 5060 4400 6600
570 5070 4400 6500
570 5040 4400 6400
570 4990 4390 6600
570 5070 4390 6500
570 5070 4390 6500
570 5030 4390 6500
580 4980 4400 6600
580 5030 4390 6500
570 4980 4390 6500
570 4990 4390 6300
580 5030 4390 6600
580 5020 4400 6300
570 5060 4400 6500
570 5010 4400 6500
570 4980 4400 6600
580 5060 4390 6500
580 5040 4390 6500
580 5010 4380 6300
580 5060 4380 6600
590 5060 4380 6600
590 4990 4370 6400
590 4990 4370 6300
580 5050 4370 6400
580 5040 4370 6400
570 4990 4380 6600
560 5020 4380 6500
560 5040 4380 6300
570 5010 4380 6600
570 4980 4390 6500
570 5020 4390 6600
570 5020 4390 6300
560 5000 4390 6300
570 5070 4390 6300
570 4980 4390 6500
570 5060 4390 6300
570 5050 4390 6500
570 5000 4390 6500
570 5000 4390 6500
570 5020 4380 6600
570 5020 4380 6300
570 5000 4380 6500
570 5070 4390 6400
570 5000 4390 6500
580 5080 4390 6300
580 5080 4390 6500
590 5070 4390 6600
580 5070 4380 6400
