1470 4670 3960 6080
1500 4670 3980 6080
1500 4660 3960 6070
1440 4660 3980 6060
1450 4660 3980 6060
1500 4650 3980 6070
1510 4660 3980 6080
1460 4660 3980 6060
1410 4660 3980 6080
1480 4650 3960 6050
1450 4640 3960 6060
1420 4640 3960 6060
1420 4640 3950 6050
1490 4640 3950 6050
1470 4650 3960 6080
1410 4650 3980 6060
1480 4650 3960 6080
1510 4650 3980 6070
1460 4640 3980 6060
1420 4650 3980 6060
1440 4650 3990 6080
1510 4640 4000 6070
1440 4650 3990 6050
1470 4650 3980 6070
1420 4650 3980 6050
1460 4650 3960 6050
1420 4650 3980 6070
1480 4660 3980 6060
1460 4650 3980 6050
1490 4640 3960 6050
1470 4640 3960 6060
1430 4640 3980 6050
1450 4640 3980 6060
1430 4640 3980 6060
1440 4640 3960 6070
1470 4640 3980 6060
1410 4640 3980 6070
1430 4630 3980 6050
1500 4630 3980 6050
1480 4650 3980 6060
1510 4650 3980 6060
1420 4650 3960 6060
1410 4660 3960 6060
1490 4650 3960 6070
1460 4650 3980 6050
1470 4650 3960 6080
1420 4650 3960 6050
1420 4660 3980 6050
1470 4670 3980 6060
1430 4670 3980 6080
1450 4670 3960 6070
1410 4670 3960 6070
1420 4650 3990 6060
1490 4650 3980 6050
1460 4650 3980 6080
1410 4650 3980 6050
1500 4660 3980 6070
1510 4660 3980 6050
1470 4640 3980 6070
1480 4640 3980 6080
1430 4650 3980 6060
1480 4650 3990 6060
1510 4650 3990 6050
1490 4660 3980 6080
1480 4660 3960 6080
1500 4660 3960 6080
1470 4660 3960 6080
1470 4650 3960 6080
1470 4650 3960 6070
1460 4640 3960 6060
1480 4650 3960 6080
1460 4640 3980 6070
1440 4640 3980 6060
1510 4640 3980 6050
1470 4640 3980 6050
1440 4640 3990 6080
1440 4640 3980 6050
1430 4630 3980 6080
1460 4620 3980 6070
1500 4620 3980 6050
1500 4630 3980 6070
1470 4650 3980 6050
1450 4660 3980 6080
990 5160 3960 6080
1000 5150 3960 6050
1000 5140 3980 6080
990 5100 3980 6080
990 5090 3960 6080
970 5150 3980 6060
980 5070 3980 6050
1000 5110 3980 6060
1020 5170 3960 6080
1000 5140 3980 6050
1010 5150 3960 6060
1020 5120 3980 6080
1030 5080 3980 6080
1030 5100 3980 6050
1030 5110 3980 6060
1010 5150 3980 6050
1020 5160 3980 6050
1010 5150 3980 6080
1000 5110 3980 6050
980 5150 3990 6050
970 5080 3980 6080
980 5160 3960 6070
990 5100 3960 6060
1020 5090 3960 6050
1020 5070 3960 6070
1000 5090 3980 6050
1000 5150 3980 6060
1010 5090 3980 6050
1010 5120 3980 6080
1010 5160 3980 6060
1010 5170 3980 6050
1000 5120 3980 6060
1000 5170 3980 6070
1010 5120 3960 6070
1020 5080 3980 6080
1020 5160 3980 6050
1030 5120 3960 6050
1040 5130 3980 6060
1020 5110 3980 6060
1000 5070 3980 6080
980 5120 3980 6080
970 5070 3980 6080
980 5120 3980 6060
1000 5080 3960 6080
990 5070 3960 6060
960 5150 3990 6060
990 5140 3990 6070
960 5170 3990 6050
990 5160 3980 6080
970 5080 3980 6050
970 5130 3980 6070
980 5120 3980 6050
990 5130 3980 6080
1010 5150 3960 6080
1010 5100 3980 6050
1000 5080 3980 6050
1020 5110 3980 6080
1030 5100 3980 6080
1030 5070 3990 6050
1030 5120 3990 6060
1020 5080 3980 6080
1010 5170 3980 6070
1000 5160 3980 6080
1000 5110 3980 6060
1020 5110 3980 6060
1020 5070 3980 6080
1020 5160 3960 6050
1010 5130 3960 6050
1010 5160 3960 6080
1030 5160 3950 6050
1040 5150 3950 6080
1040 5130 3960 6050
1030 5080 3960 6080
1020 5160 3960 6080
1040 5130 3960 6070
1020 5150 3960 6080
1000 5090 3960 6060
1000 5110 3960 6060
990 5170 3960 6080
990 5090 3960 6070
1010 5080 3960 6060
1010 5070 3960 6050
1030 5170 3960 6060
1020 5140 3960 6060
1010 5100 3980 6080
1000 5150 3960 6060
1010 5170 3960 6050
990 5140 3960 6070
990 5080 3980 6070
990 5150 3980 6070
990 5160 3980 6060
990 5170 3980 6060
1010 5110 3980 6050
1020 5140 3980 6050
1030 5160 3990 6080
1030 5140 3980 6080
1040 5170 3960 6050
1030 5090 3980 6050
1030 5140 3990 6060
1040 5160 3990 6050
