1460 5200 3430 5640
1460 5220 3430 5630
1470 5230 3430 5630
1470 5270 3420 5620
1490 5210 3420 5620
1490 5270 3420 5620
1490 5250 3420 5630
1490 5220 3420 5650
1470 5230 3420 5660
1470 5210 3420 5660
1470 5260 3420 5640
1490 5250 3430 5640
1490 5260 3430 5640
1490 5220 3420 5650
1490 5210 3420 5650
1500 5210 3420 5650
1500 5260 3410 5640
1510 5270 3410 5650
1510 5260 3410 5650
1510 5200 3410 5650
1510 5200 3410 5650
1510 5270 3410 5650
1510 5210 3420 5640
1510 5230 3420 5640
1490 5230 3410 5640
1500 5250 3410 5640
1500 5200 3420 5650
1470 5250 3420 5650
1470 5260 3420 5660
1470 5200 3420 5660
1470 5250 3430 5660
1470 5210 3430 5660
1470 5220 3430 5650
1490 5190 3420 5650
1490 5190 3400 5650
1470 5210 3400 5660
1470 5220 3410 5670
1470 5180 3410 5670
1470 5210 3400 5670
1470 5190 3400 5660
1470 5220 3410 5660
1470 5240 3410 5660
1470 5230 3410 5660
1470 5200 3410 5640
1470 5190 3410 5640
1450 5260 3410 5640
1470 5200 3410 5640
1500 5200 3420 5640
1510 5250 3420 5640
1510 5260 3420 5640
1510 5270 3420 5640
1490 5200 3420 5640
1500 5270 3420 5640
1530 5220 3420 5640
1530 5240 3420 5640
1520 5260 3410 5630
1530 5230 3400 5620
1500 5240 3410 5630
1490 5270 3420 5650
1490 5250 3420 5660
1500 5230 3430 5640
1500 5270 3430 5630
1500 5230 3430 5640
1500 5250 3430 5630
1500 5220 3410 5630
1490 5220 3410 5630
1490 5220 3410 5620
1500 5230 3420 5620
1490 5220 3420 5630
1500 5240 3420 5640
1500 5210 3410 5640
1490 5280 3410 5660
1490 5220 3420 5640
1490 5240 3420 5630
1490 5280 3420 5620
1490 5250 3420 5620
1470 5230 3420 5620
1490 5270 3420 5620
1500 5270 3430 5620
1500 5270 3440 5620
1500 5220 3440 5620
1500 5240 3430 5620
1500 5230 3420 5610
1500 5220 3420 5620
1500 5200 3430 5620
1490 5240 3430 5610
1500 5220 3430 5600
1490 5260 3430 5610
1490 5270 3430 5620
1490 5230 3430 5620
1490 5270 3430 5630
1490 5230 3430 5640
1490 4740 3420 6180
1490 4750 3410 6110
1490 4740 3410 6150
1490 4750 3410 6180
1470 4760 3410 6110
1470 4760 3420 6130
1470 4770 3440 6100
1490 4760 3440 6170
1490 4760 3430 6110
1490 4750 3440 6130
1490 4750 3440 6140
1490 4750 3430 6120
1470 4750 3430 6110
1490 4750 3420 6110
1490 4750 3420 6120
1470 4750 3420 6110
1490 4750 3420 6120
1470 4750 3420 6160
1470 4770 3420 6160
1470 4770 3420 6120
1470 4770 3420 6120
1490 4770 3430 6110
1490 4760 3430 6130
1490 4750 3430 6170
1490 4750 3430 6180
1500 4750 3420 6120
1520 4740 3420 6140
1510 4750 3420 6120
1500 4740 3420 6180
1500 4740 3420 6130
1470 4750 3430 6140
1460 4750 3430 6160
1460 4750 3430 6180
1470 4750 3430 6120
1470 4750 3430 6120
1470 4740 3420 6120
1470 4740 3420 6120
1470 4750 3430 6150
1460 4750 3430 6150
1460 4750 3430 6180
1470 4760 3440 6110
1460 4770 3430 6110
1460 4770 3430 6110
1460 4770 3430 6120
1460 4760 3430 6180
1460 4760 3430 6120
1460 4760 3440 6120
1460 4760 3440 6180
1460 4760 3430 6140
1460 4750 3430 6180
1460 4760 3430 6140
1460 4760 3430 6140
1460 4760 3430 6120
1470 4750 3420 6140
1470 4760 3430 6110
1490 4750 3420 6150
1470 4740 3420 6130
1470 4750 3420 6110
1470 4750 3420 6170
1470 4760 3430 6180
1470 4760 3430 6130
1450 4760 3430 6120
1450 4760 3430 6140
1460 4770 3450 6170
1460 4750 3450 6130
1490 4730 3440 6130
1500 4740 3430 6110
1500 4740 3440 6110
1460 4750 3430 6130
1460 4750 3430 6110
1450 4760 3430 6140
1440 4760 3420 6110
1440 4750 3420 6140
1440 4750 3420 6180
1460 4740 3410 6130
1470 4740 3410 6130
1470 4740 3420 6190
1470 4740 3420 6150
1470 4750 3420 6190
1500 4740 3410 6130
1500 4750 3410 6110
1500 4730 3410 6110
1500 4730 3400 6150
1500 4740 3400 6110
1490 4750 3410 6130
1490 4760 3410 6110
1490 4760 3410 6130
1490 4760 3410 6170
1490 4750 3410 6170
1490 4750 3420 6170
1470 4760 3420 6130
1470 4770 3420 6180
1470 4770 3420 6120
