2630 5000 2920 5410
2500 5000 2920 5410
2400 4990 2920 5400
2300 4990 2920 5400
2260 4980 2920 5400
2220 4990 2920 5410
2330 4990 2920 5410
2460 5000 2920 5410
2530 5000 2920 5410
2540 5000 2920 5400
2430 4990 2920 5400
2380 4990 2920 5410
2330 4990 2930 5410
2290 4990 2930 5400
2330 4990 2930 5400
2330 5000 2930 5410
2320 4990 2930 5410
2310 4990 2930 5410
2300 4990 2930 5410
2240 4990 2920 5420
2220 4990 2920 5420
2200 4990 2920 5420
2180 4990 2920 5420
2190 4990 2920 5420
2170 4990 2920 5420
2180 4990 2920 5410
2210 4970 2920 5410
2210 4960 2920 5410
2210 4970 2920 5410
2220 4970 2920 5410
2240 4980 2920 5410
2260 4980 2920 5410
2260 4980 2920 5410
2260 4980 2920 5410
2250 4990 2920 5410
2250 5000 2920 5410
2720 4980 2910 5410
2710 4980 2910 5410
3730 4990 2910 5410
4000 4990 2920 5410
4180 4990 2920 5410
4410 4970 2930 5410
4290 4970 2930 5410
4400 4990 2920 5410
4140 4990 2920 5410
3930 4990 2920 5420
3990 4990 2920 5420
3920 4990 2930 5420
3860 5000 2920 5430
3840 4990 2920 5430
3820 5000 2920 5430
3760 5010 2920 5420
3650 5010 2920 5420
3560 5010 2920 5410
3290 5010 2920 5410
3080 5000 2920 5410
3420 5000 2920 5420
3770 5000 2920 5420
4010 4990 2920 5430
4190 4990 2920 5400
4320 4980 2920 5400
4420 4980 2920 5400
4360 4990 2920 5390
4330 5000 2920 5400
4420 5000 2920 5400
4470 5000 2920 5400
4510 4990 2920 5410
4540 5000 2920 5410
4540 5000 2920 5430
4520 5000 2920 5420
4270 4980 2920 5420
4350 4990 2920 5410
3550 4990 2920 5420
3180 5000 2920 5410
2910 4990 2920 5410
2720 5000 2920 5410
2590 5000 2920 5410
2490 4990 2920 5410
2380 4990 2930 5400
2340 4990 2940 5400
2560 4980 2940 5400
3050 4980 2940 5400
3260 4980 2940 5400
3530 4970 2940 5410
3860 4970 2930 5410
4100 4970 2940 5410
4260 4970 2940 5410
4370 4990 2940 5410
4440 5000 2940 5410
4490 5000 2930 5410
4530 4990 2930 5420
4540 5000 2930 5430
4560 4980 2930 5420
4530 4970 2930 5420
4550 4970 2930 5410
4520 4970 2930 5410
2040 4970 2930 5850
2040 4970 2930 5850
2040 4980 2930 5890
2040 4980 2930 5890
2040 5000 2930 5900
2040 4980 2930 5910
2040 4980 2930 5900
2040 4980 2930 5870
2040 4990 2930 5780
2040 4990 2930 5780
2040 4980 2920 5780
2030 4990 2910 5760
2020 4980 2910 5750
2020 4990 2920 5770
2020 4980 2920 5780
2020 4980 2920 5810
2010 4990 2920 5820
2010 4990 2920 5810
2020 5000 2930 5800
2010 4990 2930 5800
2010 5010 2940 5820
2020 5010 2940 5830
2020 5010 2930 5830
2030 5010 2930 5830
2030 5010 2920 5830
2030 5000 2920 5850
2020 5000 2920 5860
2020 5000 2920 5850
2020 4990 2920 5830
2020 5000 2920 5850
2020 4990 2920 5870
2020 5000 2930 5890
2020 4990 2930 5890
2030 4980 2930 5900
2040 4980 2930 5910
2040 4970 2930 5920
2040 4960 2930 5920
2040 4980 2920 5920
2040 5000 2920 5910
2040 5000 2920 5910
2030 4990 2920 5910
2030 4980 2920 5910
2030 4970 2920 5900
2020 4990 2920 5890
2020 5000 2920 5890
2020 4990 2920 5880
2020 5010 2920 5870
2020 5000 2920 5870
2020 4990 2920 5870
2020 5000 2920 5870
2020 5000 2930 5880
2020 5010 2930 5880
2030 5020 2930 5870
2030 5020 2930 5870
2030 4990 2930 5880
2020 4990 2920 5880
2020 4990 2920 5890
2020 4990 2920 5910
2020 4970 2920 5940
2020 4980 2920 5970
2020 4970 2910 6000
2020 4970 2910 6050
2010 4980 2910 6070
2010 4980 2920 6070
2010 4990 2920 6030
2010 4990 2920 5950
2010 4990 2920 5920
2030 4990 2920 5750
2030 4970 2920 5770
2030 4980 2920 5750
2020 4980 2920 5860
2030 4990 2920 5740
2030 5000 2920 5830
2020 4970 2920 5880
2020 4970 2920 5870
2020 4970 2920 5850
2020 4980 2930 5830
2030 4990 2940 5810
2020 4970 2940 5800
2020 4980 2930 5790
2020 4960 2930 5790
2030 4960 2940 5820
2030 4980 2940 5860
2030 4990 2940 5870
2030 4980 2940 5870
2030 4990 2930 5930
2030 4990 2930 5980
2030 4970 2930 5890
2020 4970 2930 5880
2030 4970 2930 5770
2030 4970 2930 5670
2030 4980 2930 5560
2020 4990 2930 5520
2030 4970 2930 5540
2030 4960 2930 5580
2030 4950 2930 5610
2040 4960 2930 5630
2040 4970 2920 5640
2040 4980 2930 5640
2040 4970 2930 5620
2040 4970 2930 5600
2030 4970 2940 5570
2030 4960 2930 5520
