2500 5180 2840 5090
2500 5190 2890 5100
2500 5190 2950 5110
2500 5190 3070 5110
2510 5190 3080 5100
2520 5190 3060 5100
2510 5190 3030 5100
2510 5190 3050 5100
2510 5200 2990 5110
2510 5190 2970 5110
2510 5200 2960 5100
2520 5210 2970 5100
2520 5210 2940 5100
2520 5200 3070 5110
2520 5200 3030 5110
2520 5180 2990 5120
2510 5180 2980 5120
2510 5170 2900 5110
2500 5180 2850 5120
2500 5180 2840 5110
2500 5180 2840 5100
2510 5180 2830 5090
2510 5180 2830 5090
2510 5190 2820 5090
2520 5190 2820 5100
2520 5190 2830 5100
2520 5190 2810 5100
2510 5190 2810 5090
2510 5200 2810 5090
2510 5200 2820 5090
2510 5190 2820 5090
2510 5190 2820 5090
2510 5190 2800 5090
2510 5190 2790 5100
2510 5190 2800 5110
2510 5190 2800 5110
2510 5170 2800 5100
2510 5170 2820 5110
2520 5170 2820 5110
2520 5180 2830 5100
2520 5190 2820 5100
2510 5190 2830 5100
2510 5200 2820 5100
2510 5190 2840 5100
2510 5190 2850 5100
2510 5190 2860 5100
2510 5190 2840 5100
2510 5180 2850 5100
2510 5190 2810 5100
2510 5190 2830 5100
2500 5180 2840 5100
2500 5170 2810 5100
2510 5170 2830 5090
2500 5170 2830 5100
2510 5180 2820 5120
2500 5190 2810 5120
2500 5180 2800 5120
2500 5180 2800 5130
2490 5180 2790 5110
2490 5180 2770 5110
2490 5180 2760 5110
2500 5170 2740 5120
2500 5160 2750 5120
2500 5180 2770 5110
2500 5180 2780 5100
2500 5180 2800 5090
2490 5190 2800 5090
2490 5190 2810 5100
2500 5180 2810 5100
2490 5180 2810 5090
2490 5170 2820 5090
2490 5170 2830 5100
2490 5190 2810 5100
2490 5190 2800 5100
2490 5180 2800 5100
2490 5170 2790 5100
2490 5160 2770 5100
2490 5170 2770 5100
2490 5180 2780 5090
2490 5170 2780 5090
2490 5170 2780 5090
2490 5170 2790 5090
2490 5180 2800 5090
2490 5170 2790 5090
2500 5180 2760 5090
2500 5180 2760 5090
2500 5160 2750 5100
2500 5160 2760 5100
2500 5160 2760 5100
2490 5160 2770 5100
2490 5180 2780 5090
2490 5180 2780 5090
2490 5180 2780 5100
2490 5190 2780 5100
2490 5190 2750 5100
2490 5190 2750 5110
2490 5190 2750 5110
2490 5160 2400 5240
2490 5170 2390 5310
2490 5170 2390 5310
2490 5170 2420 5440
2490 5180 2420 5420
2490 5170 2420 5360
2500 5170 2420 5340
2500 5170 2420 5360
2510 5180 2420 5340
2500 5190 2420 5350
2490 5180 2430 5280
2490 5180 2420 5380
2490 5170 2420 5450
2490 5170 2420 5440
2490 5170 2420 5380
2480 5170 2420 5290
2480 5170 2420 5430
2480 5170 2430 5560
2490 5180 2430 5620
2490 5180 2430 5670
2490 5180 2420 5700
2500 5190 2420 5680
2500 5190 2420 5610
2500 5190 2420 5510
2500 5190 2430 5460
2500 5190 2420 5480
2500 5200 2420 5500
2500 5200 2420 5500
2500 5200 2420 5510
2500 5190 2430 5550
2500 5180 2430 5590
2500 5170 2430 5660
2500 5170 2430 5690
2490 5180 2430 5690
2490 5180 2440 5710
2490 5180 2440 5750
2490 5180 2440 5830
2480 5170 2430 5850
2480 5170 2430 5870
2490 5170 2430 5860
2490 5180 2430 5850
2480 5180 2420 5820
2490 5170 2400 5860
2500 5170 2400 5770
2490 5170 2420 5590
2490 5170 2420 5480
2500 5170 2420 5440
2500 5170 2430 5420
2500 5170 2420 5410
2500 5170 2420 5360
2500 5180 2420 5300
2500 5170 2420 5250
2490 5170 2430 5390
2490 5170 2420 5500
2490 5170 2430 5560
2500 5180 2420 5490
2500 5180 2420 5390
2500 5180 2420 5360
2490 5180 2400 5350
2500 5170 2400 5350
2490 5180 2420 5360
2490 5190 2420 5350
2490 5180 2420 5340
2490 5180 2420 5320
2490 5180 2420 5300
2490 5180 2420 5300
2490 5190 2430 5310
2480 5200 2440 5330
2490 5200 2430 5330
2490 5200 2430 5340
2490 5190 2420 5330
2490 5180 2420 5310
2490 5170 2430 5290
2490 5170 2430 5280
2500 5170 2420 5250
2490 5170 2420 5250
2490 5170 2420 5240
2500 5170 2420 5230
2510 5180 2420 5230
2490 5170 2420 5190
2490 5170 2420 5180
2490 5170 2420 5170
2490 5180 2420 5180
2470 5190 2420 5210
2480 5190 2440 5300
2480 5190 2420 5340
2490 5200 2430 5370
2480 5200 2430 5400
2480 5190 2430 5410
2490 5170 2440 5420
2490 5170 2430 5430
2490 5170 2420 5480
2490 5170 2420 5490
2490 5170 2420 5470
2480 5160 2430 5470
2490 5170 2430 5490
2490 5170 2430 5470
2490 5170 2440 5540
2500 5180 2440 5590
2500 5180 2440 5590
2500 5170 2440 5590
2490 5170 2440 5590
2490 5170 2440 5620
2490 5170 2420 5630
2490 5180 2420 5630
2490 5170 2420 5700
2490 5170 2420 5570
2480 5160 2420 5590
2490 5170 2420 5690
2490 5180 2420 5700
2480 5180 2430 5750
2490 5180 2420 5750
2500 5180 2420 5700
2490 5170 2420 5720
2490 5170 2420 5700
2490 5170 2430 5690
2490 5180 2430 5660
2500 5180 2430 5620
2500 5170 2430 5680
2500 5160 2430 5520
2500 5170 2430 5420
2500 5170 2430 5360
2490 5170 2430 5330
2490 5170 2420 5290
2490 5170 2420 5280
2490 5170 2420 5250
2490 5170 2420 5240
2490 5170 2420 5240
2480 5180 2430 5300
