3060 5790 1960 4910
3060 5740 1970 4890
3060 5720 1970 4890
3060 5730 1970 4890
3060 5700 1970 4890
3070 5740 1970 4910
3070 5880 1970 4890
3070 5930 1970 4890
3080 5930 1970 4890
3080 5930 1970 4890
3070 5920 1970 4890
3070 5890 1970 4890
3080 5790 1970 4890
3080 5850 1970 4910
3080 5950 1970 4910
3080 6010 1970 4910
3070 6030 1970 4910
3070 6020 1970 4920
3070 5900 1970 4910
3070 5730 1970 4910
3070 5710 1970 4910
3060 5680 1960 4910
3060 5680 1960 4890
3060 5670 1970 4880
3070 5670 1960 4890
3070 5670 1960 4890
3060 5670 1960 4890
3060 5690 1960 4890
3060 5680 1960 4880
3060 5680 1960 4870
3070 5690 1960 4880
3070 5670 1970 4890
3070 5680 1970 4890
3070 5710 1970 4890
3060 5730 1970 4890
3060 5780 1960 4890
3060 5800 1960 4910
3060 5790 1970 4890
3060 5780 1980 4910
3060 5790 1970 4890
3060 5780 1980 4910
3070 5780 1970 4890
3060 5750 1970 4890
3060 5730 1970 4880
3070 5710 1970 4880
3060 5670 1970 4890
3060 5660 1970 4890
3050 5670 1970 4890
3060 5700 1970 4880
3060 5770 1970 4880
3060 5810 1960 4890
3060 5810 1960 4910
3070 5800 1960 4910
3070 5790 1960 4910
3060 5760 1960 4910
3060 5720 1970 4910
3060 5680 1970 4890
3060 5660 1970 4890
3070 5610 1970 4880
3060 5600 1970 4870
3070 5580 1970 4870
3070 5580 1970 4880
3070 5590 1960 4880
3060 5590 1950 4880
3060 5590 1960 4890
3060 5600 1960 4890
3050 5630 1950 4910
3030 5700 1950 4880
3030 5740 1960 4890
3060 5800 1960 4910
3070 5850 1960 4890
3070 5880 1960 4890
3060 5830 1960 4910
3070 5770 1960 4890
3060 5710 1960 4910
3060 5750 1960 4910
3070 5810 1960 4890
3070 5810 1960 4880
3070 5800 1960 4890
3070 5810 1960 4890
3070 5850 1960 4880
3060 5850 1980 4880
3070 5830 1970 4870
3070 6010 1970 4880
3080 6110 1960 4880
3080 6210 1960 4880
3070 6000 1960 4880
3080 5910 1950 4880
3080 5850 1960 4880
3090 5790 1970 4880
3080 5750 1970 4880
3070 5710 1970 4880
3070 5680 1970 4880
3070 5660 1970 4890
3070 5650 1970 4890
3060 5640 1970 4910
3060 5670 1970 4920
3070 5770 1970 4920
3070 5960 1980 4910
3070 5960 1970 4890
3060 5830 1970 4890
3060 5440 1970 5080
3060 5450 1970 5120
3060 5450 1970 5200
3060 5440 1970 5350
3060 5450 1970 5250
3060 5440 1980 5170
3060 5460 1970 5170
3050 5470 1950 5210
3060 5470 1950 5200
3060 5460 1950 5210
3070 5460 1950 5230
3060 5460 1960 5230
3060 5460 1960 5240
3060 5460 1960 5240
3060 5470 1960 5250
3070 5470 1960 5240
3060 5470 1970 5240
3060 5480 1970 5230
3060 5480 1970 5230
3060 5480 1970 5210
3070 5480 1970 5170
3080 5480 1970 5140
3080 5460 1970 5120
3080 5460 1970 5090
3070 5460 1970 5070
3070 5460 1970 5070
3070 5460 1970 5090
3080 5460 1970 5090
3080 5470 1970 5110
3080 5470 1970 5130
3080 5480 1960 5150
3090 5480 1960 5160
3080 5470 1960 5150
3070 5470 1960 5180
3070 5470 1960 5410
3070 5470 1960 5490
3070 5470 1950 5390
3070 5450 1950 5270
3070 5440 1960 5170
3070 5450 1960 5120
3070 5440 1960 5150
3060 5450 1960 5130
3060 5450 1970 5070
3070 5440 1970 5140
3060 5440 1970 5120
3060 5460 1970 5090
3060 5460 1970 5170
3060 5470 1970 5170
3080 5470 1960 5160
3070 5470 1960 5150
3080 5470 1960 5120
3080 5480 1970 5070
3080 5470 1970 5150
3080 5460 1970 5200
3080 5450 1970 5240
3080 5460 1970 5230
3080 5460 1970 5230
3080 5450 1970 5210
3070 5450 1970 5210
3070 5450 1980 5210
3070 5460 1970 5210
3070 5460 1960 5250
3070 5450 1960 5310
3060 5450 1960 5340
3060 5460 1960 5350
3060 5470 1960 5350
3060 5470 1960 5380
3060 5460 1970 5370
3060 5460 1970 5400
3070 5450 1970 5520
3060 5450 1970 5550
3060 5460 1970 5560
3060 5450 1970 5560
3060 5450 1970 5540
3050 5450 1970 5500
3060 5450 1970 5440
3070 5450 1970 5500
3070 5450 1970 5500
3070 5440 1970 5500
3060 5450 1970 5490
3060 5450 1970 5490
3060 5460 1970 5500
3060 5460 1970 5510
3060 5460 1980 5540
3060 5460 1970 5550
3060 5460 1970 5560
3070 5470 1970 5540
3070 5470 1970 5550
3070 5470 1970 5590
3060 5470 1970 5470
3080 5470 1980 5380
3080 5460 1970 5310
3060 5460 1980 5440
3050 5470 1970 5340
3060 5480 1970 5330
3060 5480 1970 5250
3060 5470 1970 5300
3060 5470 1970 5210
3060 5470 1980 5160
3070 5470 1970 5340
3080 5470 1970 5450
3080 5460 1970 5550
3080 5470 1970 5350
3080 5480 1970 5480
3070 5480 1970 5510
3070 5470 1960 5540
3070 5470 1970 5370
3060 5470 1970 5370
3060 5470 1970 5440
3060 5460 1970 5290
3060 5460 1970 5200
3060 5460 1970 5130
3060 5470 1970 5100
3050 5470 1970 5240
3050 5480 1970 5370
3060 5480 1970 5460
3060 5480 1970 5500
3060 5470 1960 5400
3070 5460 1960 5350
3060 5460 1980 5350
3050 5460 1970 5350
3060 5460 1970 5370
3060 5460 1970 5390
3060 5460 1970 5390
3070 5460 1970 5400
3080 5450 1970 5400
3080 5440 1960 5370
3070 5430 1960 5360
3070 5440 1960 5330
3070 5440 1960 5310
