3750 5770 1400 4660
3740 5770 1400 4660
3740 5770 1400 4660
3740 5770 1400 4660
3750 5770 1410 4660
3750 5770 1410 4660
3740 5770 1410 4660
3730 5770 1400 4660
3720 5770 1400 4660
3700 5770 1400 4660
3700 5770 1410 4660
3690 5770 1410 4660
3650 5790 1410 4650
3620 5780 1410 4650
3580 5780 1400 4650
3590 5780 1400 4650
3580 5780 1400 4670
3590 5780 1400 4670
3600 5770 1400 4660
3600 5780 1410 4660
3600 5770 1410 4650
3610 5770 1410 4650
3630 5770 1410 4650
3670 5780 1410 4650
3680 5780 1410 4650
3700 5760 1420 4650
3680 5760 1410 4660
3690 5770 1410 4660
3710 5770 1400 4650
3690 5770 1410 4650
3650 5760 1400 4660
3640 5760 1400 4660
3640 5760 1410 4660
3650 5760 1410 4660
3690 5760 1410 4670
3700 5760 1410 4660
3680 5760 1420 4660
3690 5760 1420 4660
3690 5770 1410 4660
3740 5780 1420 4670
3880 5780 1410 4670
3920 5770 1410 4660
3710 5770 1420 4670
3640 5770 1410 4670
3620 5770 1410 4660
3650 5770 1410 4660
3770 5770 1410 4660
3920 5770 1410 4650
4030 5780 1410 4660
3880 5780 1400 4660
3850 5780 1400 4660
3990 5780 1400 4660
3850 5780 1400 4670
4010 5780 1420 4670
4100 5780 1410 4670
4140 5780 1410 4660
4160 5780 1410 4660
4200 5780 1410 4660
4230 5770 1410 4660
4090 5770 1410 4660
4160 5770 1410 4670
4150 5780 1410 4660
4100 5780 1410 4660
4060 5780 1400 4670
3940 5780 1400 4660
4090 5780 1400 4670
3960 5780 1410 4670
3870 5780 1410 4670
3830 5780 1400 4660
3790 5770 1410 4660
3760 5780 1410 4660
3740 5770 1410 4650
3740 5770 1410 4650
3750 5770 1400 4660
3760 5770 1400 4660
3740 5770 1400 4660
3730 5760 1400 4650
3750 5760 1400 4650
3750 5760 1410 4650
3760 5770 1410 4660
3760 5770 1410 4650
3710 5770 1400 4650
3670 5770 1410 4650
3650 5780 1400 4660
3670 5780 1400 4670
3640 5780 1400 4660
3630 5780 1410 4660
3630 5780 1410 4660
3670 5780 1410 4680
3680 5780 1410 4680
3700 5780 1410 4680
3720 5780 1410 4680
3730 5780 1410 4670
3740 5770 1400 4670
3740 5780 1400 4670
3530 6170 1400 4660
3530 6110 1410 4660
3530 6120 1410 4660
3530 6220 1410 4660
3530 6320 1410 4660
3530 6100 1410 4660
3530 6090 1410 4660
3540 6110 1410 4670
3540 6130 1410 4670
3540 6230 1410 4660
3550 6370 1420 4660
3550 6430 1410 4660
3540 6330 1410 4670
3540 6450 1410 4670
3540 6490 1410 4670
3530 6490 1410 4660
3530 6500 1410 4660
3530 6310 1410 4660
3520 6200 1420 4650
3520 6170 1420 4660
3520 6120 1420 4660
3520 6110 1420 4660
3520 6160 1420 4660
3530 6140 1410 4660
3530 6110 1410 4660
3520 6100 1410 4660
3520 6040 1400 4660
3520 6050 1400 4660
3520 6110 1400 4650
3520 6190 1400 4660
3520 6310 1390 4660
3520 6300 1390 4660
3520 6190 1390 4670
3510 6130 1400 4660
3510 6140 1410 4660
3510 6120 1410 4660
3520 6100 1400 4660
3520 6100 1400 4660
3520 6120 1390 4660
3520 6140 1390 4650
3520 6180 1380 4660
3520 6140 1380 4650
3520 6160 1400 4650
3520 6140 1400 4650
3510 6200 1410 4660
3520 6200 1410 4670
3520 6220 1410 4660
3520 6220 1400 4670
3520 6210 1410 4660
3520 6160 1410 4660
3530 6110 1410 4650
3540 6180 1410 4650
3540 6160 1420 4650
3530 6220 1400 4660
3530 6250 1410 4660
3530 6250 1410 4660
3520 6170 1410 4650
3530 6070 1410 4650
3520 6010 1410 4650
3520 5970 1410 4660
3520 5940 1400 4660
3520 5970 1390 4660
3530 6030 1400 4660
3530 6060 1400 4660
3530 6080 1410 4650
3530 6100 1400 4660
3540 6110 1410 4650
3540 6130 1410 4650
3540 6160 1400 4660
3540 6140 1400 4660
3540 6140 1400 4660
3540 6130 1400 4660
3550 6110 1400 4660
3550 6120 1400 4660
3550 6120 1390 4660
3540 6120 1400 4660
3540 6140 1400 4660
3540 6140 1410 4660
3540 6180 1420 4650
3550 6190 1420 4660
3550 6200 1420 4680
3540 6140 1400 4660
3530 6090 1400 4660
3520 6030 1400 4660
3530 5970 1400 4660
3530 5940 1400 4660
3530 5960 1390 4660
3530 6000 1400 4660
3520 6120 1390 4660
3520 6160 1400 4650
3510 6180 1400 4650
3540 6220 1400 4650
3530 6220 1400 4650
3540 6210 1400 4650
3540 6200 1400 4650
3540 6200 1400 4640
3540 6190 1410 4650
3540 6190 1410 4670
3530 6200 1410 4660
3520 6200 1410 4660
3520 6220 1410 4660
