4530 6100 1000 4560
4510 6110 1000 4560
4550 6100 1010 4560
4500 6100 1000 4560
4520 6110 1000 4550
4510 6120 1000 4550
4510 6120 1000 4560
4490 6110 1000 4550
4510 6110 1000 4550
4490 6110 1000 4550
4550 6110 1000 4550
4550 6110 990 4550
4510 6110 990 4550
4490 6120 1000 4550
4490 6120 1010 4550
4540 6120 1000 4540
4520 6120 1000 4540
4500 6120 1000 4540
4500 6110 1000 4530
4490 6110 990 4550
4520 6110 990 4550
4540 6110 1000 4550
4490 6110 1000 4540
4490 6110 1000 4540
4530 6110 990 4540
4530 6120 990 4530
4530 6120 990 4520
4560 6110 990 4530
4510 6100 1000 4530
4550 6100 990 4530
4550 6100 990 4530
4490 6100 1010 4540
4560 6110 1000 4540
4510 6120 990 4550
4490 6120 990 4540
4550 6110 990 4540
4550 6110 990 4550
4490 6110 980 4540
4500 6110 980 4530
4500 6110 980 4530
4540 6110 980 4540
4530 6110 980 4540
4550 6110 990 4530
4520 6100 990 4520
4490 6100 1000 4530
4500 6110 1000 4530
4490 6120 990 4530
4490 6120 990 4540
4550 6120 990 4540
4530 6120 990 4550
4540 6120 990 4550
4520 6120 1000 4550
4500 6120 1000 4550
4520 6110 1000 4550
4510 6110 1000 4550
4490 6110 1010 4560
4560 6110 1000 4550
4510 6120 1000 4550
4510 6110 1000 4550
4570 6110 1000 4550
4550 6110 1000 4550
4540 6100 1000 4550
4560 6100 1000 4550
4490 6110 1000 4560
4550 6120 1000 4540
4550 6120 1010 4540
4540 6120 1010 4550
4530 6110 1000 4550
4570 6110 1000 4550
4580 6110 990 4550
4550 6100 1000 4550
4510 6100 990 4550
4520 6100 990 4550
4530 6110 980 4550
4550 6110 980 4540
4520 6120 990 4540
4570 6120 990 4550
4510 6120 990 4560
4560 6120 990 4560
4520 6110 980 4560
4560 6120 970 4550
4530 6120 980 4550
4530 6120 980 4550
4520 6120 970 4550
4520 6120 980 4550
4490 6120 990 4550
4540 6120 1000 4550
4510 6120 990 4550
4520 6120 990 4550
4500 6120 990 4550
4530 6120 990 4550
4500 6120 990 4550
4560 6120 980 4540
4590 6110 1000 4540
4570 6110 1000 4540
4530 6110 1000 4540
4560 6100 1000 4540
4540 6100 1000 4540
4570 6120 1000 4550
4510 6110 1000 4550
4530 6120 1000 4550
4560 6120 1000 4550
4500 6120 1000 4550
4490 6120 1000 4550
4540 6120 990 4550
4510 6120 980 4550
4530 6110 970 4540
4530 6110 980 4540
4500 6110 980 4550
4040 6120 980 5030
4030 6110 990 5030
4030 6120 990 5060
4040 6110 990 5070
4030 6110 990 5070
4030 6110 990 5070
4030 6100 1000 5030
4030 6100 1000 5060
4030 6100 1000 5010
4030 6100 1000 5050
4030 6100 1000 5030
4030 6110 1000 5030
4030 6110 1000 5070
4030 6110 990 5030
4020 6120 990 5010
4030 6110 980 5010
4030 6110 990 5050
4020 6110 980 5010
4010 6110 990 5040
4020 6100 990 5000
4030 6110 990 5010
4030 6100 990 5010
4040 6110 990 5050
4050 6100 990 5010
4050 6100 990 5010
4040 6110 980 5030
4040 6110 990 5030
4040 6110 990 5070
4030 6110 1000 5020
4030 6110 990 5010
4040 6100 990 5020
4030 6100 980 5000
4030 6110 980 5020
4040 6110 980 5040
4040 6110 980 5040
4040 6120 980 5000
4040 6120 970 5070
4030 6110 990 5020
4030 6100 990 5060
4020 6110 990 5030
4030 6110 990 5060
4030 6120 990 5010
4030 6120 1000 5060
4040 6120 990 5010
4030 6110 990 5010
4040 6110 1000 5070
4040 6110 990 5020
4030 6120 990 5040
4030 6110 990 5030
4030 6110 990 5010
4020 6110 990 5070
4020 6110 1000 5030
4020 6110 1000 5070
4020 6110 1000 5010
4030 6110 990 5080
4030 6110 990 5060
4030 6110 980 5080
4030 6120 980 5060
4030 6120 990 5040
4030 6120 990 5030
4030 6110 990 5070
4030 6110 990 5050
4020 6110 990 5010
4020 6110 990 5040
4030 6110 990 5010
4020 6100 990 5030
4030 6110 990 5010
4030 6110 990 5030
4030 6110 990 5010
4030 6120 990 5030
4040 6100 990 5010
4030 6100 990 5020
4030 6100 990 5040
4030 6110 990 5030
4040 6110 990 5030
4050 6120 990 5070
4040 6120 990 5050
4030 6110 990 5020
4030 6100 1000 5020
4040 6100 1000 5010
4060 6100 990 5010
4050 6110 990 5050
4040 6090 990 5070
4040 6090 990 5070
4030 6090 990 5070
4040 6090 990 5030
4040 6090 980 5030
4040 6100 970 5050
4030 6100 980 5010
4030 6110 980 5010
4030 6130 990 5050
4030 6120 990 5070
4030 6120 1000 5010
4030 6120 1000 5050
4030 6120 1010 5030
4030 6120 1010 5020
4040 6100 1000 5040
4040 6100 1000 5010
4030 6100 1000 5070
4030 6100 990 5010
4030 6100 990 5070
4030 6100 990 5030
4040 6110 990 5010
4040 6110 990 5010
4030 6110 990 5010
4040 6110 990 5010
4040 6120 1000 5020
4040 6110 1000 5010
4040 6100 1000 5030
