4960 6400 1020 4400
4990 6410 1020 4400
5030 6410 1030 4410
4980 6410 1030 4400
4960 6400 1030 4400
5020 6400 1030 4400
4960 6400 1020 4400
5020 6390 1020 4400
5000 6390 1020 4400
4980 6400 1020 4410
4980 6390 1010 4400
4960 6390 1010 4410
4960 6390 1010 4410
5000 6400 1010 4410
4980 6400 1010 4400
5020 6400 1020 4400
4960 6390 1020 4410
4960 6390 1020 4400
4960 6390 1020 4400
4970 6400 1020 4410
5010 6400 1010 4400
5010 6400 1020 4400
4970 6400 1010 4400
4980 6410 1010 4400
5020 6400 1020 4400
4970 6390 1020 4400
4960 6400 1020 4410
5000 6390 1010 4400
4950 6400 1010 4400
5010 6400 1020 4400
4970 6400 1030 4400
5010 6400 1020 4400
5010 6400 1020 4400
5010 6400 1030 4420
5010 6410 1040 4410
4990 6410 1030 4400
4960 6410 1030 4400
5020 6400 1020 4390
5000 6390 1020 4390
5030 6400 1020 4400
5030 6390 1030 4410
5000 6380 1030 4410
4970 6380 1030 4410
4970 6380 1030 4410
4990 6390 1020 4400
5010 6400 1010 4410
5040 6400 1010 4400
5030 6410 1010 4400
4990 6410 1010 4400
4990 6410 1020 4390
5000 6410 1020 4380
4980 6410 1020 4400
4960 6400 1020 4400
4960 6400 1020 4400
4970 6400 1020 4400
4980 6410 1020 4400
4980 6420 1010 4400
5000 6420 1010 4400
4970 6420 1010 4410
4980 6420 1010 4400
4980 6420 1020 4400
4960 6410 1020 4400
5000 6410 1010 4400
4970 6400 1010 4400
4980 6410 1010 4390
5030 6400 1010 4390
5030 6400 1020 4390
5000 6400 1020 4390
5000 6400 1020 4390
4980 6400 1020 4390
4980 6400 1020 4390
4980 6410 1010 4400
5020 6410 1010 4400
5020 6420 1010 4400
5020 6420 1020 4420
5030 6410 1010 4400
5000 6410 1020 4390
4960 6410 1020 4390
4960 6410 1020 4400
5020 6400 1020 4400
4950 6410 1020 4400
4950 6410 1020 4400
5010 6400 1020 4400
5010 6390 1020 4410
4990 6390 1010 4400
4950 6390 1020 4400
4970 6400 1020 4400
5020 6390 1020 4380
4950 6390 1010 4380
4980 6390 1010 4400
4970 6400 1020 4400
4970 6400 1030 4420
4950 6400 1030 4420
4960 6400 1030 4410
4980 6400 1030 4410
5010 6400 1020 4410
4990 6410 1020 4420
4960 6400 1020 4430
4970 6410 1020 4410
5030 6410 1030 4410
4970 6420 1030 4420
5000 6410 1030 4410
4980 6410 1020 4400
5000 6410 1010 4400
4960 6410 1020 4400
5020 6410 1020 4410
4980 6400 1030 4400
5000 6400 1030 4410
4980 6400 1020 4400
4950 6400 1010 4400
4980 6400 1020 4400
4980 6400 1020 4400
4980 6400 1030 4420
5010 6400 1030 4400
5010 6400 1020 4400
4960 6400 1020 4410
4960 6400 1010 4410
4960 6400 1010 4410
4970 6400 1010 4400
4960 6390 1010 4410
5020 6380 1020 4400
5020 6390 1010 4400
4950 6400 1010 4400
4980 6390 1010 4400
4970 6390 1010 4400
4990 6390 1020 4400
5020 6390 1020 4400
4990 6390 1010 4400
4940 6400 1020 4400
4940 6400 1020 4400
4970 6400 1020 4400
4950 6400 1020 4390
4970 6400 1030 4400
4970 6410 1030 4400
4970 6400 1020 4410
4970 6400 1020 4400
4500 6860 1020 4390
4510 6860 1020 4400
4510 6920 1020 4390
4510 6870 1020 4400
4500 6880 1020 4400
4500 6860 1020 4400
4500 6860 1020 4400
4500 6880 1020 4400
4510 6900 1010 4400
4500 6900 1020 4400
4500 6920 1020 4410
4500 6920 1010 4400
4500 6900 1010 4410
4500 6890 1020 4400
4500 6850 1020 4400
4510 6850 1010 4410
4500 6920 1010 4400
4500 6850 1010 4400
4490 6910 1020 4400
4480 6890 1020 4400
4480 6850 1020 4400
4480 6870 1010 4400
4480 6860 1020 4410
4490 6870 1020 4400
4500 6890 1010 4400
4500 6870 1010 4410
4500 6900 1010 4400
4490 6890 1020 4410
4490 6910 1020 4400
4500 6850 1020 4400
4490 6860 1030 4400
4490 6840 1030 4410
4490 6870 1030 4410
4490 6870 1030 4410
4490 6880 1030 4400
4490 6900 1030 4400
4500 6890 1030 4400
4510 6930 1020 4400
4500 6870 1030 4400
4500 6890 1020 4390
4500 6890 1020 4390
4500 6910 1020 4400
4490 6870 1020 4400
4490 6870 1010 4390
4490 6870 1020 4390
4490 6890 1020 4400
4490 6860 1020 4400
4490 6870 1020 4400
4500 6890 1020 4420
4500 6910 1020 4410
4510 6910 1020 4400
4500 6910 1030 4400
4500 6890 1030 4410
4500 6910 1030 4400
4500 6850 1010 4390
4500 6860 1010 4390
4500 6860 1020 4410
4500 6880 1020 4400
4490 6870 1030 4400
4490 6870 1030 4400
4500 6890 1030 4410
4490 6900 1030 4410
4490 6890 1030 4410
4490 6870 1030 4400
4490 6890 1030 4400
4490 6930 1030 4400
4480 6930 1030 4400
4490 6930 1030 4400
4500 6910 1030 4400
4500 6890 1030 4390
4500 6870 1020 4410
4490 6890 1020 4400
4500 6930 1020 4400
4490 6910 1020 4410
4500 6890 1020 4400
4500 6910 1020 4410
4500 6890 1010 4420
4500 6870 1010 4410
4500 6930 1010 4420
4500 6910 1020 4420
4490 6910 1020 4410
4490 6880 1020 4410
4500 6930 1010 4410
4500 6890 1010 4400
4500 6900 1020 4410
4490 6890 1030 4410
4480 6890 1020 4410
4490 6910 1030 4410
4490 6920 1030 4400
4490 6900 1030 4400
4490 6930 1030 4400
4490 6920 1030 4410
4490 6860 1030 4400
4490 6920 1030 4400
4490 6920 1030 4400
4500 6920 1030 4400
4500 6900 1030 4410
4500 6910 1030 4410
4510 6850 1030 4410
4500 6850 1030 4400
4490 6910 1030 4410
4490 6920 1020 4420
4490 6860 1020 4410
4490 6850 1020 4400
4490 6850 1010 4400
4480 6850 1010 4410
4480 6890 1010 4430
4490 6880 1010 4430
4490 6870 1020 4430
4490 6890 1020 4400
4490 6880 1020 4390
4490 6880 1020 4400
4490 6900 1010 4390
4490 6910 1010 4390
4490 6940 1020 4390
4490 6890 1020 4390
4480 6880 1020 4390
4490 6880 1010 4400
4490 6880 1010 4400
4480 6900 1020 4410
4480 6920 1020 4410
4480 6880 1010 4410
4480 6870 1010 4410
4480 6870 1010 4410
4480 6860 1000 4400
4490 6900 1000 4400
4500 6860 1000 4400
4500 6870 1010 4400
4500 6890 1010 4400
4490 6850 1020 4400
4500 6850 1020 4400
4500 6900 1020 4400
4500 6900 1020 4400
4490 6900 1030 4400
4490 6870 1030 4400
4480 6930 1030 4410
4480 6910 1030 4410
4490 6860 1030 4400
4490 6860 1030 4400
4480 6900 1030 4400
