4550 6450 1000 4480
4550 6470 1010 4490
4540 6470 1020 4510
4550 6450 1020 4500
4550 6450 960 4500
4550 6480 980 4500
4550 6480 960 4500
4550 6470 960 4500
4550 6470 930 4500
4550 6480 1060 4500
4550 6490 1080 4500
4550 6480 1080 4500
4550 6480 1060 4490
4550 6470 1020 4520
4550 6450 1040 4520
4550 6470 1050 4530
4550 6450 1060 4520
4550 6450 1030 4510
4550 6450 990 4510
4540 6450 990 4510
4540 6480 1230 4510
4550 6480 1160 4500
4550 6470 1080 4500
4550 6450 1030 4490
4560 6470 990 4490
4560 6470 960 4490
4560 6480 960 4480
4570 6470 950 4490
4570 6480 950 4490
4560 6470 950 4500
4560 6470 950 4490
4560 6470 950 4500
4560 6490 940 4500
4560 6490 940 4490
4560 6490 940 4490
4560 6480 930 4500
4560 6490 910 4500
4550 6470 900 4500
4550 6470 880 4480
4550 6470 880 4480
4550 6480 870 4490
4550 6480 880 4490
4550 6480 900 4480
4560 6470 910 4480
4570 6470 900 4490
4570 6470 920 4490
4560 6440 940 4490
4560 6440 950 4490
4560 6440 960 4510
4560 6440 960 4500
4560 6470 960 4510
4560 6480 980 4490
4560 6480 1000 4490
4560 6470 1000 4490
4550 6470 1000 4500
4550 6470 1020 4490
4550 6470 1020 4470
4550 6470 980 4480
4550 6490 970 4470
4560 6480 960 4470
4550 6470 970 4470
4550 6470 950 4470
4550 6450 930 4470
4550 6450 920 4470
4550 6470 900 4470
4560 6470 910 4460
4560 6470 910 4450
4560 6470 920 4460
4570 6470 940 4470
4570 6470 940 4470
4570 6470 950 4480
4570 6470 950 4480
4560 6470 950 4480
4550 6450 930 4480
4550 6450 920 4480
4550 6480 920 4490
4550 6480 920 4480
4560 6480 910 4470
4570 6470 910 4480
4570 6450 920 4480
4570 6450 930 4490
4570 6450 930 4490
4560 6450 920 4480
4560 6450 910 4470
4550 6450 910 4470
4550 6440 920 4470
4550 6450 910 4480
4550 6450 910 4490
4560 6470 890 4490
4560 6480 880 4480
4560 6490 880 4480
4560 6490 890 4490
4560 6490 940 4520
4550 6490 1060 4530
4550 6470 1110 4500
4550 6470 1270 4500
4540 6480 1400 4500
4540 6480 1180 4500
4540 6490 1090 4500
4540 6490 1040 4490
4550 6470 1010 4490
4550 6470 980 4490
4550 6470 960 4490
4550 6470 940 4480
4550 6450 910 4510
4550 6480 920 4500
4550 6470 970 4500
4550 6470 970 4490
4550 6470 960 4490
4550 6470 950 4490
4550 6470 950 4480
4550 6470 930 4490
4550 6480 920 4480
4550 6480 940 4470
4550 6480 950 4470
4550 6470 960 4470
4550 6470 970 4470
4550 6480 970 4480
4550 6490 960 4480
4550 6490 960 4470
4550 6490 960 4470
4550 6490 960 4480
4550 6470 680 4640
4540 6450 670 4630
4540 6440 690 4640
4540 6450 660 4620
4540 6450 650 4600
4550 6430 650 4580
4550 6440 650 4620
4550 6440 650 4690
4550 6430 660 4690
4550 6440 670 4760
4550 6440 670 4820
4550 6450 670 4810
4550 6480 660 4840
4550 6480 660 4830
4560 6480 660 4810
4560 6480 650 4740
4550 6490 660 4710
4550 6480 660 4700
4550 6480 660 4660
4550 6450 650 4850
4550 6440 660 4970
4550 6450 670 4910
4550 6470 670 4810
4550 6480 670 4750
4540 6480 670 4750
4550 6480 680 4770
4560 6450 680 4730
4560 6450 680 4710
4550 6440 670 4680
4550 6470 680 4650
4550 6480 680 4620
4560 6480 670 4650
4550 6490 680 4670
4550 6480 680 4720
4550 6480 680 4770
4550 6450 660 4810
4550 6450 670 4830
4550 6450 670 4850
4550 6450 680 4880
4540 6450 660 4910
4550 6450 660 4920
4550 6450 660 4940
4550 6450 670 4880
4550 6470 670 4820
4550 6470 670 4790
4560 6480 660 4770
4560 6450 660 4760
4570 6470 660 4760
4570 6450 660 4740
4570 6450 660 4720
4570 6450 660 4710
4580 6450 660 4690
4580 6450 680 4680
4570 6470 680 4680
4570 6440 680 4690
4570 6450 670 4690
4570 6450 670 4680
4570 6450 670 4670
4570 6450 680 4680
4570 6440 670 4680
4560 6450 660 4700
4560 6480 640 4730
4560 6450 660 4800
4560 6450 650 4840
4560 6450 650 4890
4560 6470 660 4940
4560 6470 660 4940
4550 6470 670 5000
4560 6470 670 5020
4560 6470 670 5010
4560 6470 670 5000
4560 6470 670 4980
4560 6470 670 5030
4550 6490 670 4870
4550 6490 660 4770
4550 6480 660 4720
4550 6470 660 4670
4540 6440 670 4730
4540 6440 660 4680
4540 6470 660 4730
4540 6480 660 4820
4550 6480 660 4780
4550 6480 650 4690
4550 6480 660 4620
4540 6480 660 4570
4540 6480 680 4740
4550 6480 670 4690
4550 6480 650 4770
4560 6420 660 4680
4560 6420 650 4730
4550 6440 670 4830
4550 6440 670 4920
4550 6440 650 4910
4550 6440 640 4780
4550 6440 640 4690
4550 6450 650 4740
4550 6450 660 4810
4560 6470 670 4830
4560 6490 680 4880
4550 6490 670 4880
4550 6480 680 4910
4560 6440 670 4940
4560 6440 670 4970
4560 6420 660 5050
4560 6420 660 4950
4560 6420 660 4910
4560 6450 660 4850
4560 6450 680 4850
4560 6470 660 4920
