4600 6320 1020 4010
4600 6290 1020 4010
4600 6330 1020 4010
4600 6370 1020 4010
4610 6490 1020 4010
4610 6510 1020 4010
4610 6500 1020 4000
4610 6500 1010 4010
4610 6470 1020 4000
4600 6450 1020 4000
4580 6470 1020 4010
4580 6480 1010 4010
4600 6500 1010 4010
4600 6580 1010 4010
4600 6600 1020 4020
4600 6610 1020 4020
4610 6620 1020 4020
4610 6690 1020 4010
4610 6540 1010 4020
4610 6440 1010 4020
4600 6390 1020 4020
4600 6340 1020 4020
4600 6310 1010 4020
4600 6410 1010 4010
4600 6470 1010 4010
4610 6530 1010 4010
4600 6580 1020 4010
4600 6630 1010 4010
4600 6710 1020 4010
4600 6740 1020 4010
4600 6630 1030 4020
4600 6510 1030 4020
4610 6450 1020 4000
4610 6410 1020 4000
4610 6360 1020 4000
4600 6310 1020 4000
4610 6250 1020 4010
4610 6320 1010 4020
4610 6320 1010 4020
4600 6480 1010 4020
4600 6590 1010 4010
4610 6540 1010 4000
4610 6630 1010 3990
4610 6580 1010 4000
4610 6430 1010 4010
4610 6400 1010 4010
4610 6390 1010 4010
4610 6370 1010 4020
4610 6370 1010 4020
4610 6360 1010 4020
4610 6360 1010 4000
4610 6330 1010 4010
4610 6350 1010 4020
4610 6350 1010 4020
4610 6360 1020 4030
4600 6380 1020 4030
4600 6400 1020 4010
4580 6390 1020 4020
4580 6380 1020 4020
4600 6370 1020 4020
4600 6380 1020 4010
4600 6380 1010 4020
4600 6390 1020 4020
4600 6380 1010 4020
4600 6400 1010 4030
4600 6390 1020 4030
4580 6380 1010 4030
4600 6370 1010 4010
4600 6370 1010 4000
4600 6370 1010 3990
4580 6370 1010 3990
4600 6360 1010 3980
4600 6350 1010 3980
4600 6350 1010 3990
4600 6350 1010 3990
4600 6360 1010 3990
4600 6380 1010 3990
4600 6380 1010 4000
4600 6390 1010 4000
4610 6370 1010 4020
4610 6350 1010 4020
4610 6360 1020 4010
4610 6360 1020 4010
4610 6620 1010 4000
4610 6860 1010 4010
4610 6720 1020 4010
4610 6660 1010 4010
4610 6590 1010 4010
4610 6560 1020 4010
4600 6670 1030 4000
4600 6580 1030 4010
4600 6510 1030 4010
4580 6430 1030 4010
4580 6390 1030 3990
4580 6360 1010 4010
4580 6350 1010 4010
4580 6350 1010 3990
4580 6350 1010 4000
4600 6360 1030 4000
4600 6340 1030 4010
4600 6340 1030 4010
4580 6330 1030 4010
4580 6320 1030 4010
4580 6340 1030 4010
4580 6350 1030 4010
4580 6360 1020 4010
4580 6380 1010 4010
4580 6380 1020 4010
4580 6390 1030 4010
4580 6410 1030 4010
4580 6410 1030 4010
4580 6410 1030 4010
4600 6400 1030 4020
4600 6390 1010 4020
4600 6360 1010 4020
4600 6340 1020 4020
4600 6320 1020 4020
4580 6330 1020 4020
4600 6330 1020 4000
4580 6320 1020 3990
4600 6320 1020 4000
4600 6360 1030 4010
4600 6390 1030 4000
4600 6430 1030 4020
4610 6450 1030 4030
4600 6450 1010 4020
4610 6450 1010 4020
4610 6450 1010 4010
4610 6440 1010 4010
4610 6420 1020 4010
4610 6430 1030 4020
4610 6430 1030 4020
4610 6420 1030 4020
4610 6430 1010 4030
4610 6410 1010 4020
4600 6420 1020 4020
4580 6430 1020 4000
4600 6430 1030 4000
4600 6450 1030 4000
4600 6440 1020 3990
4600 6440 1020 4000
4600 6440 1020 4010
4600 6430 1020 4010
4600 6440 1030 4010
4600 6440 1030 4010
4580 6440 1030 4010
4580 6440 1030 4010
4580 6440 1020 4010
4580 6450 1030 4010
4600 6450 1030 4020
4600 6450 1030 4020
4600 6470 1030 4030
4600 6480 1030 4020
4610 6490 1030 4030
4600 6490 1030 4020
4600 6480 1030 4010
4610 6480 1020 4010
4610 6480 1030 4010
4610 6470 1030 4010
4610 6470 1030 4010
4600 6470 1030 4000
4600 6480 1030 4000
4600 6480 1020 4010
4600 6490 1020 4020
4600 6500 1010 4010
4600 6530 1020 4010
4600 6530 1010 4010
4600 6530 1010 4020
4600 6500 1010 4020
4600 6470 1020 4020
4610 6090 1010 4210
4600 6110 1010 4170
4600 6100 1020 4190
4600 6100 1010 4220
4600 6100 1010 4210
4600 6100 1010 4200
4610 6100 1010 4230
4610 6100 1020 4230
4610 6100 1020 4230
4610 6110 1020 4210
4610 6110 1010 4140
4610 6100 1010 4120
4600 6090 1020 4170
4600 6100 1020 4200
4600 6100 1010 4250
4600 6100 1010 4290
4600 6100 1020 4290
4600 6100 1020 4270
4600 6100 1020 4270
4600 6110 1020 4260
4600 6110 1020 4260
4600 6100 1010 4260
4600 6100 1020 4260
4600 6090 1020 4250
4600 6090 1020 4250
4600 6090 1020 4240
4600 6090 1020 4230
4600 6090 1010 4230
4600 6080 1010 4230
4600 6080 1010 4250
4600 6080 1010 4270
4600 6090 1010 4260
4600 6090 1020 4230
4600 6090 1010 4200
4610 6090 1020 4180
4600 6090 1020 4200
4600 6100 1020 4210
4600 6100 1020 4240
4600 6100 1020 4230
4600 6100 1020 4240
4600 6100 1010 4250
4600 6100 1010 4230
4600 6110 1010 4210
4600 6110 1010 4240
4600 6100 1010 4340
4600 6100 1010 4370
4600 6100 1010 4400
4610 6100 1020 4400
4610 6120 1020 4420
4610 6110 1020 4400
4610 6110 1010 4400
4610 6100 1010 4370
4600 6110 1020 4370
4600 6110 1020 4360
4600 6110 1010 4340
4600 6110 1010 4340
4600 6110 1010 4330
4610 6100 1010 4320
4610 6100 1010 4320
4610 6100 1010 4310
4610 6090 1010 4300
4610 6100 1020 4300
4610 6100 1010 4270
4610 6100 1010 4340
4600 6100 1010 4340
4600 6110 1010 4340
4600 6100 1010 4320
4580 6110 1010 4300
4580 6110 1010 4290
4580 6110 1010 4250
4600 6120 1010 4220
4600 6110 1010 4260
4580 6110 1010 4290
4580 6110 1010 4450
4600 6110 1010 4440
4600 6110 1010 4490
4600 6110 1010 4440
4600 6110 1020 4360
4600 6120 1030 4320
4600 6110 1020 4260
4600 6110 1020 4220
4600 6120 1020 4190
4600 6110 1010 4180
4610 6110 1010 4180
4610 6100 1010 4170
4610 6110 1010 4170
4610 6110 1010 4160
4610 6110 1010 4150
4620 6100 1010 4180
4620 6100 1020 4200
4610 6110 1010 4220
4610 6110 1010 4230
4610 6110 1010 4270
4610 6110 1010 4300
4610 6100 1010 4310
4610 6110 1010 4250
4610 6110 1010 4240
4610 6120 1010 4270
4600 6110 1010 4300
4610 6100 1020 4300
4610 6100 1020 4300
4620 6100 1010 4300
4630 6100 1010 4310
4630 6100 1010 4310
4630 6100 1010 4320
4620 6100 1010 4320
4620 6100 1020 4320
4620 6100 1020 4330
4610 6100 1020 4330
4610 6100 1020 4330
4610 6100 1020 4310
4610 6090 1020 4290
4610 6100 1020 4300
4610 6110 1010 4300
4600 6110 1010 4300
4600 6110 1010 4290
4600 6100 1010 4270
4600 6100 1010 4290
4610 6100 1010 4290
4610 6110 1010 4300
4610 6100 1010 4310
4610 6110 1020 4310
4600 6100 1010 4260
4600 6100 1010 4240
4610 6090 1010 4240
4610 6100 1010 4260
4610 6100 1020 4260
4600 6100 1020 4270
4600 6100 1010 4270
4600 6110 1010 4290
4600 6100 1010 4300
4600 6120 1020 4300
4600 6110 1020 4290
