4070 6180 1270 4120
4070 6160 1260 4110
4070 6220 1270 4110
4070 6170 1270 4110
4070 6200 1270 4120
4070 6150 1270 4120
4070 6160 1270 4120
4070 6220 1260 4110
4070 6200 1260 4110
4070 6160 1260 4110
4070 6200 1260 4110
4070 6230 1260 4110
4060 6180 1260 4110
4070 6180 1270 4110
4070 6200 1280 4110
4070 6180 1270 4110
4070 6230 1260 4120
4070 6200 1260 4120
4070 6170 1270 4120
4060 6220 1260 4120
4060 6220 1260 4120
4060 6150 1270 4120
4060 6190 1270 4120
4070 6160 1280 4120
4070 6210 1270 4130
4060 6180 1270 4120
4060 6210 1270 4120
4060 6190 1270 4120
4060 6160 1260 4120
4060 6170 1260 4120
4070 6190 1270 4120
4070 6190 1270 4120
4070 6170 1270 4120
4070 6170 1270 4120
4070 6170 1270 4120
4070 6240 1270 4110
4070 6180 1260 4110
4070 6190 1260 4110
4070 6190 1260 4110
4080 6190 1260 4110
4080 6170 1270 4110
4080 6160 1270 4120
4070 6150 1280 4120
4070 6170 1280 4120
4070 6150 1280 4110
4070 6200 1290 4110
4070 6180 1280 4110
4070 6160 1290 4120
4070 6170 1290 4120
4070 6190 1280 4110
4070 6190 1280 4110
4070 6170 1260 4110
4070 6170 1270 4110
4070 6190 1270 4110
4070 6160 1280 4110
4070 6180 1270 4110
4070 6200 1260 4110
4070 6160 1260 4120
4070 6180 1260 4120
4070 6240 1250 4120
4070 6240 1260 4120
4070 6210 1260 4120
4060 6180 1260 4120
4050 6180 1270 4120
4060 6170 1270 4120
4060 6220 1260 4120
4060 6200 1260 4120
4060 6230 1260 4130
4060 6190 1260 4120
4070 6170 1260 4110
4070 6210 1260 4110
4070 6200 1260 4120
4070 6170 1270 4120
4070 6210 1280 4120
4070 6230 1280 4120
4070 6170 1270 4130
4060 6230 1270 4130
4060 6210 1280 4110
4060 6190 1270 4110
4060 6200 1280 4110
4060 6180 1270 4120
4060 6210 1270 4120
4060 6230 1270 4110
4070 6160 1270 4120
4070 6190 1260 4110
4070 6190 1260 4110
4070 6210 1260 4110
4070 6230 1260 4120
4070 6250 1260 4120
4070 6220 1260 4120
4070 6220 1260 4120
4070 6240 1260 4120
4060 6220 1260 4120
4060 6240 1260 4130
4060 6190 1250 4130
4060 6210 1250 4130
4060 6250 1260 4130
4060 6200 1270 4130
4060 6240 1260 4130
4060 6230 1260 4120
4060 6270 1260 4120
4060 6220 1260 4120
4070 6270 1260 4120
4060 6240 1260 4120
4070 6240 1260 4120
4070 6210 1260 4120
4070 6260 1250 4120
4060 5750 1260 4650
4060 5750 1260 4590
4060 5730 1260 4610
4060 5720 1260 4620
4060 5720 1260 4600
4060 5720 1260 4570
4060 5710 1270 4590
4060 5710 1270 4590
4060 5700 1270 4570
4060 5700 1270 4600
4060 5700 1270 4630
4070 5720 1270 4580
4070 5730 1280 4590
4060 5720 1280 4640
4060 5710 1290 4610
4060 5710 1290 4600
4060 5700 1290 4570
4060 5690 1290 4590
4060 5690 1290 4590
4060 5700 1280 4630
4060 5700 1280 4590
4070 5710 1260 4610
4070 5720 1260 4600
4070 5710 1250 4580
4060 5710 1260 4600
4060 5700 1270 4620
4060 5700 1260 4590
4060 5710 1260 4630
4060 5710 1260 4610
4060 5710 1260 4590
4060 5710 1260 4650
4060 5700 1260 4640
4060 5700 1270 4600
4060 5700 1270 4640
4060 5700 1270 4620
4060 5700 1270 4590
4060 5700 1270 4590
4060 5700 1270 4640
4070 5700 1270 4620
4060 5700 1260 4600
4060 5690 1270 4590
4060 5690 1260 4590
4060 5710 1250 4590
4060 5720 1250 4590
4060 5720 1250 4610
4070 5710 1250 4610
4070 5710 1260 4590
4070 5700 1260 4610
4060 5700 1260 4600
4060 5700 1250 4600
4060 5710 1260 4610
4060 5700 1260 4630
4060 5710 1260 4590
4070 5710 1260 4590
4060 5720 1250 4620
4060 5720 1250 4620
4060 5730 1250 4580
4060 5710 1250 4600
4060 5710 1250 4620
4070 5710 1260 4600
4080 5710 1270 4640
4080 5700 1260 4580
4080 5710 1250 4570
4070 5720 1240 4590
4070 5710 1260 4600
4070 5710 1250 4580
4070 5700 1240 4570
4070 5690 1250 4570
4070 5710 1250 4590
4060 5710 1240 4590
4060 5710 1240 4600
4060 5720 1250 4600
4060 5730 1260 4640
4060 5740 1260 4580
4060 5730 1260 4590
4060 5730 1250 4630
4060 5730 1240 4610
4060 5720 1250 4630
4060 5720 1250 4630
4070 5710 1260 4570
4060 5710 1260 4590
4060 5710 1260 4610
4060 5720 1250 4590
4070 5720 1250 4580
4070 5720 1260 4600
4070 5720 1260 4590
4070 5700 1270 4580
4070 5700 1250 4590
4070 5700 1260 4590
4070 5700 1270 4610
4070 5710 1270 4590
4070 5710 1270 4590
4070 5710 1260 4590
4070 5720 1260 4630
4070 5710 1260 4570
4060 5710 1260 4570
4060 5720 1260 4560
4070 5720 1260 4610
4060 5710 1260 4610
4060 5690 1260 4580
4060 5690 1270 4590
4060 5700 1260 4570
4060 5700 1250 4580
4060 5700 1250 4570
4050 5700 1260 4600
4060 5700 1260 4580
4060 5700 1250 4580
4060 5710 1250 4620
4060 5710 1250 4570
4060 5710 1260 4640
