4170 5330 1660 4160
4130 5330 1670 4160
4130 5320 1660 4160
4110 5340 1670 4150
4140 5340 1670 4150
4160 5330 1670 4160
4100 5340 1670 4160
4120 5340 1670 4160
4160 5330 1670 4160
4120 5350 1670 4180
4100 5350 1670 4180
4120 5370 1660 4160
4100 5360 1660 4160
4110 5360 1660 4160
4130 5350 1660 4160
4110 5340 1660 4160
4090 5350 1660 4160
4150 5340 1670 4160
4110 5340 1670 4160
4130 5340 1660 4170
4120 5330 1670 4160
4100 5360 1670 4160
4140 5350 1670 4150
4090 5350 1670 4150
4130 5340 1670 4150
4070 5350 1660 4140
4070 5340 1660 4150
4110 5360 1650 4150
4140 5330 1650 4150
4100 5330 1650 4150
4080 5320 1650 4150
4110 5320 1650 4160
4090 5320 1650 4160
4130 5310 1650 4140
4090 5300 1650 4150
4150 5290 1650 4160
4090 5290 1660 4160
4150 5310 1660 4160
4150 5340 1660 4160
4080 5360 1660 4160
4100 5360 1670 4150
4100 5350 1680 4140
4100 5340 1670 4140
4100 5330 1670 4140
4090 5310 1670 4150
4090 5310 1670 4150
4080 5320 1670 4140
4070 5320 1680 4150
4090 5320 1680 4140
4090 5330 1670 4150
4140 5350 1670 4140
4140 5360 1670 4130
4100 5340 1670 4150
4100 5350 1670 4150
4100 5340 1670 4150
4140 5340 1670 4160
4100 5340 1670 4160
4100 5350 1670 4150
4080 5350 1670 4160
4100 5320 1670 4150
4080 5310 1670 4160
4150 5300 1660 4160
4110 5300 1660 4140
4150 5310 1660 4140
4130 5340 1660 4140
4080 5330 1660 4160
4140 5330 1660 4170
4080 5340 1670 4160
4150 5330 1670 4160
4130 5330 1670 4160
4150 5330 1670 4150
4090 5340 1670 4150
4090 5330 1670 4160
4100 5340 1670 4160
4130 5350 1660 4150
4130 5330 1660 4150
4090 5350 1660 4140
4090 5330 1670 4150
4150 5340 1670 4140
4100 5350 1670 4150
4080 5350 1670 4140
4080 5340 1670 4130
4080 5330 1670 4140
4110 5320 1670 4130
4110 5320 1670 4130
4140 5320 1670 4140
4120 5330 1670 4130
4120 5330 1660 4130
4150 5340 1660 4130
4140 5350 1660 4130
4120 5350 1670 4130
4080 5360 1660 4130
4140 5360 1670 4140
4090 5340 1670 4140
4140 5350 1670 4140
4090 5330 1670 4160
4150 5350 1670 4150
4150 5350 1670 4150
4140 5350 1660 4150
4130 5360 1660 4150
4140 5340 1660 4140
4160 5340 1660 4140
4090 5340 1660 4140
4090 5360 1670 4150
4150 5370 1670 4150
4150 5380 1670 4150
4110 5370 1670 4150
4090 5330 1660 4150
4120 5330 1670 4140
4100 5340 1660 4140
4120 5350 1660 4150
4100 5350 1660 4160
4130 5370 1670 4150
4110 5370 1670 4150
4150 5370 1670 4140
4120 5380 1670 4150
4130 5380 1670 4150
4090 5370 1670 4140
4150 5370 1680 4140
4090 5350 1680 4150
4070 5350 1680 4150
4130 5330 1680 4160
4120 5330 1690 4170
4100 5340 1690 4180
4100 5340 1680 4190
4130 5340 1670 4180
4070 5340 1670 4170
4070 5330 1670 4170
4130 5320 1670 4170
4090 5320 1670 4160
4070 5320 1670 4160
4080 5340 1670 4150
4080 5340 1670 4160
4070 5340 1680 4150
4070 5340 1680 4170
4130 5350 1680 4150
4070 5340 1670 4160
4090 5330 1670 4150
4080 5340 1670 4150
4080 5350 1670 4140
4070 5340 1670 4160
4070 5350 1680 4160
4090 5350 1680 4150
4090 5350 1680 4150
4130 5350 1670 4150
4140 5340 1680 4150
4080 5350 1680 4150
4100 5340 1680 4150
4140 5340 1680 4150
4130 5350 1680 4170
4090 5350 1670 4170
4090 5360 1670 4160
4120 5360 1660 4180
3620 5360 1660 4680
3610 5360 1670 4710
3610 5340 1670 4660
3600 5330 1670 4690
3600 5330 1680 4620
3600 5320 1680 4640
3600 5320 1680 4660
3600 5320 1670 4680
3590 5340 1680 4680
3600 5330 1680 4680
3600 5330 1680 4640
3600 5320 1680 4650
3600 5320 1680 4640
3600 5330 1680 4620
3600 5330 1680 4630
3600 5360 1680 4640
3610 5360 1690 4660
3630 5370 1680 4660
3630 5370 1680 4630
3620 5360 1670 4630
3620 5340 1670 4630
3610 5330 1670 4690
3610 5340 1660 4650
3610 5360 1660 4670
3610 5330 1660 4650
3610 5330 1670 4680
3610 5350 1670 4610
3600 5350 1670 4630
3600 5350 1680 4680
3600 5360 1680 4610
3600 5360 1680 4610
3610 5360 1670 4620
3610 5350 1680 4630
3610 5350 1680 4660
3610 5360 1680 4630
3610 5390 1680 4630
3610 5360 1670 4670
3610 5340 1670 4640
3610 5350 1670 4680
3610 5340 1680 4660
3610 5340 1680 4630
3610 5350 1680 4630
3610 5340 1680 4660
3620 5340 1670 4650
3630 5350 1670 4680
3630 5360 1670 4610
3650 5350 1670 4680
3630 5370 1680 4680
3650 5380 1680 4630
3640 5370 1670 4620
3620 5360 1670 4630
3620 5350 1670 4630
3610 5330 1660 4690
3600 5340 1660 4640
3600 5350 1660 4620
3600 5330 1670 4620
3600 5340 1680 4620
3590 5340 1670 4680
3590 5340 1670 4630
3590 5350 1670 4700
3600 5340 1670 4660
3600 5340 1670 4680
3590 5340 1680 4660
3600 5330 1670 4640
3600 5340 1670 4620
3590 5360 1670 4620
3580 5350 1670 4640
3590 5350 1680 4640
3600 5350 1690 4660
3590 5350 1690 4620
3590 5370 1680 4680
3590 5350 1680 4680
3600 5350 1680 4620
3620 5360 1680 4640
3640 5350 1680 4630
3630 5350 1680 4690
3630 5330 1690 4640
3630 5340 1680 4660
3640 5340 1680 4640
3640 5340 1680 4660
3630 5330 1680 4710
3630 5360 1680 4700
3630 5360 1680 4660
3620 5350 1680 4660
3620 5360 1680 4690
3620 5360 1680 4640
3620 5360 1680 4640
3620 5340 1690 4620
3630 5330 1680 4640
3630 5350 1680 4620
3630 5350 1670 4670
3630 5360 1670 4620
3630 5360 1670 4630
3630 5340 1670 4630
3630 5340 1670 4640
3630 5330 1680 4680
3640 5340 1670 4700
3640 5350 1670 4640
3640 5340 1670 4670
3630 5350 1670 4640
3630 5350 1670 4650
3640 5360 1670 4660
3630 5360 1670 4620
3630 5340 1670 4680
3620 5350 1670 4650
3620 5330 1670 4660
3620 5330 1670 4630
3630 5330 1670 4660
3630 5320 1670 4670
3630 5310 1680 4640
3630 5310 1680 4630
3640 5330 1680 4660
3650 5340 1680 4660
3630 5330 1670 4610
3630 5330 1680 4660
3640 5340 1680 4690
3640 5360 1680 4690
3640 5380 1680 4630
3630 5370 1670 4630
3630 5350 1670 4680
3620 5340 1670 4630
3590 5360 1680 4610
3590 5350 1680 4620
3590 5360 1680 4650
3590 5360 1680 4650
3590 5370 1670 4670
3580 5340 1670 4670
3590 5350 1680 4610
3600 5370 1680 4680
3600 5370 1690 4630
3590 5360 1680 4690
3590 5360 1680 4690
3600 5360 1680 4640
3620 5360 1680 4680
3610 5370 1680 4670
3610 5370 1670 4610
3610 5370 1680 4680
3610 5370 1670 4610
3600 5370 1670 4660
3610 5350 1670 4620
3610 5340 1670 4670
3610 5330 1670 4620
3620 5320 1670 4660
3620 5320 1670 4640
3620 5340 1670 4680
3610 5360 1670 4610
3620 5360 1670 4660
3620 5350 1670 4610
3600 5360 1670 4620
3600 5360 1670 4680
