3120 5230 2140 4390
3120 5410 2150 4390
3130 5400 2150 4390
3130 5340 2150 4390
3140 5280 2150 4390
3130 5230 2140 4380
3130 5190 2140 4390
3130 5160 2140 4390
3130 5160 2150 4380
3120 5150 2150 4370
3120 5140 2150 4370
3120 5150 2150 4370
3120 5160 2150 4370
3120 5160 2150 4370
3110 5160 2150 4370
3120 5150 2150 4370
3120 5140 2150 4380
3120 5140 2150 4380
3120 5170 2150 4390
3120 5250 2150 4390
3110 5280 2140 4370
3120 5310 2140 4380
3130 5330 2140 4380
3130 5330 2150 4380
3120 5330 2140 4380
3120 5360 2140 4390
3120 5380 2150 4380
3120 5350 2150 4390
3120 5310 2160 4390
3120 5270 2150 4390
3110 5230 2150 4380
3120 5250 2150 4390
3120 5210 2140 4400
3130 5210 2140 4390
3130 5250 2140 4390
3120 5250 2150 4380
3120 5230 2160 4390
3130 5210 2160 4400
3140 5230 2160 4390
3130 5230 2170 4380
3120 5210 2170 4390
3120 5210 2160 4400
3110 5230 2150 4380
3110 5230 2150 4380
3120 5240 2160 4390
3120 5250 2160 4390
3110 5270 2140 4390
3110 5310 2150 4390
3110 5350 2150 4380
3120 5410 2160 4370
3120 5480 2160 4380
3130 5570 2160 4380
3130 5630 2160 4380
3130 5660 2160 4380
3130 5670 2150 4400
3130 5690 2150 4400
3140 5680 2140 4390
3150 5700 2150 4390
3140 5660 2140 4380
3130 5580 2130 4370
3130 5510 2120 4370
3120 5420 2140 4360
3110 5400 2140 4360
3110 5400 2140 4360
3130 5400 2140 4360
3130 5390 2150 4350
3130 5370 2150 4380
3130 5390 2150 4380
3140 5390 2150 4400
3140 5370 2140 4400
3130 5340 2150 4400
3130 5310 2150 4410
3130 5270 2140 4410
3130 5250 2140 4400
3130 5250 2140 4410
3130 5260 2140 4400
3130 5260 2140 4410
3130 5280 2150 4400
3130 5290 2150 4400
3120 5310 2160 4400
3110 5320 2130 4390
3110 5340 2150 4380
3120 5350 2150 4380
3120 5350 2150 4390
3120 5350 2150 4400
3120 5350 2140 4410
3120 5330 2140 4400
3130 5320 2140 4390
3130 5320 2140 4400
3140 5320 2140 4400
3140 5320 2140 4400
3140 5330 2140 4380
3140 5330 2130 4380
3150 5330 2130 4380
3120 5020 2150 4620
3130 5020 2150 4680
3140 5020 2150 4650
3130 5020 2140 4740
3130 5010 2140 4840
3130 5020 2130 4910
3130 5010 2130 4830
3120 5010 2140 4870
3120 5010 2140 4870
3110 5020 2140 4820
3120 5020 2140 4800
3110 5020 2140 4800
3110 5020 2140 4800
3110 5020 2140 4810
3120 5020 2150 4810
3120 5020 2140 4810
3130 5020 2130 4840
3140 5020 2140 4880
3140 5000 2130 4980
3140 5000 2130 5000
3140 4990 2140 4930
3130 4990 2140 4910
3130 5000 2140 4910
3130 5020 2140 4730
3130 5020 2140 4750
3130 5020 2140 4820
3130 5020 2140 4830
3140 5020 2140 4820
3140 5020 2140 4820
3140 5020 2140 4810
3150 5020 2150 4800
3150 5020 2140 4800
3130 5020 2140 4790
3140 5020 2140 4790
3140 5020 2140 4790
3140 5000 2140 4790
3140 5010 2140 4790
3140 5010 2140 4830
3140 5010 2140 4810
3130 5010 2140 4700
3120 5010 2140 4610
3130 5010 2150 4540
3130 5010 2140 4600
3130 5010 2140 4630
3120 5010 2140 4650
3110 5010 2130 4680
3110 5010 2140 4690
3120 5010 2140 4710
3130 5010 2140 4720
3130 5000 2140 4720
3120 5000 2140 4740
3120 5010 2140 4740
3110 5000 2140 4730
3110 5010 2150 4710
3120 5010 2150 4690
3120 5010 2150 4670
3130 5020 2160 4670
3120 5020 2160 4670
3120 5020 2160 4680
3110 5010 2150 4680
3120 4990 2140 4680
3110 4990 2140 4710
3110 4990 2140 4700
3120 4990 2140 4700
3120 4990 2130 4700
3120 5000 2130 4700
3110 5000 2140 4700
3110 5010 2140 4690
3100 5010 2150 4690
3130 5000 2150 4680
3130 5000 2150 4670
3120 5000 2140 4660
3130 5010 2140 4650
3140 5000 2140 4630
3140 5010 2140 4630
3130 5020 2140 4630
3130 5020 2150 4620
3130 5030 2150 4610
3140 5030 2140 4600
3130 5020 2140 4580
3130 5020 2150 4580
3120 5010 2150 4540
3110 5010 2150 4530
3110 5010 2150 4510
3110 5010 2150 4500
3100 5010 2150 4500
3100 5010 2150 4490
3100 5000 2150 4490
3110 5000 2150 4500
3120 5000 2150 4510
3120 5000 2150 4520
3130 5000 2150 4530
3130 5000 2150 4530
3120 5010 2150 4530
3130 5010 2140 4510
3130 5020 2150 4510
3130 5020 2140 4520
3130 5020 2150 4530
3130 5020 2150 4540
3120 5020 2160 4540
3120 5020 2150 4540
3120 5020 2150 4540
3110 5030 2160 4530
3110 5020 2150 4510
3120 5020 2150 4480
3120 5030 2150 4470
3110 5010 2150 4450
3110 5010 2160 4430
3110 5010 2150 4440
3120 5020 2150 4440
3120 5020 2150 4440
3120 5010 2140 4440
3110 5010 2140 4450
3130 5010 2140 4470
3140 5020 2140 4490
3140 5020 2140 4510
3120 5020 2140 4530
3130 5020 2140 4540
3120 5020 2150 4540
3120 5020 2150 4540
3120 5010 2150 4540
3130 5010 2150 4550
3140 5020 2150 4560
3140 5020 2150 4570
3140 5020 2150 4570
3150 5020 2150 4570
3120 5020 2150 4580
3130 5020 2150 4580
3130 5020 2150 4580
3120 5020 2150 4600
3120 5010 2150 4600
3120 5000 2150 4580
3120 5000 2160 4580
