3110 4740 2590 4710
3160 4730 2580 4710
3050 4730 2590 4710
3050 4740 2580 4710
3090 4750 2580 4710
3140 4750 2580 4710
3200 4750 2580 4710
3270 4750 2580 4710
3320 4730 2580 4710
3360 4730 2580 4710
3380 4730 2580 4710
3420 4740 2580 4710
3300 4740 2580 4710
3310 4740 2580 4710
3250 4750 2580 4710
3130 4750 2570 4710
3070 4730 2570 4710
3030 4740 2570 4720
3000 4740 2580 4720
2950 4740 2580 4710
2930 4750 2570 4710
2920 4740 2580 4710
2960 4750 2580 4710
3220 4750 2580 4710
3290 4750 2580 4720
3330 4750 2580 4710
3380 4760 2590 4710
3120 4740 2590 4710
3100 4730 2580 4710
3030 4740 2580 4720
3030 4740 2580 4710
3030 4730 2580 4710
3030 4730 2580 4710
3020 4730 2580 4710
3050 4730 2580 4710
2990 4730 2580 4720
3020 4730 2580 4720
3020 4720 2580 4710
3030 4720 2580 4720
3060 4720 2590 4710
3070 4720 2590 4710
3060 4730 2590 4710
3050 4740 2580 4710
3010 4750 2580 4710
2990 4730 2580 4710
2980 4720 2580 4710
2980 4730 2580 4710
2980 4720 2590 4710
3010 4720 2580 4710
3090 4730 2580 4710
3200 4730 2580 4710
3250 4740 2580 4710
3330 4750 2570 4710
3370 4760 2580 4710
3370 4760 2590 4710
3340 4760 2590 4710
3220 4760 2590 4710
3290 4760 2590 4710
3340 4760 2590 4710
3360 4760 2590 4720
3380 4760 2600 4710
3410 4750 2600 4710
3440 4750 2610 4710
3450 4720 2600 4710
3450 4720 2590 4710
3450 4730 2580 4710
3330 4750 2590 4710
3180 4750 2590 4710
3100 4750 2590 4710
3060 4760 2600 4710
3160 4770 2600 4710
3110 4750 2580 4710
3060 4760 2590 4710
3110 4750 2580 4710
3130 4750 2580 4710
3140 4750 2590 4710
3140 4750 2580 4700
3140 4750 2590 4710
3120 4740 2590 4720
3100 4730 2590 4710
3220 4740 2590 4710
3170 4760 2580 4730
3130 4740 2590 4720
3090 4720 2580 4720
3070 4720 2580 4710
3030 4720 2580 4720
3090 4730 2580 4710
3120 4730 2580 4720
3160 4730 2580 4710
3190 4740 2580 4720
3200 4740 2580 4710
3230 4750 2580 4710
3260 4750 2580 4710
3270 4740 2580 4710
3280 4750 2580 4710
3290 4750 2580 4710
3300 4750 2580 4710
3300 4750 2580 4710
3300 4750 2580 4710
3300 4750 2580 4710
3300 4750 2580 4700
2660 5090 2580 4700
2660 5300 2580 4700
2660 5180 2580 4700
2650 5160 2580 4700
2650 5190 2580 4710
2650 5160 2590 4710
2650 5120 2590 4710
2660 5120 2580 4710
2660 5110 2580 4710
2660 5080 2590 4700
2650 4970 2580 4700
2650 4940 2580 4710
2650 4990 2580 4720
2660 4940 2580 4710
2670 4970 2580 4710
2670 4980 2580 4710
2670 5000 2580 4710
2660 5020 2580 4710
2660 5020 2580 4710
2660 5020 2580 4710
2660 5030 2590 4700
2660 5040 2580 4710
2660 5090 2580 4710
2660 5050 2580 4720
2660 5030 2580 4730
2660 5000 2580 4730
2660 4970 2580 4730
2660 4960 2580 4720
2660 4970 2580 4710
2660 5000 2580 4710
2660 5040 2580 4710
2660 5300 2580 4710
2660 5400 2590 4710
2660 5470 2590 4710
2650 5500 2590 4710
2650 5510 2590 4710
2660 5440 2590 4710
2660 5370 2580 4700
2660 5300 2580 4700
2660 5230 2580 4700
2660 5180 2580 4700
2660 5150 2580 4700
2660 5130 2580 4710
2660 5210 2580 4720
2670 5080 2580 4720
2660 4980 2580 4720
2650 4960 2580 4720
2660 4920 2580 4720
2660 4940 2570 4710
2670 4940 2570 4720
2660 4980 2580 4720
2660 5000 2580 4710
2650 4970 2580 4710
2660 4920 2580 4710
2660 4910 2580 4710
2670 5010 2580 4710
2660 5040 2580 4710
2660 5080 2580 4710
2650 5180 2580 4710
2650 5310 2580 4710
2650 5310 2580 4710
2660 5310 2580 4710
2660 5310 2580 4710
2650 5260 2580 4710
2660 5250 2580 4710
2660 5280 2580 4710
2660 5370 2580 4710
2650 5420 2580 4710
2640 5460 2590 4700
2640 5390 2580 4700
2650 5320 2580 4700
2660 5230 2580 4700
2680 5090 2580 4700
2670 5060 2580 4710
2670 5040 2580 4700
2670 5020 2580 4700
2670 4990 2580 4700
2670 4970 2580 4710
2670 4930 2580 4710
2670 4920 2580 4710
2670 4920 2580 4710
2660 4890 2580 4720
2670 4880 2580 4720
2660 4880 2580 4720
2660 4880 2580 4710
2670 4890 2580 4710
2670 4890 2580 4710
2670 4880 2580 4720
2680 4910 2580 4710
2660 4940 2580 4710
2660 4940 2580 4710
2670 4950 2580 4710
2670 4950 2580 4710
2670 4970 2580 4710
2670 4990 2580 4710
2670 4980 2580 4710
2660 4950 2580 4710
2660 4940 2580 4720
2660 4930 2580 4720
2670 4910 2580 4720
2670 4890 2570 4720
2660 4880 2570 4710
2660 4880 2570 4720
2660 4880 2570 4720
2670 4880 2580 4710
2670 4870 2570 4710
2680 4880 2570 4710
2680 4870 2580 4720
2660 4890 2570 4710
2660 4910 2580 4710
2660 4920 2580 4710
2660 4930 2580 4710
2660 4950 2580 4710
