2550 4530 3080 5070
2550 4520 3080 5060
2590 4530 3080 5060
2540 4530 3080 5060
2490 4530 3080 5060
2430 4530 3080 5070
2390 4530 3080 5060
2400 4530 3070 5060
2460 4530 3070 5060
2460 4520 3080 5070
2430 4510 3080 5060
2420 4500 3080 5060
2400 4500 3080 5060
2400 4510 3080 5060
2390 4510 3080 5060
2390 4520 3080 5060
2400 4520 3080 5060
2400 4520 3080 5060
2400 4520 3080 5060
2370 4520 3080 5060
2370 4520 3080 5060
2370 4520 3090 5060
2400 4520 3080 5060
2440 4520 3080 5070
2460 4520 3060 5070
2480 4520 3060 5070
2470 4520 3060 5070
2480 4530 3070 5070
2470 4530 3070 5070
2480 4530 3070 5080
2460 4530 3070 5070
2460 4540 3060 5070
2460 4540 3060 5070
2530 4550 3080 5070
2490 4550 3080 5070
2490 4540 3080 5070
2490 4540 3080 5070
2500 4540 3080 5070
2460 4540 3090 5070
2470 4540 3090 5070
2490 4540 3080 5070
2480 4550 3080 5080
2470 4550 3080 5080
2490 4550 3080 5070
2490 4550 3080 5070
2490 4530 3070 5070
2480 4530 3060 5070
2480 4530 3060 5070
2460 4540 3060 5070
2440 4550 3060 5070
2420 4540 3060 5070
2420 4540 3070 5050
2440 4540 3070 5060
2440 4530 3070 5070
2440 4520 3070 5070
2440 4520 3070 5060
2440 4540 3060 5060
2440 4540 3060 5060
2460 4540 3070 5050
2500 4540 3060 5050
2530 4540 3070 5060
2550 4540 3070 5060
2570 4540 3070 5060
2560 4540 3090 5070
2540 4530 3110 5060
2510 4550 3110 5060
2460 4540 3110 5080
2430 4540 3110 5070
2420 4550 3100 5070
2370 4550 3100 5070
2430 4550 3090 5070
2480 4540 3080 5070
2550 4530 3070 5070
2590 4530 3070 5070
2530 4550 3070 5070
2550 4540 3070 5060
2520 4550 3070 5060
2510 4520 3060 5060
2530 4520 3070 5060
2500 4520 3070 5060
2520 4520 3070 5070
2470 4520 3080 5060
2350 4540 3080 5070
2340 4540 3080 5070
2360 4540 3080 5070
2360 4550 3080 5070
2380 4550 3080 5080
2390 4550 3080 5080
2380 4550 3080 5070
2350 4550 3080 5060
2350 4520 3070 5050
2340 4520 3070 5060
2330 4520 3080 5060
2320 4520 3080 5050
2290 4520 3080 5050
2290 4530 3080 5050
2300 4520 3080 5060
2300 4530 3080 5060
2310 4530 3080 5060
2310 4530 3080 5050
2300 4530 3080 5050
2310 4540 3070 5050
2330 4540 3070 5060
2330 4540 3070 5060
2200 4510 3070 5240
2200 4510 3070 5200
2190 4510 3070 5210
2190 4520 3070 5210
2200 4530 3070 5210
2200 4530 3070 5250
2200 4530 3070 5270
2210 4530 3060 5270
2200 4530 3060 5260
2200 4530 3070 5340
2210 4550 3070 5590
2210 4520 3070 5740
2210 4520 3080 5590
2200 4520 3080 5510
2200 4520 3070 5460
2200 4520 3070 5420
2200 4520 3070 5410
2200 4530 3070 5420
2200 4530 3070 5410
2210 4530 3070 5420
2200 4540 3070 5440
2200 4530 3070 5470
2200 4520 3070 5500
2200 4530 3080 5500
2200 4530 3070 5460
2200 4530 3070 5460
2200 4530 3080 5450
2200 4530 3080 5450
2190 4530 3070 5450
2180 4540 3060 5450
2190 4540 3060 5460
2200 4540 3060 5470
2200 4530 3080 5480
2210 4530 3080 5500
2200 4530 3080 5490
2200 4530 3070 5510
2190 4530 3070 5500
2200 4530 3080 5430
2210 4530 3080 5430
2200 4520 3080 5440
2200 4520 3070 5440
2210 4520 3060 5440
2200 4520 3060 5430
2200 4530 3060 5440
2200 4540 3070 5480
2200 4540 3070 5320
2190 4540 3070 5270
2190 4530 3070 5270
2190 4540 3070 5300
2180 4530 3060 5260
2190 4520 3060 5240
2200 4520 3060 5210
2220 4540 3050 5200
2210 4540 3060 5190
2220 4530 3060 5160
2220 4520 3060 5130
2220 4520 3060 5150
2210 4530 3070 5210
2220 4530 3070 5230
2200 4530 3070 5240
2200 4530 3070 5250
2200 4520 3080 5320
2200 4520 3070 5380
2200 4530 3070 5410
2200 4530 3070 5400
2200 4530 3070 5370
2200 4520 3070 5360
2200 4530 3070 5480
2200 4530 3070 5560
2210 4530 3080 5620
2210 4520 3070 5670
2210 4520 3070 5690
2210 4530 3070 5700
2200 4540 3070 5690
2190 4530 3070 5670
2180 4520 3070 5670
2180 4520 3070 5650
2200 4520 3070 5660
2200 4520 3070 5690
2200 4530 3080 5680
2210 4550 3080 5710
2200 4550 3080 5700
2200 4540 3070 5680
2200 4550 3070 5670
2200 4560 3070 5670
2190 4540 3070 5710
2200 4530 3060 5770
2200 4530 3070 5630
2200 4530 3070 5520
2210 4530 3070 5440
2190 4530 3070 5370
2190 4520 3070 5510
2200 4520 3060 5500
2200 4520 3060 5480
2180 4520 3060 5480
2180 4510 3060 5590
2190 4510 3060 5490
2200 4520 3060 5540
2200 4520 3060 5490
2190 4530 3060 5420
2190 4530 3060 5340
2190 4530 3060 5310
2200 4530 3070 5310
2200 4530 3070 5330
2200 4520 3070 5420
2190 4520 3060 5540
2190 4510 3060 5630
2210 4520 3070 5710
2200 4510 3060 5750
2200 4520 3060 5780
2200 4530 3060 5800
2200 4530 3060 5730
2200 4530 3070 5590
2200 4530 3060 5470
2200 4530 3060 5600
2210 4530 3060 5420
2200 4530 3060 5460
2200 4540 3060 5540
2200 4550 3060 5610
2190 4550 3070 5440
2190 4540 3070 5320
2190 4540 3070 5330
2180 4540 3070 5360
2180 4530 3070 5370
2200 4520 3070 5320
2210 4520 3080 5320
2210 4520 3070 5390
2200 4520 3070 5370
2200 4520 3070 5340
2200 4520 3070 5320
2200 4520 3070 5410
2190 4530 3070 5310
2190 4520 3070 5300
2190 4520 3070 5240
2190 4520 3070 5160
2190 4530 3060 5320
2200 4550 3060 5380
2200 4540 3060 5430
2190 4530 3060 5450
