1710 4800 3610 5300
1710 4780 3610 5300
1710 4800 3600 5310
1700 4840 3600 5310
1710 4780 3600 5310
1710 4800 3590 5310
1710 4810 3610 5290
1700 4850 3600 5300
1700 4830 3600 5300
1700 4790 3600 5300
1710 4780 3600 5300
1690 4780 3600 5300
1680 4780 3590 5290
1690 4800 3590 5300
1690 4790 3590 5300
1700 4770 3590 5300
1700 4820 3590 5310
1700 4830 3590 5310
1690 4840 3590 5310
1700 4780 3590 5310
1710 4850 3600 5310
1700 4860 3600 5310
1700 4840 3600 5300
1690 4810 3600 5300
1690 4830 3610 5310
1690 4850 3610 5320
1690 4850 3600 5310
1680 4820 3590 5310
1700 4820 3590 5310
1700 4800 3580 5310
1700 4820 3580 5310
1690 4800 3580 5300
1690 4800 3580 5300
1700 4860 3590 5300
1690 4820 3590 5310
1700 4860 3600 5300
1700 4810 3610 5300
1700 4810 3610 5300
1700 4800 3600 5300
1700 4800 3590 5300
1700 4780 3590 5300
1700 4840 3600 5300
1690 4800 3610 5310
1690 4800 3610 5310
1690 4800 3610 5310
1690 4840 3610 5310
1700 4780 3610 5310
1700 4780 3610 5300
1710 4780 3600 5300
1710 4780 3600 5290
1720 4820 3600 5290
1700 4800 3590 5300
1690 4840 3590 5310
1700 4800 3600 5310
1700 4830 3600 5300
1690 4850 3600 5310
1690 4790 3600 5310
1690 4810 3600 5310
1700 4860 3590 5320
1700 4840 3590 5320
1700 4800 3590 5320
1700 4820 3600 5320
1690 4820 3610 5320
1700 4820 3600 5320
1690 4860 3600 5320
1700 4860 3600 5310
1700 4840 3610 5310
1710 4840 3610 5320
1710 4840 3610 5310
1710 4860 3620 5320
1710 4800 3610 5320
1710 4860 3600 5320
1710 4860 3610 5310
1710 4800 3610 5310
1710 4800 3610 5310
1710 4840 3620 5310
1710 4860 3610 5310
1710 4860 3600 5310
1710 4860 3610 5310
1710 4840 3600 5300
1700 4840 3610 5310
1700 4800 3600 5310
1700 4810 3600 5300
1690 4790 3600 5310
1700 4790 3600 5310
1700 4810 3610 5300
1690 4840 3610 5290
1700 4820 3610 5290
1700 4800 3610 5290
1700 4810 3610 5300
1700 4830 3610 5300
1690 4850 3610 5310
1690 4790 3620 5310
1700 4840 3620 5320
1700 4820 3610 5320
1690 4810 3610 5320
1690 4810 3620 5320
1690 4850 3620 5320
1690 4810 3610 5320
1680 4800 3610 5310
1680 4850 3620 5310
1690 4850 3610 5310
1680 4800 3620 5300
1680 4860 3620 5300
1670 4800 3620 5310
1680 4800 3610 5320
1680 4820 3610 5320
1670 4840 3610 5320
1670 4840 3610 5320
1670 4840 3610 5320
1680 4790 3610 5320
1700 4790 3610 5320
1700 4830 3600 5320
1710 4780 3600 5320
1690 4800 3610 5320
1700 4800 3610 5310
1710 4840 3610 5310
1720 4820 3610 5310
1720 4820 3610 5310
1710 4840 3610 5310
1700 4780 3600 5310
1700 4780 3600 5310
1690 4320 3600 5770
1700 4330 3600 5800
1690 4340 3600 5820
1700 4340 3610 5770
1700 4340 3610 5830
1690 4340 3610 5770
1690 4340 3610 5810
1690 4320 3610 5770
1690 4320 3610 5840
1700 4310 3610 5760
1710 4310 3610 5810
1690 4320 3610 5820
1700 4320 3600 5800
1690 4320 3600 5780
1690 4330 3610 5830
1700 4340 3610 5780
1710 4340 3610 5800
1710 4340 3610 5800
1710 4340 3620 5830
1710 4340 3600 5760
1700 4340 3590 5800
1710 4340 3590 5800
1710 4330 3590 5760
1700 4320 3600 5760
1690 4320 3600 5780
1680 4320 3600 5830
1680 4320 3600 5770
1690 4320 3610 5830
1690 4320 3610 5820
1680 4320 3600 5780
1680 4320 3600 5810
1690 4320 3600 5770
1690 4320 3600 5820
1700 4330 3600 5820
1710 4330 3600 5780
1710 4330 3600 5830
1680 4330 3600 5770
1690 4330 3590 5830
1700 4330 3610 5790
1690 4330 3600 5810
1690 4350 3610 5780
1690 4340 3610 5760
1690 4330 3600 5800
1680 4330 3610 5790
1690 4330 3620 5810
1700 4330 3600 5790
1690 4330 3610 5770
1700 4330 3600 5780
1710 4330 3600 5840
1710 4330 3600 5780
1710 4330 3590 5790
1710 4330 3600 5760
1710 4340 3600 5800
1710 4330 3610 5830
1690 4330 3610 5780
1690 4330 3610 5780
1690 4330 3610 5800
1690 4330 3610 5810
1690 4330 3610 5770
1690 4330 3610 5800
1690 4330 3610 5770
1700 4330 3610 5770
1710 4330 3610 5770
1710 4330 3600 5770
1710 4320 3610 5760
1710 4320 3610 5780
1710 4320 3610 5810
1710 4320 3600 5780
1710 4310 3590 5760
1700 4310 3590 5760
1710 4320 3600 5780
1700 4330 3600 5820
1710 4330 3600 5760
1720 4330 3610 5770
1710 4330 3610 5770
1700 4330 3620 5790
1700 4320 3620 5770
1710 4320 3620 5810
1700 4320 3620 5780
1690 4320 3620 5780
1700 4330 3620 5790
1690 4330 3610 5810
1690 4330 3610 5830
1680 4330 3610 5830
1690 4330 3610 5760
1690 4340 3600 5780
1700 4330 3600 5790
1700 4330 3590 5770
1700 4330 3600 5810
1700 4330 3590 5830
1700 4330 3590 5800
1690 4330 3590 5780
1680 4330 3590 5800
1680 4330 3580 5790
1680 4320 3580 5770
1690 4320 3580 5810
1690 4320 3570 5810
1700 4350 3590 5820
1690 4340 3590 5820
1690 4340 3600 5800
1670 4320 3590 5780
1690 4320 3590 5790
1680 4330 3580 5770
1690 4330 3580 5780
1700 4340 3580 5810
1700 4340 3590 5800
1700 4340 3600 5850
1710 4340 3600 5810
1710 4340 3600 5810
1710 4340 3600 5820
1710 4340 3600 5810
1700 4340 3600 5830
1690 4340 3590 5770
1700 4330 3600 5760
1700 4330 3600 5820
1680 4330 3610 5820
1680 4340 3610 5830
1680 4340 3610 5760
1680 4340 3600 5760
1700 4320 3610 5820
1700 4330 3610 5820
