1240 4640 4070 5630
1250 4720 4070 5630
1240 4840 4070 5630
1260 4710 4070 5620
1250 4580 4070 5620
1250 4490 4070 5620
1240 4780 4070 5620
1240 5120 4070 5630
1260 4750 4070 5620
1260 4680 4070 5620
1270 4800 4070 5630
1260 4840 4070 5630
1250 4700 4070 5620
1240 4790 4070 5620
1260 4890 4070 5640
1260 4860 4070 5630
1260 4990 4060 5640
1260 4870 4060 5650
1270 4800 4060 5630
1270 4710 4060 5640
1270 4680 4060 5630
1270 4630 4060 5630
1270 4770 4060 5620
1270 4700 4060 5620
1270 4650 4060 5630
1270 4600 4060 5620
1270 4530 4060 5620
1270 4480 4060 5630
1270 4480 4060 5630
1270 4480 4060 5630
1270 4480 4060 5640
1260 4460 4060 5640
1260 4450 4060 5640
1260 4410 4070 5640
1270 4450 4070 5630
1260 4460 4070 5620
1250 4440 4070 5620
1250 4420 4070 5620
1260 4380 4070 5620
1270 4390 4070 5620
1270 4360 4070 5620
1260 4350 4070 5610
1260 4340 4070 5620
1260 4330 4060 5620
1260 4340 4060 5610
1260 4330 4060 5600
1240 4710 4060 5620
1260 4870 4060 5620
1250 4720 4060 5610
1260 4600 4060 5610
1250 4470 4060 5630
1260 4430 4060 5630
1260 4430 4060 5630
1270 4390 4060 5640
1280 4360 4060 5640
1280 4330 4070 5630
1280 4360 4070 5630
1280 4370 4070 5630
1280 4380 4070 5630
1280 4430 4070 5630
1270 4450 4070 5640
1270 4430 4070 5650
1260 4430 4070 5630
1270 4460 4070 5630
1260 4450 4070 5620
1260 4470 4070 5620
1270 4460 4070 5620
1260 4450 4070 5620
1250 4460 4070 5620
1250 4470 4060 5620
1260 4470 4060 5620
1270 4470 4060 5620
1260 4490 4060 5620
1260 4510 4060 5610
1270 4500 4060 5610
1270 4470 4060 5620
1270 4470 4060 5620
1260 4460 4060 5630
1270 4430 4060 5620
1250 4400 4060 5610
1260 4410 4060 5620
1260 4400 4060 5630
1260 4400 4060 5620
1260 4400 4060 5610
1260 4410 4060 5620
1260 4410 4070 5620
1260 4430 4070 5610
1260 4440 4060 5610
1270 4460 4060 5610
1280 4450 4060 5610
1280 4460 4060 5610
1280 4470 4070 5610
1280 4470 4070 5610
1260 4480 4070 5610
1260 4470 4070 5610
1260 4470 4060 5610
1260 4490 4060 5610
1260 4500 4070 5620
1260 4600 4070 5630
1260 4680 4070 5620
1270 4710 4070 5620
1260 4660 4070 5620
1260 4630 4070 5620
1270 4550 4070 5620
1270 4500 4070 5620
1250 4410 4060 5620
1260 4480 4060 5630
1260 4420 4060 5630
1270 4390 4060 5630
1260 4380 4060 5640
1260 4380 4060 5640
1260 4400 4060 5630
1240 4410 4060 5630
1260 4420 4060 5630
1270 4380 4060 5640
1270 4360 4060 5630
1250 4320 4060 5620
1240 4340 4060 5630
1250 4340 4060 5630
1260 4360 4060 5620
1260 4390 4060 5620
1270 4420 4060 5620
1270 4370 4060 5620
1260 4330 4060 5630
1270 4330 4060 5620
1260 4330 4070 5620
1260 4350 4070 5620
1270 4380 4070 5620
1270 4380 4070 5620
1270 4380 4070 5640
1270 4390 4060 5620
1270 4400 4060 5630
1270 4410 4060 5630
1270 4400 4070 5630
1250 4410 4070 5630
1260 4410 4060 5620
1260 4420 4060 5620
1260 4430 4070 5620
1260 4430 4070 5630
1250 4430 4070 5620
1230 4420 4070 5630
1230 4430 4060 5630
1240 4420 4060 5620
1260 4370 4060 5630
1270 4360 4060 5640
1270 4340 4070 5640
1260 4330 4070 5640
1270 4340 4070 5630
1270 4360 4060 5620
1270 4370 4070 5620
1260 4380 4060 5620
1260 4380 4060 5620
1270 4380 4060 5620
1260 4380 4060 5630
1270 4380 4060 5630
1270 4360 4060 5630
1270 4350 4060 5630
1270 4360 4060 5620
1270 4350 4060 5610
1270 4350 4070 5610
1260 4350 4070 5610
1240 4350 4070 5620
1240 4380 4070 5630
1250 4380 4060 5620
1270 4390 4060 5610
1250 4390 4070 5610
1250 4400 4070 5620
1260 4400 4070 5630
1260 4400 4070 5630
1260 4400 4070 5630
1260 4420 4070 5630
1240 4380 4070 5630
1250 4350 4070 5630
1260 4320 4060 5620
1240 4300 4070 5620
1250 4470 4070 5620
1260 4420 4070 5610
1260 4400 4070 5610
1260 4380 4070 5620
1260 4370 4070 5620
1250 4370 4080 5620
1260 4400 4070 5620
1250 4400 4070 5620
1250 4400 4060 5610
1250 4400 4060 5620
1260 4390 4060 5620
1260 4380 4060 5630
1260 4380 4060 5620
1270 4370 4060 5620
1270 4340 4060 5620
1280 4340 4050 5610
1270 4340 4050 5620
1270 4330 4040 5620
1270 4340 4040 5620
1280 4350 4040 5630
1280 4380 4040 5620
1260 4410 4040 5620
1260 4420 4040 5620
1260 4400 4040 5610
1250 4380 4040 5620
1250 4360 4050 5610
1250 4350 4060 5620
1250 4330 4050 5620
1260 4320 4050 5630
1260 4320 4050 5620
1250 4200 4060 5890
1240 4190 4060 5950
1240 4180 4060 5930
1240 4190 4060 5800
1240 4190 4060 5790
1250 4190 4060 5780
1250 4190 4050 5890
1260 4180 4050 5960
1260 4190 4050 5860
1260 4200 4050 5900
1260 4210 4050 5830
1260 4220 4060 5810
1270 4210 4050 5830
1270 4210 4050 5790
1270 4210 4050 5780
1270 4210 4050 5800
1250 4210 4050 5810
1240 4200 4050 5820
1250 4200 4050 5880
1250 4200 4060 5830
1250 4210 4060 5800
1250 4190 4050 5900
1260 4190 4040 6060
1260 4190 4050 6120
1240 4180 4050 6050
1240 4180 4050 5940
1240 4180 4050 5870
1240 4180 4060 5820
1240 4170 4050 6050
1240 4180 4060 6140
1240 4190 4060 6140
1250 4180 4060 6110
1260 4170 4060 6060
1270 4180 4060 6000
1270 4180 4060 5950
1260 4190 4070 5900
1260 4200 4070 5850
1270 4200 4070 5800
1270 4200 4070 5770
1260 4190 4060 5900
1250 4200 4060 5960
1260 4190 4060 5870
1250 4200 4060 5830
1250 4190 4060 5830
1240 4180 4070 5860
1240 4190 4080 5880
1260 4190 4080 5890
1270 4180 4080 5880
1270 4180 4080 5850
1270 4180 4080 5830
1260 4180 4080 5830
1260 4170 4080 5870
1260 4170 4080 5880
1260 4170 4070 5880
1250 4170 4070 5870
1250 4190 4060 5860
1250 4200 4050 5860
1250 4200 4060 5860
1260 4200 4060 5830
1260 4190 4060 5810
1260 4200 4050 5780
1270 4190 4060 5770
1270 4180 4060 5790
1270 4180 4070 5820
1260 4170 4060 5860
1240 4180 4050 5880
1250 4190 4050 5880
1250 4190 4040 5920
1260 4190 4040 5860
1260 4190 4040 5930
1260 4190 4050 5870
1260 4200 4060 5900
1270 4210 4060 5920
1280 4210 4060 5950
1270 4210 4060 5980
1270 4220 4050 5980
1270 4230 4050 5980
1270 4210 4040 5980
1270 4210 4040 5980
1270 4190 4050 5980
1260 4180 4060 5960
1250 4200 4060 5940
1260 4190 4060 5890
1260 4200 4060 5920
1260 4190 4060 5960
1250 4190 4070 5960
1250 4180 4060 5900
1250 4180 4070 5900
1260 4180 4070 5880
1260 4180 4070 5970
1260 4190 4070 5960
1260 4200 4070 5960
1260 4200 4070 5970
1270 4190 4060 5960
1270 4190 4070 5950
1270 4190 4060 5900
1270 4190 4060 5830
1260 4200 4060 5770
1260 4190 4060 5730
1260 4190 4060 5680
1270 4190 4070 5640
1270 4180 4060 5620
1270 4180 4060 5610
1270 4190 4060 5600
1270 4190 4060 5670
1260 4190 4060 5650
1260 4180 4060 5680
