1450 4100 4530 6000
1450 4100 4530 6000
1390 4090 4530 6010
1390 4090 4530 6000
1410 4080 4530 6000
1420 4090 4530 6000
1420 4090 4530 6000
1460 4090 4520 6000
1460 4090 4520 6000
1400 4100 4520 6000
1380 4090 4520 6010
1430 4090 4520 6010
1400 4090 4520 6010
1420 4090 4530 6010
1400 4100 4530 6010
1450 4090 4530 6010
1410 4110 4530 6010
1410 4120 4530 6010
1430 4120 4530 6010
1460 4120 4530 6010
1390 4120 4520 6010
1430 4110 4520 6010
1410 4100 4510 6010
1410 4100 4510 6010
1400 4110 4520 6010
1390 4100 4530 6010
1440 4100 4530 6010
1400 4090 4520 6000
1410 4090 4520 6000
1430 4080 4520 6010
1420 4080 4520 6010
1400 4090 4520 6010
1400 4090 4520 6010
1420 4090 4520 6010
1460 4090 4530 6010
1440 4080 4530 6010
1410 4090 4530 6010
1470 4080 4530 6010
1410 4090 4530 6010
1470 4100 4530 6010
1400 4100 4520 6010
1420 4110 4530 6010
1400 4110 4530 6010
1410 4100 4530 6010
1410 4090 4520 6010
1450 4090 4520 6010
1430 4090 4520 6010
1410 4090 4520 6010
1410 4090 4520 6010
1440 4090 4520 6010
1420 4090 4520 5990
1460 4090 4520 6000
1410 4110 4520 5990
1420 4100 4520 5990
1400 4100 4520 6000
1450 4090 4520 6000
1390 4090 4520 6010
1430 4090 4520 6010
1450 4100 4520 6000
1440 4100 4520 6000
1420 4090 4520 6010
1400 4080 4520 6010
1430 4080 4520 6010
1430 4080 4530 6020
1410 4080 4530 6000
1430 4080 4530 6000
1380 4080 4530 6000
1380 4090 4530 6000
1380 4080 4530 6010
1400 4090 4530 6020
1410 4090 4530 6010
1450 4100 4530 6000
1400 4100 4530 6000
1450 4090 4530 6000
1390 4080 4530 6000
1450 4090 4530 6000
1460 4090 4530 6000
1400 4100 4540 6010
1400 4090 4540 6010
1420 4090 4530 6010
1390 4080 4520 6010
1460 4080 4520 6010
1420 4080 4520 6000
1440 4090 4520 6000
1460 4080 4520 6000
1410 4080 4520 6000
1380 4100 4520 6000
1440 4100 4520 6010
1420 4100 4520 6010
1430 4090 4520 6010
1390 4090 4520 6010
1460 4100 4520 6010
1410 4090 4520 6020
1410 4090 4520 6010
1400 4100 4520 6010
1390 4090 4520 6010
1450 4080 4520 6010
1450 4080 4520 6010
1450 4080 4520 6010
1390 4090 4520 6010
1420 4080 4520 6010
1400 4080 4520 6010
1440 4090 4520 6010
1440 4100 4520 6010
1390 4100 4530 6010
1420 4090 4530 6010
1410 4090 4530 6010
1460 4100 4530 6010
1400 4110 4530 6010
1460 4110 4530 6000
1420 4120 4530 5990
1440 4120 4530 5980
1420 4110 4530 5980
1440 4110 4530 5990
1400 4120 4530 6000
1470 4100 4530 5990
1450 4090 4530 5990
1410 4090 4530 5990
1430 4090 4530 5990
1400 4100 4530 5990
1420 4090 4530 6000
1440 4080 4530 6000
1400 4090 4540 6000
1420 4090 4530 6000
1440 4090 4530 6000
1420 4080 4530 6000
1400 4100 4530 6000
1430 4090 4530 6000
1410 4090 4530 6000
1390 4100 4530 5980
1430 4090 4520 5990
1410 4090 4530 5990
1390 4090 4530 5990
1410 4090 4530 6000
1410 4080 4520 6000
1400 4080 4520 6000
1440 4090 4520 6000
1410 4100 4520 6000
1430 4090 4510 6000
1390 4090 4520 6000
1410 4100 4530 6000
1430 4090 4530 6010
1390 4080 4530 6010
1390 4090 4530 6020
1400 4090 4530 6020
1420 4080 4530 6020
1400 4080 4530 6020
1440 4100 4520 6010
1420 4090 4510 6010
1400 4090 4520 6010
1460 4090 4520 6010
1390 4100 4510 6000
1450 4090 4520 6000
1420 4090 4530 6000
1460 4080 4520 6000
1390 4090 4520 6000
1390 4100 4520 6000
1390 4100 4520 6010
1450 4100 4520 6010
1390 4090 4520 6010
1380 4100 4510 6010
1430 4080 4510 6000
940 4090 4510 6520
940 4100 4510 6480
940 4100 4510 6500
930 4100 4510 6490
920 4090 4510 6510
920 4080 4510 6490
930 4080 4520 6530
920 4080 4520 6530
930 4080 4520 6490
930 4080 4520 6490
940 4080 4520 6510
940 4080 4520 6500
940 4080 4520 6450
940 4080 4520 6510
950 4080 4520 6460
930 4100 4520 6450
950 4100 4520 6450
950 4100 4530 6460
950 4100 4530 6460
950 4090 4530 6480
950 4090 4520 6530
940 4100 4520 6530
940 4100 4520 6480
940 4100 4510 6480
940 4100 4510 6490
940 4090 4510 6440
940 4100 4510 6460
940 4090 4500 6440
940 4080 4500 6470
940 4090 4500 6440
940 4090 4500 6460
940 4100 4500 6500
940 4080 4500 6470
940 4080 4500 6450
940 4080 4510 6470
930 4080 4520 6450
930 4090 4520 6470
930 4090 4520 6510
930 4090 4520 6470
920 4080 4520 6520
930 4090 4520 6500
930 4080 4520 6520
940 4080 4520 6460
930 4080 4520 6520
920 4090 4520 6460
920 4080 4520 6460
930 4080 4520 6500
930 4080 4520 6460
930 4080 4520 6480
930 4080 4520 6480
930 4080 4520 6520
920 4080 4520 6450
930 4080 4520 6490
930 4110 4510 6460
930 4100 4510 6480
930 4090 4510 6480
930 4080 4520 6480
930 4080 4520 6520
940 4090 4520 6480
940 4100 4520 6490
940 4090 4520 6450
940 4090 4520 6470
940 4080 4520 6510
940 4090 4520 6490
950 4080 4520 6460
950 4090 4520 6440
930 4080 4520 6500
950 4080 4520 6480
950 4090 4520 6500
950 4090 4520 6440
950 4090 4520 6440
950 4090 4520 6510
950 4090 4520 6490
950 4090 4520 6450
950 4090 4530 6470
950 4090 4520 6520
940 4090 4520 6460
940 4080 4510 6500
940 4090 4510 6520
940 4100 4510 6460
940 4100 4510 6520
950 4100 4510 6480
940 4100 4510 6520
940 4090 4520 6460
930 4090 4510 6480
940 4080 4510 6460
950 4080 4500 6490
950 4090 4510 6460
950 4080 4520 6530
940 4080 4520 6510
940 4100 4510 6480
950 4090 4520 6520
910 4080 4510 6470
950 4080 4510 6510
930 4080 4520 6470
950 4080 4520 6510
940 4080 4530 6490
940 4070 4530 6490
940 4090 4530 6530
950 4080 4530 6470
940 4090 4530 6480
940 4100 4530 6520
940 4110 4520 6450
940 4110 4520 6480
950 4110 4520 6520
950 4100 4530 6510
940 4090 4530 6470
940 4090 4530 6520
940 4080 4530 6480
940 4110 4530 6480
940 4100 4530 6480
930 4080 4530 6460
930 4080 4530 6460
930 4080 4530 6460
940 4070 4520 6510
940 4070 4520 6490
940 4080 4520 6470
940 4130 4510 6490
940 4130 4510 6470
940 4110 4510 6470
930 4100 4530 6530
920 4100 4530 6510
910 4090 4530 6490
920 4080 4530 6510
920 4080 4530 6470
930 4080 4530 6470
930 4080 4530 6490
930 4090 4530 6490
930 4080 4530 6470
930 4080 4530 6480
930 4080 4530 6530
920 4100 4530 6470
920 4090 4530 6540
920 4100 4520 6530
930 4110 4520 6460
940 4100 4520 6520
940 4080 4530 6530
950 4070 4520 6490
950 4070 4530 6510
940 4080 4530 6490
930 4090 4530 6480
930 4080 4520 6520
940 4070 4510 6480
940 4070 4520 6500
940 4080 4520 6520
930 4090 4520 6470
930 4080 4530 6510
910 4090 4530 6490
940 4080 4530 6470
910 4080 4520 6510
950 4090 4520 6520
920 4090 4520 6500
940 4090 4530 6540
910 4100 4520 6540
950 4110 4520 6490
950 4110 4520 6490
950 4110 4520 6530
920 4100 4510 6500
930 4090 4510 6530
910 4090 4520 6490
930 4090 4520 6550
910 4080 4520 6530
920 4090 4520 6520
