760 4550 4550 6300
760 4550 4550 6300
770 4550 4550 6300
780 4550 4550 6300
770 4550 4550 6300
770 4550 4550 6300
770 4550 4550 6300
780 4550 4560 6310
770 4550 4560 6310
770 4550 4550 6300
770 4550 4550 6300
770 4550 4560 6300
780 4550 4560 6300
770 4550 4570 6300
760 4550 4560 6300
770 4550 4550 6300
770 4550 4550 6300
760 4550 4550 6300
760 4550 4550 6300
760 4550 4550 6300
760 4550 4550 6300
760 4550 4550 6300
750 4550 4560 6300
760 4550 4560 6300
760 4550 4560 6290
760 4550 4560 6290
750 4550 4570 6290
770 4550 4560 6300
770 4550 4560 6300
770 4550 4560 6300
780 4550 4550 6300
780 4550 4550 6300
770 4550 4550 6300
760 4550 4550 6300
760 4550 4550 6300
760 4550 4550 6300
760 4540 4550 6300
760 4540 4550 6300
760 4540 4550 6310
770 4540 4550 6310
770 4540 4550 6310
760 4540 4550 6300
760 4540 4550 6300
750 4540 4560 6300
750 4550 4560 6300
740 4550 4560 6300
740 4550 4550 6300
740 4550 4550 6300
740 4550 4550 6300
740 4550 4570 6300
740 4550 4570 6300
740 4550 4570 6300
750 4550 4570 6300
750 4540 4560 6300
770 4540 4560 6300
760 4540 4560 6300
750 4550 4570 6300
760 4550 4570 6290
760 4550 4560 6290
770 4550 4560 6290
770 4550 4560 6300
770 4550 4550 6300
770 4550 4550 6290
780 4550 4550 6290
780 4550 4550 6290
780 4550 4550 6290
780 4550 4560 6300
780 4550 4560 6300
770 4550 4550 6300
770 4550 4550 6290
770 4550 4550 6290
760 4540 4550 6290
770 4550 4550 6290
770 4550 4550 6290
760 4550 4550 6290
750 4540 4560 6280
750 4540 4560 6290
750 4550 4560 6290
750 4550 4560 6290
750 4550 4560 6290
750 4550 4560 6300
750 4550 4560 6300
760 4550 4560 6300
760 4550 4560 6300
760 4550 4560 6300
750 4550 4550 6300
750 4550 4550 6300
760 4550 4550 6300
760 4550 4550 6300
760 4550 4550 6300
750 4550 4550 6300
760 4550 4550 6300
770 4550 4550 6300
770 4550 4550 6300
770 4540 4540 6310
770 4540 4540 6310
770 4540 4550 6310
760 4540 4550 6310
770 4540 4550 6310
770 4540 4550 6300
770 4550 4550 6300
770 4550 4550 6300
770 4550 4550 6300
750 4560 4550 6300
750 4550 4540 6290
750 4550 4540 6290
740 4550 4550 6300
740 4550 4550 6300
750 4550 4560 6300
760 4550 4560 6300
760 4550 4560 6300
750 4550 4560 6300
750 4540 4550 6300
750 4540 4560 6310
760 4540 4560 6310
760 4540 4570 6310
770 4540 4570 6290
770 4540 4580 6290
770 4540 4580 6280
770 4550 4600 6280
760 4550 4580 6290
760 4550 4570 6300
760 4550 4560 6300
750 4550 4560 6300
750 4550 4570 6290
750 4550 4570 6290
750 4550 4570 6300
770 4550 4570 6300
760 4550 4570 6300
770 4550 4570 6310
760 4550 4580 6300
770 4550 4570 6300
760 4550 4570 6290
770 4550 4560 6290
770 4550 4570 6300
770 4550 4560 6300
760 4550 4560 6290
760 4550 4560 6300
760 4550 4560 6300
770 4550 4550 6300
760 4550 4550 6310
760 4550 4550 6310
770 4550 4550 6310
770 4550 4550 6310
770 4550 4550 6300
780 4560 4560 6310
770 4560 4550 6310
760 4550 4550 6300
770 4550 4550 6300
770 4550 4540 6300
760 4550 4540 6300
760 4550 4540 6310
760 4550 4540 6310
760 4550 4550 6300
750 4550 4550 6300
760 4550 4550 6300
770 4540 4550 6300
770 4540 4550 6290
770 4540 4550 6290
770 4540 4550 6280
770 4550 4550 6290
760 4550 4550 6290
760 4550 4550 6290
760 4550 4550 6290
750 4550 4550 6290
760 4550 4540 6300
770 4540 4540 6300
770 4540 4540 6290
760 4540 4540 6290
770 4550 4540 6290
770 4550 4550 6290
770 4550 4550 6290
760 4550 4550 6290
760 4550 4550 6290
770 4550 4550 6300
780 4550 4550 6300
780 4550 4550 6300
770 4550 4550 6290
770 4550 4550 6290
770 4550 4550 6290
770 4550 4550 6290
770 4550 4550 6290
760 4550 4550 6290
760 4550 4550 6290
760 4550 4550 6290
770 4550 4550 6300
760 4550 4550 6300
760 4550 4550 6290
770 4550 4550 6280
770 4550 4550 6290
770 4550 4550 6290
770 4550 4540 6290
760 4540 4550 6290
760 4540 4550 6290
770 4540 4550 6290
770 4540 4550 6290
770 4540 4550 6290
770 4540 4550 6290
760 4550 4550 6300
770 4550 4550 6300
760 4550 4550 6310
750 4550 4550 6310
750 4550 4550 6310
750 4550 4550 6310
750 4550 4550 6310
750 4550 4550 6310
750 4550 4550 6300
750 4550 4550 6300
760 4550 4550 6300
740 4550 4550 6310
750 4550 4550 6310
760 4550 4550 6310
750 4550 4550 6300
750 4550 4550 6310
740 4550 4550 6300
760 4550 4550 6310
770 4550 4550 6310
760 4550 4540 6310
760 4550 4540 6300
760 4550 4540 6290
750 4550 4550 6290
750 4550 4550 6290
750 4550 4550 6290
750 4550 4550 6300
760 4550 4550 6310
760 4550 4550 6310
780 4550 4550 6310
780 4540 4550 6310
770 4540 4550 6300
770 4540 4550 6300
770 4540 4550 6300
760 4540 4550 6300
760 4540 4550 6300
760 4550 4550 6290
760 4550 4550 6290
770 4550 4550 6290
770 4550 4560 6280
770 4550 4550 6290
770 4550 4550 6300
780 4550 4550 6300
760 4550 4550 6300
760 4550 4550 6300
760 4550 4550 6300
750 4550 4550 6300
750 4550 4550 6300
750 4550 4550 6300
750 4550 4550 6300
770 4550 4550 6290
760 4550 4550 6300
770 4550 4550 6310
760 4550 4550 6310
760 4550 4550 6310
750 4550 4550 6310
740 4550 4550 6310
740 4550 4550 6310
760 4550 4550 6310
780 4550 4550 6290
780 4550 4540 6290
780 4550 4540 6300
780 4550 4540 6300
770 4550 4540 6300
770 4550 4540 6290
770 4550 4550 6290
760 4550 4550 6290
750 4550 4550 6290
750 4550 4550 6300
760 4550 4550 6300
760 4550 4550 6300
750 4550 4550 6300
760 4550 4550 6300
770 4560 4550 6300
760 4560 4550 6300
770 4550 4550 6300
770 4550 4550 6300
770 4550 4550 6300
770 4550 4550 6300
760 4550 4550 6300
760 4550 4550 6300
770 4550 4550 6290
780 4550 4550 6300
780 4550 4550 6300
780 4550 4550 6300
780 4550 4550 6300
760 4550 4550 6310
760 4560 4550 6310
760 4560 4550 6310
770 4560 4550 6310
770 4560 4550 6310
770 4560 4550 6310
770 4560 4550 6300
770 4550 4550 6300
760 4550 4550 6310
770 4550 4550 6310
770 4550 4550 6310
780 4550 4550 6310
790 4550 4540 6310
790 4550 4540 6310
790 4550 4540 6310
790 4550 4550 6310
780 4550 4550 6300
790 4550 4550 6290
790 4550 4550 6300
790 4550 4550 6290
780 4550 4550 6290
780 4550 4550 6290
770 4550 4550 6300
770 4550 4550 6300
750 4550 4550 6290
750 4550 4550 6290
740 4550 4540 6300
750 4550 4540 6310
770 4550 4540 6310
770 4550 4540 6310
770 4550 4540 6310
770 4550 4540 6300
770 4550 4540 6300
770 4550 4550 6300
780 4550 4550 6300
780 4550 4550 6300
780 4550 4550 6310
780 4550 4550 6310
770 4550 4550 6300
770 4550 4550 6310
780 4550 4550 6310
770 4550 4550 6310
770 4550 4550 6310
770 4550 4550 6310
760 4550 4550 6310
760 4550 4550 6310
760 4550 4560 6310
760 4550 4560 6300
760 4550 4560 6300
760 4550 4550 6300
770 4550 4550 6300
770 4550 4550 6290
770 4550 4550 6290