4580 6000 1290 3960
4600 6000 1300 3960
4600 6000 1290 3960
4600 6000 1290 3960
4600 6000 1290 3960
4580 6000 1290 3960
4580 6000 1290 3950
4580 6000 1290 3950
4580 6000 1300 3960
4580 6000 1300 3960
4580 6000 1300 3980
4570 6000 1310 3960
4580 6000 1310 3980
4580 6000 1310 3980
4580 6000 1310 3980
4580 6000 1310 3980
4580 6000 1320 3980
4580 6000 1310 3980
4570 5990 1310 3990
4580 5990 1320 3980
4580 5990 1320 3990
4570 5990 1310 3990
4570 5990 1310 3980
4580 5990 1320 3980
4580 5990 1310 3990
4580 5990 1300 3990
4570 5990 1300 3980
4570 5990 1300 3980
4570 5990 1300 3980
4570 5990 1300 3980
4570 5990 1300 3980
4570 5990 1300 3960
4580 5990 1300 3950
4580 5990 1300 3960
4600 5980 1310 3960
4580 5980 1300 3960
4580 5990 1290 3960
4600 5990 1290 3950
4600 5990 1290 3950
4580 5990 1300 3960
4580 6000 1300 3950
4580 6000 1290 3950
4600 5990 1290 3950
4600 5990 1290 3950
4600 5990 1290 3950
4600 6000 1290 3950
4600 6000 1290 3960
4600 6000 1290 3960
4580 6000 1290 3960
4580 6000 1290 3980
4580 6000 1290 3980
4580 6010 1290 3960
4570 6000 1300 3960
4570 6000 1310 3980
4560 6000 1300 3980
4570 6000 1300 3980
4570 6000 1300 3980
4570 5990 1310 3980
4570 5990 1300 3980
4580 5990 1300 3980
4580 5990 1300 3980
4580 5990 1300 3980
4580 5980 1300 3980
4580 5980 1310 3960
4580 5980 1310 3960
4580 5990 1300 3980
4580 5980 1300 3980
4580 5990 1300 3960
4600 5990 1290 3960
4610 5990 1300 3950
4610 6000 1300 3950
4610 6000 1290 3950
4600 6000 1290 3950
4580 5990 1290 3960
4580 5990 1290 3950
4580 5990 1290 3960
4580 5990 1300 3980
4580 5990 1300 3990
4580 5990 1300 3990
4600 5990 1300 3980
4580 5990 1300 3990
4600 5990 1300 3980
4600 5990 1290 3960
4600 5990 1290 3950
4600 5990 1290 3950
4580 5990 1310 3950
4580 6000 1310 3960
4580 6000 1300 3960
4580 6000 1300 3980
4580 6000 1300 3960
4600 6000 1300 3960
4580 6000 1300 3950
4580 6000 1300 3950
4580 6000 1300 3950
4580 5990 1310 3950
4580 5990 1300 3950
4580 5990 1300 3950
4580 5990 1290 3950
4600 5990 1290 3950
4600 6000 1300 3960
4580 6010 1310 3980
4580 6000 1320 3980
4580 6000 1310 3980
4580 5980 1300 3980
4600 5980 1290 3990
4600 5980 1290 3990
4600 5990 1290 3980
4600 5990 1300 3980
4600 5990 1300 3980
4580 5980 1290 3980
4580 5990 1290 3980
4600 5980 1300 3980
4580 5970 1310 3980
4580 5980 1300 3980
4580 5980 1300 3960
4580 5980 1300 3960
4580 5980 1290 3960
4580 5980 1290 3960
4600 5990 1290 3960
4580 5990 1290 3960
4570 5990 1280 3960
4570 5990 1280 3980
4580 5990 1290 3980
4600 5980 1300 3980
4610 5980 1300 3960
4610 5980 1300 3980
4610 5980 1300 3980
4610 5990 1300 3980
4600 5980 1300 3980
4600 5980 1300 3980
4600 5980 1300 3980
4600 5980 1290 3980
4600 5980 1290 3980
4580 5980 1290 3960
4580 5980 1300 3950
4580 5980 1300 3950
4580 5980 1300 3950
4580 5990 1300 3960
4580 5980 1300 3960
4580 5990 1300 3960
4580 6000 1300 3960
4580 6000 1300 3960
4600 6000 1300 3960
4600 6000 1300 3960
4580 6000 1300 3960
4580 6000 1300 3960
4600 6000 1300 3960
4580 6000 1310 3950
4580 5990 1310 3950
4580 5990 1310 3950
4580 6000 1310 3950
4600 6000 1300 3950
4580 6000 1300 3960
4600 6000 1300 3980
4600 6000 1300 3980
4600 6000 1300 3980
4580 6010 1300 3980
4600 6010 1300 3990
4580 6010 1310 3980
4600 6000 1300 3950
4600 5990 1300 3950
4580 5990 1300 3950
4570 5990 1300 3950
4570 5990 1290 3950
4570 5990 1280 3950
4580 5990 1280 3950
4580 5990 1280 3950
4580 5990 1280 3950
4570 5990 1290 3950
4570 5990 1290 3950
4570 5990 1290 3950
4580 5990 1290 3960
4580 6000 1300 3960
4580 6000 1300 3960
4580 5990 1300 3960
4580 5990 1300 3980
4600 5990 1290 3980
4580 5990 1290 3980
4580 5990 1280 3980
4580 5990 1280 3980
4570 5990 1280 3980
4570 5990 1290 3980
4580 6000 1290 3960
4580 6000 1300 3950
4580 6000 1300 3950
4580 5990 1300 3950
4580 5990 1300 3950
4580 5990 1290 3960
4580 5990 1290 3960
4580 5990 1290 3960
4580 6000 1290 3960
4600 6000 1290 3960
4600 6000 1290 3960
4600 6000 1290 3940
4600 6000 1290 3930
4580 6000 1280 3940
4580 6000 1280 3930
4580 6000 1290 3940
4580 6000 1290 3950
4580 6000 1290 3980
4580 5990 1290 3980
4570 5990 1280 3980
4570 5990 1280 3980
4580 5980 1290 3980
4600 5980 1290 3980
4600 5990 1290 3960
4600 5990 1290 3980
4580 6000 1290 3960
4600 6000 1290 3960
4610 6000 1290 3960
4600 6000 1290 3950
4600 6000 1290 3950
4620 6000 1290 3950
4620 6000 1290 3950
4620 6000 1280 3950
4610 6000 1270 3940
4610 6000 1270 3950
4600 6010 1290 3950
4600 6010 1290 3940
4600 5990 1290 3930
4580 6000 1300 3950
4580 6010 1300 3950
4580 6010 1290 3950
4580 6010 1300 3950
4570 6000 1300 3950
4570 6000 1300 3950
4580 5990 1310 3950
4580 5990 1300 3960
4600 5990 1300 3980
4580 5990 1300 3960
4580 5990 1290 3950
4580 5990 1280 3950
4580 5990 1280 3940
4580 5990 1290 3930
4580 5990 1290 3920
4580 5990 1290 3920
4580 5990 1290 3930
4580 5990 1290 3940
4580 5990 1290 3940
