1510 3550 4680 5710
1510 3550 4680 5710
1500 3560 4670 5700
1500 3570 4670 5710
1510 3550 4670 5710
1510 3560 4670 5710
1510 3550 4660 5700
1510 3540 4670 5700
1510 3540 4670 5710
1520 3560 4660 5710
1510 3550 4670 5710
1510 3530 4670 5700
1500 3530 4670 5710
1510 3540 4680 5710
1500 3540 4670 5710
1510 3580 4680 5700
1520 3580 4680 5700
1510 3570 4680 5710
1510 3550 4680 5710
1510 3540 4680 5700
1500 3560 4660 5700
1500 3560 4670 5700
1500 3550 4670 5700
1500 3550 4660 5700
1500 3570 4670 5690
1500 3570 4650 5680
1490 3570 4660 5700
1510 3540 4680 5710
1490 3540 4680 5720
1490 3550 4670 5720
1500 3540 4670 5710
1500 3540 4680 5710
1500 3560 4680 5700
1500 3560 4680 5700
1500 3560 4680 5700
1500 3570 4680 5700
1510 3570 4680 5700
1510 3570 4680 5710
1500 3570 4680 5720
1500 3570 4680 5720
1500 3580 4670 5720
1510 3580 4670 5720
1510 3580 4670 5720
1510 3580 4660 5720
1510 3560 4670 5720
1510 3560 4670 5720
1510 3570 4670 5720
1510 3560 4660 5710
1510 3560 4660 5700
1510 3560 4660 5700
1520 3550 4670 5700
1520 3550 4680 5700
1520 3550 4680 5700
1520 3550 4680 5700
1520 3550 4680 5700
1510 3550 4680 5700
1510 3550 4680 5710
1500 3560 4670 5700
1500 3550 4670 5710
1500 3550 4670 5700
1500 3560 4680 5690
1490 3550 4680 5690
1490 3570 4680 5720
1490 3590 4680 5720
1500 3590 4680 5720
1510 3580 4680 5710
1510 3570 4680 5710
1510 3560 4680 5710
1510 3560 4680 5710
1500 3550 4670 5700
1510 3550 4680 5700
1510 3540 4680 5710
1510 3540 4680 5710
1520 3540 4680 5710
1520 3540 4670 5720
1520 3540 4650 5710
1520 3550 4660 5710
1520 3550 4660 5710
1510 3550 4660 5710
1510 3530 4660 5700
1500 3570 4660 5700
1500 3580 4660 5700
1510 3580 4670 5700
1520 3570 4670 5700
1520 3570 4680 5700
1520 3590 4670 5700
1510 3570 4680 5700
1510 3570 4670 5700
1520 3580 4660 5700
1530 3560 4670 5700
1530 3560 4660 5700
1520 3560 4650 5710
1520 3540 4650 5710
1510 3540 4660 5710
1510 3560 4670 5710
1500 3600 4660 5710
1500 3580 4670 5710
1500 3600 4650 5710
1500 3590 4650 5720
1510 3580 4660 5720
1510 3560 4650 5720
1510 3570 4670 5710
1500 3570 4660 5720
1510 3560 4650 5710
1510 3560 4650 5710
1500 3560 4660 5700
1510 3550 4670 5700
1510 3540 4670 5710
1500 3540 4680 5710
1500 3540 4670 5710
1510 3540 4680 5700
1510 3550 4680 5700
1510 3540 4670 5700
1510 3540 4680 5700
1520 3550 4670 5710
1510 3540 4670 5710
1510 3540 4660 5700
1510 3560 4660 5700
1510 3570 4650 5700
1510 3560 4670 5700
1510 3560 4680 5710
1510 3550 4680 5710
1510 3550 4660 5710
1510 3550 4660 5710
1510 3570 4670 5700
1510 3570 4680 5690
1510 3550 4670 5690
1510 3540 4660 5690
1510 3540 4670 5700
1520 3560 4660 5710
1520 3550 4670 5710
1510 3550 4680 5720
1510 3540 4670 5720
1520 3560 4680 5720
1510 3570 4680 5720
1510 3580 4680 5720
1520 3570 4680 5720
1510 3570 4690 5720
1510 3570 4690 5710
1510 3570 4670 5700
1510 3560 4670 5700
1510 3560 4680 5700
1510 3560 4680 5700
1510 3570 4670 5700
1510 3590 4660 5700
1520 3580 4660 5700
1510 3570 4670 5700
1510 3570 4680 5700
1510 3570 4690 5710
1510 3570 4680 5720
1500 3560 4670 5720
1500 3570 4680 5710
1510 3570 4670 5700
1510 3570 4680 5700
1510 3580 4680 5700
1510 3560 4680 5710
1520 3580 4680 5720
1520 3590 4690 5710
1510 3580 4680 5700
1510 3600 4670 5690
1510 3590 4680 5690
1500 3600 4670 5700
1510 3600 4660 5710
1510 3600 4650 5710
1510 3590 4670 5700
1500 3570 4670 5710
1510 3560 4680 5710
1510 3550 4680 5700
1510 3550 4680 5700
1510 3550 4670 5700
1510 3550 4680 5700
1510 3560 4670 5700
1520 3570 4670 5700
1520 3570 4680 5710
1510 3580 4680 5710
1510 3580 4670 5710
1510 3600 4680 5710
1510 3600 4680 5710
1510 3600 4690 5710
1520 3580 4690 5710
1510 3590 4680 5700
1520 3600 4670 5700
1520 3580 4670 5690
1520 3600 4680 5690
1510 3600 4670 5700
1500 3590 4680 5710
1490 3590 4690 5700
1500 3600 4690 5700
1490 3600 4690 5690
1500 3580 4690 5690
1500 3580 4700 5700
1500 3580 4700 5700
1500 3570 4700 5710
1500 3570 4690 5710
1500 3570 4680 5710
1500 3570 4670 5700
1520 3580 4670 5700
1500 3580 4680 5700
1510 3570 4690 5700
1510 3570 4690 5700
1510 3560 4690 5700
1510 3560 4680 5700
1510 3580 4670 5710
1520 3570 4670 5700
1520 3580 4660 5700
1520 3570 4660 5700
1520 3580 4670 5700
1510 3580 4680 5700
1510 3600 4680 5710
