1750 3600 4220 5320
1750 3590 4230 5330
1760 3590 4230 5320
1750 3590 4230 5320
1750 3600 4230 5320
1740 3600 4230 5320
1750 3620 4220 5330
1770 3620 4230 5320
1770 3620 4240 5320
1760 3610 4240 5320
1750 3600 4230 5320
1760 3600 4230 5330
1740 3600 4220 5320
1740 3590 4240 5320
1720 3590 4230 5320
1720 3590 4230 5330
1740 3600 4220 5330
1760 3600 4230 5330
1750 3600 4240 5330
1760 3610 4240 5320
1770 3610 4230 5330
1780 3610 4230 5320
1780 3610 4220 5320
1770 3610 4220 5320
1760 3600 4210 5320
1750 3610 4210 5310
1750 3610 4210 5310
1760 3600 4200 5310
1760 3600 4230 5300
1770 3590 4230 5300
1770 3610 4230 5290
1780 3610 4230 5290
1770 3600 4240 5290
1800 3610 4240 5320
1760 3620 4220 5320
1770 3610 4220 5330
1770 3610 4220 5320
1770 3610 4230 5330
1760 3610 4230 5330
1780 3600 4230 5320
1800 3600 4240 5320
1800 3600 4250 5320
1770 3600 4250 5310
1760 3600 4240 5310
1770 3600 4240 5310
1760 3610 4230 5310
1780 3610 4230 5310
1780 3600 4230 5310
1760 3600 4230 5310
1750 3610 4230 5310
1750 3600 4220 5310
1740 3590 4220 5320
1730 3590 4220 5310
1770 3600 4230 5320
1780 3600 4220 5320
1800 3600 4220 5320
1760 3600 4220 5330
1740 3600 4220 5320
1760 3600 4220 5320
1760 3600 4220 5310
1750 3600 4230 5310
1750 3610 4230 5310
1760 3610 4230 5310
1770 3610 4240 5300
1760 3610 4230 5300
1770 3620 4220 5320
1740 3620 4220 5320
1740 3610 4220 5320
1740 3610 4220 5320
1750 3610 4220 5320
1750 3610 4210 5320
1740 3610 4220 5320
1750 3610 4220 5320
1760 3610 4220 5320
1760 3610 4220 5320
1750 3610 4220 5320
1740 3610 4220 5320
1750 3620 4220 5330
1760 3610 4240 5330
1740 3620 4230 5320
1750 3610 4230 5320
1750 3620 4230 5320
1760 3620 4230 5310
1760 3620 4230 5310
1760 3620 4240 5300
1780 3620 4240 5300
1760 3620 4230 5300
1750 3620 4230 5300
1750 3630 4230 5300
1740 3620 4230 5310
1760 3620 4230 5300
1760 3620 4230 5300
1760 3620 4230 5310
1750 3620 4230 5310
1770 3610 4230 5310
1800 3620 4220 5330
1760 3600 4230 5330
1760 3600 4220 5320
1770 3620 4230 5320
1770 3610 4230 5310
1770 3610 4230 5310
1770 3620 4230 5320
1750 3620 4230 5320
1780 3620 4230 5320
1780 3620 4230 5320
1760 3610 4230 5310
1760 3610 4230 5320
1750 3620 4240 5320
1770 3620 4230 5310
1770 3620 4250 5310
1770 3610 4240 5310
1770 3600 4240 5330
1770 3600 4230 5320
1750 3620 4230 5310
1770 3610 4240 5310
1780 3600 4250 5310
1780 3610 4250 5320
1780 3610 4230 5330
1770 3610 4230 5320
1770 3620 4230 5320
1760 3620 4230 5320
1740 3620 4240 5320
1760 3620 4230 5320
1760 3610 4230 5320
1760 3600 4220 5320
1760 3610 4240 5310
1770 3610 4230 5310
1740 3610 4230 5310
1760 3610 4230 5310
1770 3600 4240 5310
1780 3610 4230 5310
1780 3600 4230 5300
1760 3600 4230 5300
1750 3620 4240 5310
1740 3610 4250 5310
1740 3600 4250 5310
1750 3610 4250 5310
1770 3610 4250 5320
1770 3610 4240 5320
1750 3600 4230 5330
1750 3590 4230 5330
1760 3590 4230 5330
1760 3600 4230 5320
1770 3590 4240 5320
1770 3590 4220 5320
1760 3600 4220 5310
1760 3610 4210 5310
1770 3610 4210 5310
1770 3620 4210 5310
1770 3630 4210 5310
1750 3630 4220 5310
1760 3630 4210 5320
1760 3620 4230 5320
1760 3620 4230 5330
1770 3620 4230 5330
1770 3610 4230 5310
1760 3610 4230 5310
1750 3610 4230 5300
1750 3620 4230 5300
1770 3610 4230 5300
1760 3620 4230 5310
1760 3610 4240 5320
1760 3610 4240 5330
1760 3610 4230 5320
1750 3610 4230 5320
1760 3600 4230 5320
1760 3600 4240 5330
1770 3610 4230 5320
1770 3620 4230 5320
1780 3620 4230 5340
1780 3630 4230 5350
1770 3620 4230 5340
1760 3620 4220 5340
1770 3620 4220 5330
1770 3610 4220 5320
1780 3610 4220 5320
1760 3610 4220 5320
1770 3610 4230 5320
1770 3610 4220 5320
1770 3600 4220 5330
1770 3610 4230 5330
1760 3610 4240 5330
1770 3610 4230 5330
1760 3610 4230 5330
1770 3600 4230 5330
1770 3610 4230 5320
1770 3610 4230 5320
1770 3610 4220 5330
1750 3610 4230 5320
1750 3600 4230 5320
1750 3600 4230 5320
1750 3610 4230 5320
1780 3610 4230 5320
1780 3600 4230 5320
1780 3600 4220 5310
1800 3610 4220 5310
1780 3610 4220 5320
1770 3600 4230 5320
1780 3590 4220 5330
1770 3590 4220 5330
1780 3580 4220 5320
1770 3590 4230 5320
1780 3590 4230 5320
1780 3600 4210 5320
1780 3590 4220 5320
1780 3600 4220 5330
1800 3600 4230 5320
1800 3600 4240 5320
1800 3610 4240 5320
1800 3630 4250 5320
1800 3630 4240 5320
1780 3620 4230 5320
1800 3620 4230 5320
1770 3630 4230 5320
1760 3620 4230 5330
1770 3610 4230 5330
1780 3620 4240 5320
1760 3620 4240 5320
1760 3620 4230 5320
1750 3620 4230 5320
1750 3630 4230 5320
1760 3620 4230 5320
1770 3610 4240 5310
1770 3600 4240 5310
1780 3610 4230 5310
1780 3610 4220 5310
1800 3600 4220 5320
1780 3610 4220 5320
1800 3590 4220 5320
1770 3600 4230 5310
1760 3600 4230 5330
1770 3580 4230 5320
1780 3590 4230 5320
1780 3590 4230 5320
1800 3600 4240 5320
1800 3600 4230 5320
1770 3610 4230 5310
1780 3620 4230 5310
1780 3620 4230 5320
1780 3620 4230 5310
1780 3610 4230 5310
1780 3610 4230 5320
1770 3610 4230 5320
1780 3610 4240 5320
1780 3610 4240 5330
1760 3620 4240 5330
1770 3620 4240 5320
1770 3620 4230 5320
1770 3610 4240 5310
