2040 3800 3760 4960
2040 3800 3780 4970
2040 3800 3770 4970
2040 3790 3760 4980
2040 3800 3760 4980
2040 3800 3770 4970
2030 3810 3770 4960
2040 3810 3760 4960
2040 3800 3760 4960
2030 3790 3760 4970
2030 3800 3760 4970
2030 3790 3760 4960
2040 3790 3770 4960
2030 3800 3770 4940
2030 3800 3760 4940
2030 3810 3760 4940
2040 3820 3760 4950
2040 3810 3760 4950
2040 3810 3770 4950
2040 3800 3770 4960
2040 3810 3760 4950
2040 3810 3760 4960
2040 3810 3760 4960
2040 3800 3760 4970
2040 3800 3760 4970
2040 3790 3760 4970
2040 3800 3760 4970
2040 3800 3760 4970
2040 3800 3750 4960
2040 3800 3760 4960
2040 3800 3760 4960
2050 3800 3760 4960
2040 3800 3760 4950
2030 3800 3770 4950
2030 3790 3760 4950
2030 3800 3760 4960
2030 3800 3760 4960
2030 3800 3760 4960
2030 3800 3750 4960
2040 3800 3760 4960
2040 3810 3770 4960
2040 3810 3770 4950
2050 3800 3760 4940
2050 3810 3750 4960
2050 3800 3750 4950
2050 3800 3740 4950
2040 3800 3740 4940
2040 3800 3750 4940
2040 3800 3750 4940
2050 3790 3740 4940
2050 3790 3750 4950
2040 3790 3750 4940
2040 3790 3750 4940
2030 3790 3750 4950
2030 3790 3750 4950
2020 3790 3760 4940
2020 3790 3760 4930
2020 3790 3760 4950
2020 3790 3760 4950
2010 3780 3760 4950
2030 3770 3750 4950
2020 3780 3750 4960
2020 3790 3750 4950
2020 3780 3750 4950
2020 3790 3760 4950
2020 3790 3770 4950
2020 3790 3770 4950
2020 3800 3770 4960
2020 3810 3770 4970
2030 3810 3760 4970
2030 3810 3760 4960
2040 3810 3760 4970
2040 3800 3760 4960
2040 3800 3750 4960
2050 3800 3760 4960
2050 3800 3760 4950
2050 3800 3760 4950
2050 3800 3740 4960
2050 3800 3750 4970
2050 3800 3750 4970
2050 3800 3750 4960
2040 3810 3750 4960
2040 3810 3750 4950
2040 3810 3760 4970
2040 3810 3760 4970
2040 3810 3760 4970
2040 3800 3760 4970
2040 3800 3760 4970
2040 3790 3760 4970
2040 3800 3760 4970
2050 3810 3760 4970
2050 3800 3760 4960
2050 3800 3770 4950
2040 3810 3770 4950
2040 3810 3770 4970
2040 3800 3770 4970
2040 3800 3770 4970
2040 3800 3770 4960
2040 3790 3760 4960
2040 3790 3760 4960
2040 3790 3750 4970
2040 3800 3750 4970
2040 3790 3750 4970
2040 3800 3750 4970
2050 3800 3750 4970
2050 3800 3750 4960
2040 3800 3750 4960
2040 3800 3740 4960
2040 3800 3740 4960
2040 3810 3740 4960
2040 3800 3740 4950
2040 3790 3740 4960
2050 3790 3750 4960
2050 3790 3750 4960
2050 3790 3750 4960
2050 3800 3750 4960
2050 3800 3740 4960
2050 3810 3740 4950
2050 3820 3740 4950
2050 3810 3740 4950
2050 3800 3750 4960
2040 3790 3750 4960
2040 3790 3750 4960
2050 3800 3740 4970
2050 3800 3740 4970
2050 3800 3740 4970
2060 3800 3760 4970
2060 3800 3760 4960
2060 3800 3760 4960
2050 3800 3760 4960
2050 3800 3770 4950
2060 3790 3770 4960
2060 3790 3760 4960
2060 3790 3760 4960
2060 3790 3760 4960
2050 3800 3750 4960
2050 3790 3750 4960
2050 3800 3750 4950
2050 3800 3750 4950
2050 3800 3750 4950
2060 3800 3750 4950
2060 3800 3750 4960
2060 3790 3760 4950
2060 3800 3760 4950
2050 3800 3760 4950
2050 3800 3760 4950
2050 3810 3760 4950
2050 3800 3770 4940
2050 3800 3770 4940
2040 3810 3770 4950
2050 3800 3770 4950
2040 3800 3770 4960
2040 3800 3770 4960
2040 3800 3770 4950
2050 3800 3780 4950
2040 3800 3780 4950
2040 3800 3770 4960
2040 3800 3770 4950
2040 3790 3770 4950
2040 3790 3760 4950
2040 3810 3750 4950
2050 3800 3750 4950
2040 3800 3760 4950
2040 3800 3750 4950
2040 3800 3740 4970
2040 3800 3750 4970
2040 3800 3740 4960
2030 3800 3740 4950
2030 3800 3750 4950
2040 3800 3750 4960
2040 3800 3750 4960
2040 3790 3740 4960
2040 3790 3740 4950
2040 3790 3740 4950
2050 3790 3740 4950
2050 3790 3760 4950
2050 3790 3770 4950
2050 3790 3770 4950
2060 3790 3780 4940
2060 3780 3770 4940
2070 3790 3780 4960
2070 3800 3760 4960
2070 3800 3770 4950
2070 3800 3770 4950
2070 3790 3760 4950
2050 3790 3740 4960
2050 3790 3750 4960
2050 3780 3760 4960
2050 3780 3750 4960
2050 3790 3750 4960
2050 3790 3760 4960
2040 3790 3750 4970
2040 3800 3740 4960
2030 3800 3740 4950
2040 3790 3750 4940
2040 3800 3750 4950
2050 3790 3750 4950
2050 3800 3760 4950
2050 3800 3750 4950
2060 3800 3740 4950
2050 3800 3740 4950
2040 3790 3750 4960
2040 3790 3750 4960
2030 3790 3740 4960
2030 3790 3750 4960
2040 3800 3750 4960
2040 3800 3760 4960
2040 3800 3760 4960
2040 3800 3760 4960
2030 3790 3760 4960
2030 3790 3750 4970
2030 3790 3750 4960
2030 3790 3760 4960
2020 3790 3760 4950
2030 3790 3760 4950
2040 3790 3760 4950
2040 3790 3750 4950
2040 3790 3740 4950
2030 3800 3750 4960
2030 3800 3750 4970
2030 3800 3760 4960
2040 3810 3750 4960
2040 3800 3740 4960
2040 3800 3740 4960
2040 3800 3740 4960
2040 3790 3750 4960
2040 3790 3750 4970
2040 3790 3750 4970
2040 3790 3760 4970
2040 3790 3750 4960
2040 3790 3750 4950
2040 3800 3750 4960
2030 3800 3750 4960
2030 3790 3750 4960
2040 3790 3750 4960
2040 3790 3750 4970
2030 3780 3750 4970
2030 3790 3750 4970
2020 3790 3750 4970
2030 3790 3750 4960
2020 3790 3750 4970
2020 3800 3740 4970
2030 3810 3760 4960
2030 3810 3760 4970
2020 3800 3760 4970
2030 3790 3750 4960
2040 3800 3760 4960
2040 3800 3750 4950
2040 3790 3750 4950
2040 3800 3760 4950
2040 3800 3760 4960
2040 3790 3760 4960
2040 3800 3750 4960
2040 3800 3750 4960
2040 3790 3760 4960
2050 3800 3760 4960
2050 3800 3760 4960
2050 3800 3770 4950
2040 3810 3760 4960
2040 3800 3760 4960
2040 3790 3750 4950
2040 3790 3750 4950
2040 3790 3760 4950
2040 3790 3760 4950
2040 3790 3770 4950
2040 3790 3770 4950
2040 3800 3760 4950
2040 3800 3770 4950
2040 3800 3770 4950
2040 3800 3770 4960
2040 3800 3770 4960
2030 3790 3770 4960
2040 3790 3770 4950
2040 3790 3770 4960
2040 3800 3770 4960
2040 3800 3760 4960
2040 3800 3760 4960
2040 3800 3760 4970
2040 3800 3760 4970
2040 3790 3760 4970
2040 3790 3750 4970
2040 3800 3760 4970
2040 3800 3760 4970
2040 3810 3760 4960
2040 3800 3760 4960
2040 3810 3770 4960
2050 3810 3770 4960
2040 3800 3760 4960
2040 3800 3760 4960
2040 3800 3760 4950
2040 3810 3760 4950
2040 3810 3760 4950
2040 3810 3760 4950
2040 3790 3760 4950
2040 3790 3760 4960
2050 3800 3760 4960
2050 3800 3740 4960
2040 3800 3730 4960
2060 3800 3720 4960
2070 3800 3730 4950
2070 3800 3750 4950
2060 3800 3750 4960
2050 3800 3750 4960
2040 3810 3750 4960
