2450 4060 3280 4580
2460 4050 3280 4580
2470 4060 3270 4580
2470 4050 3270 4580
2470 4040 3270 4580
2470 4030 3270 4580
2480 4050 3270 4580
2470 4060 3270 4580
2460 4050 3270 4580
2460 4060 3270 4580
2460 4040 3270 4580
2460 4030 3280 4580
2470 4050 3290 4580
2460 4060 3280 4580
2460 4060 3280 4580
2460 4050 3280 4580
2460 4030 3290 4580
2460 4030 3290 4580
2460 4040 3280 4580
2470 4050 3290 4580
2480 4060 3280 4580
2470 4050 3280 4580
2480 4060 3270 4580
2460 4040 3280 4580
2450 4050 3280 4570
2460 4050 3290 4570
2450 4040 3280 4580
2470 4060 3290 4580
2470 4040 3290 4580
2460 4030 3280 4580
2470 4030 3280 4580
2480 4020 3280 4570
2480 4040 3290 4570
2490 4040 3290 4570
2480 4030 3280 4560
2470 4050 3280 4570
2470 4040 3270 4570
2470 4030 3270 4570
2470 4040 3270 4580
2460 4050 3270 4570
2450 4060 3270 4580
2440 4060 3270 4580
2450 4060 3280 4580
2450 4050 3280 4580
2460 4050 3280 4570
2460 4040 3280 4570
2460 4050 3290 4570
2460 4060 3290 4570
2460 4070 3280 4570
2450 4050 3280 4570
2450 4060 3270 4570
2460 4070 3270 4570
2460 4070 3280 4560
2460 4060 3280 4560
2460 4040 3280 4560
2460 4030 3290 4570
2450 4050 3300 4570
2460 4070 3290 4570
2460 4050 3300 4570
2460 4060 3300 4570
2460 4060 3300 4570
2460 4070 3290 4570
2470 4070 3290 4570
2470 4040 3280 4570
2460 4050 3280 4570
2470 4040 3280 4570
2470 4060 3280 4570
2480 4040 3270 4580
2480 4020 3270 4580
2460 4040 3280 4600
2470 4060 3270 4580
2470 4050 3270 4580
2460 4060 3270 4580
2460 4070 3280 4580
2450 4040 3280 4580
2460 4030 3280 4580
2470 4020 3270 4580
2470 4020 3280 4570
2470 4020 3290 4570
2470 4040 3290 4570
2480 4040 3300 4570
2490 4050 3290 4570
2480 4040 3280 4570
2490 4030 3280 4570
2460 4030 3270 4570
2460 4010 3270 4570
2460 4010 3270 4570
2470 4030 3280 4570
2460 4030 3280 4570
2460 4030 3280 4570
2450 4060 3280 4580
2460 4070 3280 4580
2470 4080 3290 4580
2450 4060 3290 4580
2450 4040 3290 4580
2450 4050 3280 4570
2460 4040 3280 4570
2460 4040 3280 4570
2470 4070 3280 4570
2470 4070 3270 4570
2470 4050 3280 4570
2460 4050 3280 4570
2460 4040 3280 4560
2460 4040 3280 4560
2450 4030 3290 4550
2460 4030 3290 4550
2460 4060 3290 4560
2450 4050 3280 4550
2460 4060 3290 4550
2470 4060 3290 4550
2470 4060 3280 4550
2480 4050 3280 4560
2480 4040 3280 4560
2470 4060 3280 4570
2460 4050 3300 4570
2470 4050 3290 4570
2480 4060 3290 4570
2470 4050 3280 4570
2460 4050 3280 4570
2460 4060 3280 4570
2460 4060 3280 4570
2470 4050 3280 4570
2470 4040 3290 4570
2460 4020 3290 4570
2470 4020 3290 4570
2470 4020 3280 4580
2470 4040 3280 4580
2460 4030 3280 4580
2460 4030 3280 4580
2470 4040 3280 4580
2470 4050 3290 4580
2470 4040 3290 4580
2470 4030 3290 4570
2470 4030 3300 4580
2480 4040 3300 4580
2480 4050 3300 4580
2480 4040 3300 4580
2470 4030 3300 4580
2470 4020 3300 4580
2470 4040 3290 4580
2470 4060 3300 4600
2460 4070 3300 4600
2460 4060 3300 4600
2470 4050 3300 4600
2460 4060 3310 4600
2460 4040 3300 4580
2460 4060 3300 4580
2460 4050 3290 4600
2460 4040 3290 4580
2450 4050 3280 4580
2450 4060 3280 4580
2450 4060 3290 4580
2450 4040 3280 4580
2460 4050 3270 4580
2470 4060 3270 4580
2460 4070 3270 4580
2460 4040 3280 4580
2460 4050 3290 4570
2460 4060 3280 4580
2450 4070 3280 4580
2460 4070 3280 4580
2460 4060 3280 4580
2450 4060 3280 4570
2470 4070 3280 4560
2470 4070 3280 4560
2460 4070 3280 4560
2460 4070 3280 4570
2460 4050 3290 4570
2470 4040 3290 4570
2470 4050 3280 4570
2470 4040 3280 4560
2470 4040 3280 4560
2470 4030 3280 4570
2460 4040 3280 4570
2460 4050 3280 4570
2460 4040 3270 4580
2460 4050 3280 4580
2460 4040 3290 4580
2460 4040 3290 4580
2460 4040 3290 4580
2460 4050 3290 4580
2460 4040 3290 4570
2460 4050 3280 4570
2480 4050 3280 4570
2470 4060 3280 4570
2470 4050 3280 4570
2470 4050 3280 4570
2460 4040 3290 4560
2460 4050 3300 4570
2460 4050 3290 4580
2470 4070 3270 4580
2460 4070 3280 4570
2470 4060 3280 4580
2470 4060 3290 4580
2470 4060 3290 4580
2470 4060 3290 4580
2470 4060 3290 4580
2470 4060 3290 4580
2460 4060 3290 4580
2460 4050 3290 4580
2460 4060 3300 4580
2460 4060 3300 4580
2460 4050 3300 4580
2460 4060 3300 4570
2460 4050 3290 4570
2460 4040 3290 4560
2460 4040 3290 4560
2460 4050 3290 4560
2460 4030 3300 4560
2460 4050 3290 4560
2450 4040 3290 4560
2450 4050 3280 4560
2450 4060 3280 4560
2450 4060 3280 4570
2470 4050 3280 4570
2470 4050 3280 4570
2480 4060 3290 4570
2460 4050 3280 4570
2450 4040 3280 4570
2450 4030 3290 4570
2460 4040 3290 4570
2460 4040 3290 4570
2470 4030 3290 4570
2470 4040 3290 4570
2460 4050 3290 4580
2470 4040 3290 4580
2470 4040 3290 4580
2470 4050 3290 4600
2470 4060 3280 4580
2480 4070 3280 4580
2480 4070 3290 4580
2480 4070 3290 4580
2470 4050 3290 4580
2470 4050 3290 4600
2470 4060 3290 4580
2470 4060 3290 4570
2470 4050 3290 4570
2470 4040 3280 4570
2470 4040 3280 4570
2470 4050 3280 4570
2480 4050 3280 4570
2490 4060 3280 4570
2490 4060 3280 4570
2470 4060 3280 4570
2470 4050 3280 4570
2480 4060 3280 4570
2470 4060 3290 4570
2480 4070 3290 4580
2470 4050 3290 4580
2470 4040 3290 4580
2470 4040 3290 4580
2480 4060 3280 4580
2470 4060 3280 4580
2460 4040 3280 4600
2460 4040 3280 4580
2460 4050 3280 4580
2460 4050 3280 4580
2460 4040 3290 4580
2470 4040 3290 4570
2470 4040 3290 4570
2470 4030 3280 4570
2460 4030 3280 4570
2470 4030 3270 4570
2470 4030 3270 4570
2470 4040 3270 4570
2460 4050 3280 4570
2460 4040 3280 4570
2460 4030 3290 4570
2470 4040 3290 4570
2470 4050 3290 4560
2470 4050 3290 4560
2470 4050 3290 4570
2470 4040 3290 4570
2470 4060 3290 4570
2470 4060 3290 4570
2470 4050 3290 4570
2470 4040 3290 4570
2470 4050 3290 4570
2480 4050 3280 4570
2480 4050 3280 4570
2470 4050 3280 4570
2460 4060 3280 4580
2460 4040 3290 4580
2450 4040 3290 4580
2460 4030 3280 4580
