2920 4290 2850 4240
2900 4270 2860 4240
2900 4270 2860 4250
2900 4270 2870 4250
2890 4260 2870 4250
2890 4270 2860 4250
2900 4270 2870 4250
2900 4290 2860 4250
2890 4290 2860 4240
2900 4290 2870 4240
2900 4290 2860 4250
2910 4290 2860 4240
2920 4290 2860 4230
2910 4300 2880 4230
2920 4300 2880 4230
2910 4310 2870 4240
2920 4300 2870 4240
2920 4290 2880 4240
2920 4300 2880 4240
2920 4290 2880 4240
2910 4290 2880 4240
2910 4300 2880 4230
2920 4310 2880 4230
2920 4310 2860 4230
2920 4310 2860 4240
2920 4310 2860 4240
2910 4300 2860 4240
2910 4290 2860 4240
2900 4290 2860 4250
2920 4290 2860 4250
2910 4300 2860 4250
2910 4290 2860 4240
2910 4290 2860 4240
2910 4290 2860 4240
2910 4290 2860 4240
2910 4300 2860 4250
2920 4290 2850 4250
2910 4300 2860 4260
2910 4310 2860 4270
2910 4300 2860 4270
2920 4290 2850 4260
2910 4290 2850 4240
2910 4290 2870 4250
2910 4270 2860 4240
2910 4290 2860 4250
2910 4290 2860 4250
2910 4300 2860 4230
2920 4290 2860 4230
2920 4300 2850 4240
2920 4310 2840 4230
2920 4300 2850 4230
2920 4290 2850 4240
2920 4290 2860 4250
2920 4290 2860 4250
2920 4290 2860 4240
2920 4290 2860 4250
2920 4290 2860 4250
2930 4300 2860 4240
2930 4290 2850 4240
2930 4290 2850 4240
2930 4290 2850 4240
2930 4290 2860 4240
2930 4290 2860 4250
2930 4290 2860 4240
2920 4290 2870 4240
2920 4300 2870 4240
2920 4300 2870 4240
2920 4270 2880 4240
2920 4290 2870 4240
2920 4290 2870 4240
2930 4300 2870 4240
2930 4310 2870 4240
2930 4310 2870 4240
2920 4310 2860 4240
2920 4300 2850 4240
2920 4300 2850 4240
2920 4300 2850 4240
2920 4300 2850 4240
2920 4300 2850 4230
2930 4310 2850 4230
2930 4310 2850 4240
2930 4310 2850 4240
2930 4300 2860 4240
2940 4300 2850 4240
2940 4310 2850 4250
2940 4290 2850 4250
2940 4300 2850 4250
2940 4300 2860 4240
2960 4310 2880 4250
2950 4300 2870 4250
2950 4300 2870 4250
2940 4300 2870 4240
2940 4300 2860 4250
2940 4290 2860 4240
2920 4290 2880 4240
2920 4300 2880 4240
2910 4300 2870 4240
2910 4290 2870 4250
2910 4300 2860 4250
2910 4310 2860 4250
2910 4300 2860 4260
2920 4310 2860 4260
2920 4300 2870 4260
2920 4300 2880 4250
2920 4300 2880 4240
2930 4300 2880 4250
2930 4310 2880 4260
2930 4310 2880 4260
2930 4310 2880 4250
2930 4310 2870 4260
2940 4310 2870 4250
2930 4290 2870 4240
2930 4310 2870 4250
2930 4310 2860 4260
2930 4310 2850 4260
2930 4310 2850 4260
2930 4290 2850 4260
2920 4290 2850 4260
2920 4270 2850 4260
2920 4290 2850 4260
2920 4290 2850 4260
2920 4300 2860 4260
2930 4290 2860 4260
2930 4290 2860 4260
2930 4290 2860 4270
2930 4270 2860 4260
2930 4290 2860 4260
2920 4290 2860 4260
2910 4290 2870 4260
2920 4290 2870 4260
2910 4300 2870 4250
2910 4290 2870 4270
2920 4290 2870 4260
2930 4300 2860 4260
2930 4300 2860 4250
2930 4300 2860 4260
2920 4290 2860 4260
2930 4290 2860 4260
2920 4300 2860 4260
2920 4300 2860 4260
2920 4310 2860 4250
2930 4320 2850 4250
2930 4310 2850 4260
2930 4310 2850 4250
2930 4310 2850 4240
2930 4300 2840 4240
2930 4300 2850 4250
2930 4310 2860 4250
2930 4300 2860 4250
2940 4300 2850 4250
2950 4310 2860 4250
2950 4300 2860 4240
2940 4290 2850 4250
2940 4290 2850 4240
2930 4300 2850 4240
2930 4300 2840 4250
2930 4300 2840 4240
2930 4290 2840 4230
2930 4300 2850 4240
2930 4300 2850 4240
2930 4300 2850 4240
2930 4310 2850 4250
2930 4310 2870 4250
2930 4300 2870 4250
2930 4310 2870 4260
2940 4310 2870 4260
2940 4300 2860 4260
2940 4290 2860 4260
2940 4290 2860 4260
2940 4290 2860 4260
2940 4290 2870 4260
2940 4300 2860 4260
2940 4310 2860 4250
2940 4310 2850 4240
2940 4310 2860 4250
2930 4320 2860 4250
2930 4320 2860 4260
2930 4310 2860 4260
2930 4300 2860 4250
2940 4290 2860 4250
2940 4270 2860 4250
2940 4270 2860 4250
2940 4270 2870 4240
2940 4290 2860 4240
2950 4290 2850 4240
2950 4270 2850 4240
2950 4290 2850 4240
2940 4300 2850 4240
2940 4300 2840 4250
2940 4310 2840 4240
2930 4300 2840 4230
2930 4310 2840 4240
2930 4310 2850 4240
2930 4270 2850 4240
2930 4290 2850 4250
2930 4290 2860 4240
2930 4300 2860 4250
2930 4300 2870 4250
2930 4300 2870 4240
2920 4290 2860 4240
2920 4290 2860 4240
2920 4300 2860 4240
2920 4290 2860 4240
2920 4270 2870 4240
2930 4260 2860 4250
2930 4290 2860 4240
2930 4270 2860 4230
2930 4290 2860 4250
2930 4300 2860 4250
2930 4290 2860 4250
2930 4300 2860 4240
2930 4310 2860 4240
2930 4300 2860 4240
2930 4300 2860 4240
2930 4300 2850 4250
2930 4300 2850 4240
2930 4290 2860 4240
2920 4300 2850 4250
2920 4300 2850 4260
2920 4300 2860 4260
2920 4270 2860 4250
2920 4300 2860 4250
2920 4310 2860 4240
2920 4310 2860 4240
2920 4310 2870 4230
2920 4310 2870 4240
2920 4310 2860 4240
2930 4310 2860 4240
2930 4290 2860 4240
2930 4290 2860 4240
2930 4300 2860 4250
2930 4310 2860 4250
2930 4300 2860 4250
2930 4300 2860 4240
2940 4290 2860 4240
2940 4300 2860 4240
2930 4310 2860 4240
2930 4310 2860 4240
2930 4310 2860 4250
2930 4300 2860 4250
2930 4300 2850 4250
2930 4290 2850 4250
2930 4290 2860 4250
2930 4300 2860 4250
2930 4310 2860 4240
2930 4290 2860 4230
2930 4290 2860 4230
2930 4300 2860 4240
2920 4300 2870 4250
2920 4310 2860 4250
2920 4310 2850 4250
2920 4300 2850 4250
2920 4300 2850 4240
2930 4300 2860 4240
2930 4300 2860 4230
2950 4310 2860 4240
2950 4300 2860 4230
2940 4300 2860 4230
2940 4300 2860 4240
2930 4290 2860 4230
2930 4300 2870 4240
2930 4300 2860 4250
2930 4290 2860 4240
2930 4290 2860 4240
2930 4300 2860 4230
2930 4300 2850 4230
2930 4300 2850 4230
2930 4290 2850 4240
2930 4300 2850 4230
2930 4310 2850 4240
2930 4310 2850 4250
2930 4300 2850 4240
2920 4310 2850 4240
2930 4290 2840 4250
2930 4290 2840 4240
2930 4290 2850 4250
2930 4300 2850 4250
2940 4300 2850 4250
2940 4310 2850 4250
2940 4300 2850 4250
2940 4290 2850 4250
2940 4290 2860 4250
2940 4290 2860 4250
2940 4300 2850 4240
2940 4290 2850 4250
2930 4290 2840 4250
2930 4300 2850 4240
2930 4300 2850 4230
2940 4290 2860 4250
2940 4290 2860 4250
2940 4300 2850 4240
2940 4300 2850 4230
2940 4310 2850 4230
2940 4300 2850 4230
2940 4300 2860 4230
2940 4290 2860 4240
2930 4290 2860 4240
2930 4300 2870 4250
2940 4290 2870 4250
2940 4300 2870 4250
2940 4310 2860 4250
2940 4310 2860 4250
2940 4310 2860 4250
2930 4300 2860 4250
2930 4310 2860 4260
2930 4310 2860 4250
2930 4300 2860 4240
