3390 4600 2430 3930
3390 4580 2430 3940
3390 4600 2420 3940
3390 4600 2430 3940
3390 4610 2440 3940
3390 4610 2440 3940
3390 4600 2440 3940
3390 4610 2440 3940
3390 4620 2440 3940
3390 4620 2430 3930
3390 4630 2420 3930
3390 4630 2430 3940
3380 4630 2430 3950
3380 4630 2420 3950
3380 4630 2420 3940
3380 4630 2420 3940
3390 4630 2430 3940
3390 4640 2440 3940
3400 4640 2440 3940
3400 4620 2440 3940
3390 4630 2450 3940
3390 4630 2440 3940
3380 4630 2430 3940
3390 4630 2430 3940
3390 4630 2440 3940
3390 4610 2430 3930
3390 4610 2430 3930
3390 4600 2430 3930
3400 4620 2430 3930
3400 4610 2440 3940
3400 4600 2430 3940
3400 4610 2430 3940
3400 4620 2420 3940
3400 4630 2430 3940
3400 4630 2430 3930
3400 4630 2440 3930
3400 4610 2440 3930
3400 4600 2450 3940
3390 4600 2440 3940
3390 4610 2440 3940
3390 4610 2430 3940
3390 4610 2440 3940
3390 4600 2440 3940
3400 4600 2440 3940
3390 4600 2440 3930
3400 4610 2440 3930
3400 4610 2450 3930
3380 4610 2450 3930
3390 4620 2450 3930
3390 4620 2450 3930
3390 4610 2430 3930
3390 4600 2440 3930
3390 4600 2450 3930
3390 4610 2450 3930
3390 4620 2440 3930
3380 4610 2440 3930
3380 4620 2440 3930
3380 4620 2430 3940
3390 4620 2440 3940
3380 4610 2440 3940
3380 4620 2440 3940
3380 4620 2440 3940
3380 4630 2440 3940
3370 4610 2440 3940
3370 4600 2430 3930
3370 4600 2420 3930
3370 4610 2430 3930
3380 4610 2420 3930
3390 4620 2430 3940
3400 4620 2440 3940
3400 4620 2440 3940
3400 4620 2440 3940
3390 4620 2440 3940
3400 4620 2450 3940
3390 4620 2450 3940
3390 4630 2440 3940
3390 4630 2430 3940
3390 4610 2440 3940
3400 4610 2440 3940
3400 4620 2430 3930
3400 4620 2450 3930
3410 4610 2450 3930
3410 4610 2440 3930
3410 4610 2440 3930
3410 4620 2440 3930
3410 4630 2430 3940
3410 4630 2450 3940
3410 4630 2460 3940
3410 4630 2460 3940
3410 4630 2450 3940
3400 4630 2440 3940
3400 4630 2440 3940
3410 4630 2450 3940
3400 4630 2440 3930
3400 4630 2430 3940
3400 4620 2430 3940
3390 4620 2420 3950
3390 4630 2440 3940
3380 4630 2440 3940
3390 4630 2440 3930
3390 4630 2440 3930
3390 4620 2430 3930
3390 4620 2420 3930
3390 4630 2420 3940
3400 4630 2430 3940
3390 4630 2440 3940
3390 4630 2440 3940
3400 4630 2440 3940
3390 4630 2450 3930
3400 4630 2440 3930
3400 4630 2430 3930
3400 4630 2420 3930
3390 4630 2440 3930
3390 4610 2440 3930
3390 4610 2440 3930
3400 4620 2440 3920
3400 4620 2430 3920
3400 4620 2430 3920
3400 4620 2420 3930
3400 4620 2420 3930
3400 4610 2430 3930
3390 4610 2430 3930
3390 4610 2430 3930
3390 4610 2430 3940
3390 4620 2440 3930
3390 4610 2430 3930
3390 4610 2430 3930
3390 4630 2430 3930
3390 4620 2440 3930
3390 4620 2430 3920
3380 4610 2420 3930
3380 4610 2430 3930
3380 4620 2420 3930
3380 4620 2420 3930
3390 4620 2430 3940
3390 4620 2430 3940
3390 4610 2430 3940
3380 4600 2430 3940
3390 4610 2430 3940
3390 4600 2430 3940
3400 4600 2430 3940
3390 4600 2440 3940
3390 4600 2440 3940
3390 4610 2440 3940
3390 4610 2440 3940
3390 4600 2430 3930
3390 4600 2420 3930
3390 4580 2430 3930
3390 4580 2430 3920
3390 4580 2440 3920
3390 4610 2440 3930
3390 4600 2440 3920
3390 4610 2450 3930
3390 4610 2450 3930
3390 4610 2440 3940
3390 4620 2430 3940
3390 4630 2430 3940
3390 4630 2430 3930
3390 4620 2430 3930
3390 4620 2430 3930
3390 4620 2430 3930
3390 4620 2430 3940
3390 4630 2430 3920
3390 4620 2440 3920
3390 4630 2450 3930
3390 4620 2450 3940
3390 4610 2450 3940
3390 4610 2440 3940
3400 4620 2440 3950
3400 4630 2440 3950
3400 4610 2440 3950
3400 4610 2440 3950
3400 4610 2430 3950
3410 4610 2440 3950
3410 4620 2440 3950
3410 4600 2450 3950
3410 4600 2440 3950
3410 4600 2440 3940
3400 4600 2440 3940
3400 4600 2440 3940
3400 4610 2430 3940
3400 4600 2430 3940
3380 4610 2430 3940
3390 4610 2430 3940
3390 4610 2430 3940
3390 4610 2440 3950
3390 4620 2440 3950
3390 4620 2450 3950
3400 4620 2450 3950
3400 4620 2440 3950
3390 4610 2440 3950
3390 4600 2440 3950
3390 4600 2440 3950
3390 4610 2440 3950
3390 4610 2440 3950
3390 4610 2440 3950
3390 4620 2450 3940
3390 4620 2450 3940
3390 4620 2450 3930
3390 4620 2440 3930
3390 4620 2440 3930
3390 4610 2430 3930
3400 4610 2430 3940
3400 4610 2430 3940
3400 4620 2430 3940
3390 4610 2430 3930
3390 4610 2430 3930
3390 4610 2430 3930
3380 4600 2440 3930
3380 4610 2450 3930
3390 4620 2450 3940
3390 4610 2440 3940
3390 4600 2450 3940
3380 4600 2460 3940
3380 4600 2460 3940
3380 4610 2460 3940
3380 4620 2440 3940
3390 4610 2440 3950
3380 4610 2440 3950
3390 4610 2430 3940
3380 4610 2430 3940
3390 4600 2440 3940
3390 4600 2450 3950
3390 4600 2450 3950
3390 4610 2450 3950
3390 4600 2440 3950
3390 4610 2440 3950
3390 4610 2440 3950
3390 4610 2440 3950
3390 4610 2450 3950
3390 4610 2450 3950
3380 4610 2460 3950
3380 4610 2450 3950
3390 4610 2450 3930
3390 4620 2460 3920
3390 4610 2460 3930
3390 4610 2440 3930
3370 4610 2440 3930
3380 4610 2440 3930
3380 4610 2440 3930
3370 4620 2430 3940
3380 4610 2430 3930
3390 4610 2430 3930
3380 4610 2430 3940
3390 4620 2440 3940
3390 4610 2430 3940
3390 4620 2440 3940
3390 4620 2440 3940
3390 4620 2450 3940
3390 4620 2450 3940
3390 4620 2440 3940
3390 4600 2430 3940
3390 4580 2430 3940
3390 4600 2430 3940
3390 4610 2430 3930
3390 4610 2420 3930
3390 4610 2430 3930
3370 4620 2420 3920
3370 4620 2420 3930
3370 4620 2420 3930
3380 4620 2420 3920
3380 4620 2420 3920
3380 4620 2430 3930
3390 4610 2450 3930
3390 4610 2450 3930
3390 4620 2450 3930
3390 4610 2440 3930
3390 4610 2450 3930
3390 4600 2440 3940
3380 4580 2440 3930
3380 4600 2440 3930
3370 4610 2440 3920
3370 4620 2440 3930
3370 4610 2450 3930
3390 4610 2450 3920
3380 4620 2450 3920
3380 4620 2440 3920
3380 4610 2440 3920
3380 4610 2440 3920
3380 4620 2450 3920
3370 4620 2450 3920
3370 4610 2440 3920
3380 4610 2430 3920
3380 4610 2430 3920
3380 4610 2430 3930
3380 4610 2420 3930
3380 4610 2420 3930
3380 4620 2420 3940
3380 4610 2420 3950
3390 4620 2420 3950
3380 4620 2430 3950
3390 4620 2440 3940
3390 4620 2440 3940
3390 4610 2440 3940
3390 4620 2430 3930
3400 4620 2430 3930
3400 4620 2440 3920
3410 4580 2430 3930
3410 4600 2430 3930
3390 4610 2430 3940
3390 4600 2430 3940
3390 4610 2430 3940
3390 4620 2430 3940
3390 4610 2440 3940
3390 4610 2450 3930
3390 4610 2450 3930
3380 4610 2450 3930
3380 4610 2440 3930
3370 4600 2440 3920
