3770 4940 2080 3650
3770 4930 2080 3650
3770 4930 2080 3670
3770 4950 2080 3670
3770 4950 2070 3670
3770 4950 2080 3670
3770 4960 2090 3680
3770 4960 2090 3690
3770 4950 2090 3680
3780 4950 2080 3680
3770 4950 2090 3680
3770 4960 2090 3680
3760 4970 2110 3680
3760 4950 2110 3670
3770 4930 2090 3670
3770 4930 2090 3670
3770 4930 2090 3650
3770 4930 2090 3650
3770 4930 2090 3650
3770 4920 2090 3650
3770 4940 2090 3650
3770 4940 2080 3650
3770 4940 2070 3650
3770 4940 2080 3650
3770 4940 2080 3650
3770 4940 2080 3670
3770 4930 2090 3680
3770 4940 2090 3680
3780 4940 2090 3680
3780 4930 2090 3680
3780 4940 2080 3680
3780 4940 2080 3680
3780 4930 2090 3680
3770 4940 2090 3680
3780 4940 2110 3680
3780 4960 2110 3680
3780 4950 2090 3680
3780 4950 2090 3680
3780 4950 2090 3680
3780 4940 2090 3680
3770 4930 2090 3670
3770 4930 2090 3670
3770 4950 2090 3670
3780 4940 2090 3670
3780 4940 2090 3680
3790 4930 2090 3650
3790 4940 2090 3670
3780 4940 2090 3680
3770 4940 2090 3680
3780 4940 2090 3680
3770 4940 2090 3680
3770 4940 2090 3680
3770 4950 2070 3690
3770 4960 2070 3680
3770 4960 2080 3680
3760 4970 2080 3680
3760 4950 2080 3680
3770 4950 2080 3680
3760 4940 2070 3690
3750 4940 2080 3690
3760 4940 2090 3690
3760 4950 2090 3680
3770 4940 2090 3680
3770 4940 2080 3680
3770 4960 2080 3680
3780 4960 2080 3680
3780 4960 2090 3680
3770 4950 2090 3670
3770 4960 2090 3670
3770 4950 2090 3670
3770 4950 2090 3670
3770 4960 2090 3670
3770 4970 2090 3670
3770 4960 2080 3670
3770 4960 2070 3680
3770 4950 2080 3680
3770 4950 2080 3680
3770 4940 2080 3680
3770 4950 2090 3680
3770 4950 2090 3680
3770 4950 2090 3680
3770 4960 2080 3680
3760 4950 2080 3680
3760 4950 2070 3690
3770 4960 2080 3680
3770 4950 2080 3670
3760 4940 2080 3680
3760 4950 2080 3680
3760 4960 2070 3680
3770 4960 2070 3680
3760 4960 2080 3680
3760 4950 2080 3690
3770 4940 2080 3680
3770 4940 2080 3680
3770 4940 2090 3680
3770 4940 2080 3670
3780 4940 2080 3670
3770 4940 2070 3670
3780 4930 2070 3650
3770 4940 2080 3670
3770 4940 2080 3670
3770 4960 2080 3680
3780 4960 2070 3680
3770 4940 2070 3680
3770 4940 2080 3680
3770 4940 2080 3670
3770 4940 2080 3670
3780 4940 2090 3680
3780 4940 2090 3670
3780 4930 2090 3670
3780 4940 2080 3670
3780 4940 2090 3670
3770 4940 2080 3670
3780 4940 2080 3670
3770 4950 2080 3670
3770 4940 2080 3670
3770 4930 2080 3650
3770 4930 2070 3650
3770 4930 2070 3670
3770 4940 2080 3670
3780 4940 2090 3670
3780 4950 2090 3670
3780 4950 2090 3670
3780 4940 2090 3670
3770 4950 2090 3670
3770 4940 2090 3670
3780 4930 2090 3670
3780 4930 2090 3670
3780 4950 2090 3670
3780 4950 2090 3670
3780 4960 2110 3670
3780 4950 2090 3670
3780 4940 2090 3670
3780 4940 2080 3670
3780 4940 2090 3670
3770 4950 2090 3670
3770 4960 2090 3680
3770 4950 2080 3680
3770 4940 2090 3680
3770 4930 2110 3670
3770 4930 2110 3680
3770 4930 2090 3680
3770 4920 2080 3680
3770 4920 2080 3680
3770 4960 2090 3680
3770 4960 2090 3690
3780 4970 2090 3680
3780 4970 2090 3680
3780 4940 2090 3680
3780 4930 2090 3680
3780 4930 2090 3680
3780 4940 2090 3680
3780 4930 2090 3670
3780 4930 2090 3670
3780 4920 2080 3670
3780 4920 2080 3670
3770 4930 2080 3670
3770 4930 2080 3680
3770 4940 2090 3680
3770 4930 2090 3680
3780 4940 2090 3680
3770 4940 2090 3680
3780 4940 2090 3680
3770 4940 2110 3680
3770 4940 2110 3680
3770 4940 2090 3680
3770 4940 2090 3680
3770 4940 2090 3680
3770 4940 2090 3670
3770 4950 2080 3670
3770 4950 2080 3670
3770 4950 2080 3670
3780 4950 2080 3670
3780 4940 2080 3670
3780 4930 2080 3670
3780 4930 2080 3670
3770 4920 2090 3680
3770 4940 2090 3670
3770 4940 2090 3670
3770 4940 2080 3670
3780 4940 2080 3680
3780 4940 2080 3680
3780 4940 2080 3680
3780 4940 2070 3680
3780 4940 2080 3680
3780 4940 2090 3680
3780 4940 2090 3680
3780 4940 2090 3680
3780 4940 2090 3670
3780 4950 2090 3670
3780 4950 2090 3670
3780 4940 2090 3640
3780 4940 2080 3650
3770 4930 2080 3670
3780 4940 2080 3670
3790 4940 2080 3670
3790 4940 2070 3650
3790 4930 2070 3650
3790 4940 2080 3650
3780 4940 2090 3670
3790 4940 2090 3670
3800 4930 2090 3670
3800 4940 2090 3670
3790 4930 2090 3670
3790 4950 2110 3670
3790 4940 2090 3680
3780 4940 2090 3690
3780 4940 2090 3690
3780 4940 2090 3670
3780 4970 2090 3650
3780 4960 2090 3670
3770 4960 2080 3670
3770 4960 2080 3670
3770 4960 2080 3670
3770 4950 2080 3650
3770 4950 2070 3650
3780 4940 2080 3650
3790 4940 2080 3650
3790 4940 2090 3650
3780 4940 2090 3650
3780 4940 2090 3650
3780 4930 2090 3650
3770 4930 2090 3670
3770 4930 2090 3670
3770 4930 2090 3670
3770 4940 2090 3670
3780 4940 2090 3670
3780 4940 2090 3670
