4250 5350 1740 3520
4250 5360 1730 3510
4250 5370 1740 3500
4250 5370 1730 3500
4250 5350 1730 3500
4250 5340 1730 3510
4250 5340 1720 3510
4250 5350 1720 3510
4240 5350 1730 3510
4240 5340 1720 3500
4240 5350 1730 3500
4240 5340 1730 3510
4250 5340 1730 3510
4250 5350 1740 3510
4250 5350 1730 3500
4260 5350 1730 3500
4260 5360 1720 3500
4250 5360 1710 3510
4240 5340 1720 3500
4240 5350 1720 3490
4250 5350 1730 3490
4240 5350 1740 3490
4240 5350 1740 3490
4240 5360 1740 3490
4250 5350 1730 3500
4240 5340 1730 3500
4240 5350 1730 3490
4240 5350 1740 3490
4250 5340 1740 3500
4240 5340 1720 3500
4240 5340 1740 3510
4240 5330 1730 3500
4240 5330 1730 3500
4250 5350 1730 3500
4260 5340 1740 3500
4260 5350 1740 3500
4250 5340 1730 3510
4250 5340 1730 3510
4260 5340 1730 3510
4260 5340 1720 3500
4260 5350 1720 3490
4250 5350 1730 3490
4250 5350 1720 3500
4250 5350 1700 3500
4240 5350 1720 3510
4240 5350 1730 3500
4240 5340 1730 3500
4240 5340 1730 3490
4240 5350 1720 3490
4240 5330 1720 3490
4240 5320 1730 3490
4240 5330 1730 3490
4240 5330 1730 3490
4240 5330 1730 3490
4230 5340 1730 3490
4230 5350 1720 3490
4240 5360 1720 3490
4250 5350 1720 3490
4240 5350 1730 3480
4240 5360 1730 3490
4240 5360 1730 3490
4240 5360 1740 3490
4260 5360 1730 3500
4250 5360 1720 3500
4250 5360 1720 3500
4260 5340 1720 3490
4250 5350 1710 3500
4250 5360 1730 3500
4250 5340 1740 3490
4260 5330 1730 3500
4260 5320 1730 3510
4260 5320 1720 3490
4260 5330 1730 3490
4260 5350 1730 3500
4260 5350 1730 3490
4250 5330 1720 3490
4240 5330 1720 3500
4250 5340 1730 3500
4250 5350 1730 3500
4260 5350 1730 3490
4260 5340 1720 3490
4260 5340 1720 3500
4250 5340 1720 3500
4240 5340 1720 3500
4240 5330 1730 3490
4260 5330 1730 3490
4260 5340 1730 3490
4260 5340 1730 3490
4270 5340 1720 3500
4260 5340 1710 3500
4260 5350 1710 3510
4260 5350 1710 3510
4260 5340 1710 3510
4240 5350 1700 3500
4240 5340 1710 3490
4250 5340 1710 3500
4250 5330 1720 3500
4260 5340 1730 3500
4270 5340 1730 3500
4270 5340 1730 3490
4270 5330 1730 3480
4270 5330 1720 3490
4270 5330 1730 3490
4270 5330 1720 3500
4260 5340 1730 3500
4260 5340 1730 3490
4250 5340 1730 3490
4240 5340 1730 3490
4240 5350 1730 3500
4240 5350 1730 3510
4240 5340 1730 3500
4250 5330 1720 3500
4250 5340 1720 3490
4250 5350 1720 3490
4250 5350 1720 3490
4240 5340 1730 3490
4250 5340 1730 3490
4260 5340 1720 3500
4260 5340 1720 3510
4260 5340 1720 3500
4260 5350 1720 3500
4260 5360 1720 3500
4270 5340 1720 3500
4270 5340 1730 3490
4260 5350 1740 3490
4250 5340 1740 3490
4240 5340 1730 3490
4240 5350 1730 3480
4240 5360 1720 3490
4240 5360 1720 3490
4240 5360 1730 3500
4240 5360 1730 3500
4250 5360 1730 3500
4240 5370 1740 3500
4240 5360 1760 3490
4250 5360 1780 3500
4250 5370 1780 3490
4260 5370 1770 3500
4250 5370 1770 3510
4240 5360 1770 3510
4250 5360 1760 3510
4260 5370 1750 3510
4260 5370 1750 3500
4260 5370 1740 3500
4260 5380 1740 3500
4250 5360 1740 3500
4250 5350 1750 3500
4250 5360 1750 3500
4250 5380 1750 3510
4250 5370 1740 3510
4250 5350 1740 3490
4240 5340 1740 3490
4240 5360 1740 3490
4230 5360 1750 3490
4240 5370 1750 3500
4260 5360 1750 3500
4260 5360 1740 3500
4260 5370 1760 3490
4260 5370 1750 3510
4250 5370 1740 3500
4260 5380 1740 3500
4260 5380 1740 3500
4260 5360 1750 3490
4260 5360 1750 3490
4260 5350 1750 3490
4270 5350 1740 3490
4270 5350 1740 3490
4260 5350 1740 3490
4260 5360 1740 3490
4260 5350 1730 3480
4260 5350 1730 3490
4260 5350 1730 3500
4260 5350 1740 3500
4260 5350 1750 3490
4260 5340 1750 3490
4260 5340 1740 3480
4260 5350 1740 3480
4270 5330 1750 3490
4270 5320 1760 3490
4270 5340 1760 3490
4270 5340 1760 3490
4270 5350 1770 3490
4260 5330 1770 3500
4260 5350 1780 3490
4260 5350 1800 3490
4260 5360 1780 3490
4250 5350 1780 3500
4260 5350 1800 3490
4260 5360 1810 3490
4250 5360 1800 3500
