4740 5720 1560 3410
4740 5710 1560 3410
4740 5720 1560 3410
4750 5730 1560 3410
4750 5720 1550 3410
4750 5730 1560 3410
4740 5730 1560 3410
4740 5730 1560 3410
4750 5730 1570 3420
4760 5720 1580 3420
4760 5720 1570 3410
4760 5720 1560 3410
4760 5730 1560 3400
4760 5730 1550 3400
4750 5730 1550 3400
4760 5730 1570 3400
4760 5730 1570 3400
4760 5730 1570 3420
4770 5730 1570 3410
4770 5730 1570 3400
4760 5730 1570 3390
4760 5730 1570 3390
4760 5730 1570 3390
4760 5730 1560 3410
4760 5720 1560 3420
4760 5730 1560 3420
4750 5730 1560 3420
4750 5720 1560 3430
4740 5730 1560 3430
4730 5730 1560 3430
4740 5740 1560 3430
4750 5740 1560 3420
4740 5740 1570 3410
4750 5740 1570 3410
4750 5740 1580 3410
4740 5740 1580 3410
4750 5740 1570 3400
4750 5740 1570 3400
4750 5740 1560 3400
4750 5740 1560 3400
4750 5730 1560 3400
4760 5720 1580 3410
4750 5720 1570 3420
4740 5720 1570 3420
4740 5720 1590 3410
4740 5720 1590 3410
4740 5720 1590 3410
4750 5720 1580 3410
4750 5720 1570 3420
4750 5720 1570 3420
4750 5720 1560 3420
4750 5730 1560 3420
4760 5730 1560 3420
4750 5730 1560 3420
4750 5730 1560 3410
4750 5730 1570 3420
4750 5740 1560 3410
4750 5740 1560 3410
4740 5740 1560 3420
4740 5730 1550 3410
4760 5720 1550 3410
4760 5720 1550 3410
4760 5720 1550 3410
4760 5720 1560 3410
4740 5730 1560 3410
4730 5720 1570 3400
4730 5720 1570 3410
4740 5720 1580 3410
4740 5720 1560 3410
4730 5730 1560 3420
4730 5730 1560 3420
4730 5720 1560 3420
4750 5730 1560 3420
4760 5730 1560 3420
4760 5720 1560 3420
4760 5720 1570 3420
4760 5720 1560 3420
4760 5730 1570 3420
4750 5720 1560 3420
4750 5730 1560 3410
4750 5730 1550 3410
4750 5740 1560 3410
4760 5730 1550 3410
4760 5730 1570 3410
4760 5730 1560 3410
4760 5720 1560 3420
4750 5710 1560 3410
4740 5710 1560 3400
4760 5720 1570 3400
4760 5710 1570 3400
4760 5720 1570 3400
4750 5720 1560 3400
4750 5720 1550 3400
4750 5720 1550 3400
4740 5720 1560 3400
4740 5720 1560 3400
4740 5730 1560 3410
4730 5720 1560 3410
4730 5720 1560 3400
4730 5720 1560 3410
4730 5720 1550 3400
4730 5720 1550 3400
4740 5720 1570 3410
4740 5730 1560 3410
4740 5730 1570 3410
4740 5730 1570 3410
4720 5730 1560 3410
4720 5720 1560 3410
4730 5710 1570 3410
4730 5720 1580 3410
4740 5730 1570 3410
4740 5720 1570 3410
4740 5720 1570 3410
4740 5720 1570 3410
4750 5720 1570 3430
4740 5720 1570 3430
4740 5720 1570 3420
4750 5730 1570 3410
4740 5730 1570 3400
4740 5730 1570 3400
4740 5740 1580 3400
4740 5740 1570 3400
4730 5720 1560 3400
4740 5730 1570 3400
4740 5730 1560 3400
4750 5730 1560 3400
4740 5730 1550 3400
4740 5730 1560 3400
4740 5720 1560 3400
4730 5720 1560 3410
4750 5730 1560 3410
4760 5720 1560 3410
4740 5720 1570 3410
4760 5720 1580 3410
4750 5720 1580 3410
4750 5730 1580 3410
4750 5730 1580 3400
4750 5730 1580 3400
4740 5720 1580 3400
4740 5730 1580 3410
4740 5730 1570 3410
4730 5720 1570 3410
4740 5720 1570 3410
4730 5710 1570 3410
4730 5710 1570 3410
4730 5720 1560 3410
4750 5730 1560 3410
4750 5730 1570 3400
4760 5720 1560 3390
4750 5720 1560 3390
4750 5720 1560 3390
4750 5710 1560 3390
4750 5710 1550 3390
4750 5710 1560 3400
4740 5710 1560 3400
4740 5710 1560 3400
4740 5710 1560 3410
4740 5710 1560 3410
4740 5720 1560 3410
4740 5710 1560 3420
4740 5720 1560 3420
4740 5720 1560 3400
4750 5710 1560 3410
4750 5710 1560 3410
4750 5710 1550 3410
4750 5720 1550 3410
4750 5720 1560 3410
4740 5730 1570 3410
4740 5730 1560 3410
4750 5730 1570 3410
4750 5740 1570 3400
4750 5740 1560 3400
4750 5740 1560 3400
4750 5750 1570 3410
4740 5750 1570 3410
4750 5750 1570 3410
4750 5750 1570 3410
4750 5750 1560 3410
4740 5750 1560 3410
4730 5740 1560 3400
4730 5740 1570 3400
4730 5740 1570 3400
4730 5730 1560 3400
4720 5740 1580 3400
4720 5730 1570 3400
4730 5720 1570 3400
4740 5730 1560 3410
4750 5740 1560 3410
4750 5750 1560 3410
4750 5750 1560 3410
4750 5750 1560 3410
4730 5730 1550 3400
4730 5730 1550 3410
4740 5730 1570 3410
4720 5730 1560 3410
4710 5730 1550 3400
4730 5730 1550 3400
4730 5730 1560 3410
4730 5730 1560 3410
4740 5730 1570 3410
4750 5730 1560 3410
4750 5740 1560 3410
4750 5740 1570 3410
4750 5730 1560 3410
4740 5730 1570 3410
4750 5720 1570 3410
4750 5730 1570 3410
4760 5730 1570 3410
4760 5720 1560 3410
