4090 5660 1570 3980
4090 5670 1570 3960
4090 5670 1570 3950
4090 5670 1570 3950
4090 5670 1560 3960
4110 5670 1580 3960
4100 5660 1580 3980
4090 5670 1580 3990
4090 5660 1580 3980
4090 5670 1580 3960
4080 5670 1570 3950
4080 5660 1570 3950
4080 5660 1560 3950
4080 5660 1560 3940
4090 5660 1560 3940
4100 5660 1560 3940
4110 5660 1560 3940
4120 5670 1560 3950
4120 5670 1560 3950
4110 5670 1560 3950
4100 5660 1560 3980
4100 5650 1560 3960
4120 5650 1560 3980
4130 5650 1570 3990
4130 5650 1570 3980
4120 5650 1560 3960
4110 5650 1560 3960
4110 5650 1570 3960
4110 5650 1570 3980
4110 5650 1570 3980
4100 5650 1570 3960
4110 5660 1570 3980
4100 5660 1560 3990
4110 5660 1550 4000
4100 5660 1560 4000
4100 5660 1560 4000
4090 5680 1570 3990
4090 5670 1570 3990
4110 5670 1570 3990
4110 5670 1570 3960
4110 5670 1570 3960
4100 5670 1570 3980
4090 5670 1570 3980
4090 5680 1560 3980
4080 5680 1560 3990
4080 5690 1560 3980
4080 5690 1550 3990
4080 5690 1550 3990
4080 5690 1550 3990
4080 5690 1560 3990
4090 5690 1560 3980
4080 5690 1560 3980
4080 5690 1570 3980
4080 5700 1570 3960
4080 5700 1570 3960
4080 5690 1560 3980
4080 5680 1570 3990
4080 5680 1570 3980
4080 5670 1570 3960
4100 5660 1570 3980
4100 5660 1570 3960
4100 5660 1560 3960
4090 5660 1560 3950
4100 5660 1560 3980
4100 5670 1550 3960
4100 5680 1550 3980
4100 5680 1560 3980
4110 5670 1560 3990
4100 5670 1560 3990
4100 5670 1560 3980
4110 5670 1560 3980
4120 5650 1550 3980
4120 5650 1550 3980
4120 5650 1550 3980
4120 5650 1550 3980
4120 5650 1550 3960
4110 5670 1550 3960
4110 5670 1560 3950
4100 5670 1560 3980
4110 5660 1560 3980
4100 5660 1560 3960
4100 5660 1560 3960
4090 5670 1560 3960
4100 5670 1550 3950
4110 5670 1550 3950
4110 5660 1550 3950
4110 5660 1550 3980
4110 5650 1560 3980
4120 5650 1550 3980
4120 5650 1560 3980
4120 5650 1540 3980
4120 5660 1540 3960
4110 5670 1570 3960
4130 5680 1570 3990
4120 5680 1570 3990
4120 5680 1570 3990
4120 5680 1570 3990
4120 5680 1560 3980
4110 5660 1570 3990
4110 5660 1560 3980
4110 5660 1560 3980
4120 5660 1560 3980
4130 5650 1560 3960
4130 5660 1560 3960
4120 5660 1560 3980
4120 5660 1560 3980
4120 5670 1560 3990
4120 5680 1560 3990
4120 5670 1560 3990
4110 5670 1560 3980
4110 5680 1560 3980
4100 5680 1560 3980
4100 5680 1570 3980
4090 5680 1580 3990
4090 5680 1580 3980
4090 5690 1580 3980
4080 5680 1570 3980
4090 5680 1570 3980
4100 5670 1580 3980
4090 5680 1580 3990
4080 5680 1570 3980
4090 5680 1570 3990
4090 5680 1560 3980
4100 5680 1560 3980
4090 5680 1550 3980
4090 5680 1560 3980
4080 5660 1560 3980
4090 5650 1560 3990
4090 5650 1560 3990
4100 5660 1570 3980
4100 5670 1570 3980
4100 5660 1580 3990
4090 5660 1580 3990
4090 5670 1580 3990
4080 5670 1580 3980
4080 5670 1580 3980
4070 5660 1580 3980
4080 5670 1580 3950
4080 5670 1590 3980
4080 5680 1580 3980
4090 5680 1570 3960
4090 5680 1570 3980
4090 5670 1570 3980
4090 5670 1570 3960
4080 5670 1580 3980
4080 5670 1580 3960
4090 5670 1580 3960
4090 5670 1580 3960
4100 5670 1580 3950
4090 5670 1580 3960
4090 5670 1570 3960
4080 5670 1550 3980
4080 5670 1550 3980
4090 5680 1560 3960
4090 5680 1560 3960
4090 5660 1560 3980
4090 5660 1570 3980
4090 5660 1560 3990
4110 5660 1560 3980
4110 5660 1580 3990
4110 5660 1590 3980
4120 5660 1600 3980
4110 5660 1600 3960
4110 5660 1590 3950
4110 5660 1580 3980
4100 5670 1580 3960
4100 5670 1570 3960
4110 5670 1570 3980
4110 5670 1580 3980
4110 5670 1580 3960
4110 5670 1570 3960
4090 5650 1570 4000
4090 5660 1560 4010
4110 5670 1570 3990
4100 5670 1560 3990
4120 5670 1580 4000
4120 5670 1580 4000
4130 5670 1580 4000
4120 5660 1580 3990
4120 5670 1580 4000
4100 5670 1580 4010
4090 5670 1580 3990
4100 5670 1570 3980
4120 5670 1570 3980
4120 5670 1570 3990
4110 5670 1570 3990
4110 5670 1570 3990
4110 5670 1570 3990
4120 5670 1570 3990
4110 5670 1570 3990
4120 5670 1570 3990
4120 5670 1570 4000
4130 5670 1570 4000
4130 5670 1570 4000
4130 5670 1560 4000
4130 5670 1560 3990
4110 5670 1560 3980
4110 5670 1570 3990
4120 5680 1560 3990
4120 5670 1560 3990
4130 5670 1580 3980
4120 5670 1580 3990
4120 5670 1570 3980
4110 5670 1570 3980
4110 5650 1570 3980
4110 5650 1580 3960
4110 5660 1580 3960
4110 5660 1590 3990
4110 5670 1590 3980
4110 5660 1590 3960
4100 5660 1590 3980
4100 5660 1580 3980
4100 5670 1570 3980
4100 5670 1570 3990
4110 5670 1570 4000
4100 5670 1570 4000
4120 5670 1580 3990
