4440 4950 2210 3010
4440 4960 2220 3010
4440 4960 2210 3010
4440 4960 2210 3020
4440 4960 2210 3010
4440 4950 2210 3010
4450 4950 2210 3000
4440 4950 2200 3010
4440 4960 2200 3010
4440 4960 2200 3020
4440 4960 2210 3020
4440 4960 2220 3020
4440 4950 2220 3020
4440 4950 2210 3010
4440 4950 2200 3020
4450 4960 2200 3020
4440 4960 2200 3020
4440 4960 2210 3020
4450 4950 2200 3030
4450 4950 2200 3020
4440 4960 2200 3020
4440 4950 2210 3020
4440 4950 2210 3020
4450 4960 2200 3020
4450 4960 2200 3020
4450 4950 2210 3010
4450 4950 2220 3020
4440 4970 2210 3020
4440 4960 2210 3030
4440 4960 2220 3030
4440 4970 2210 3030
4440 4970 2200 3030
4440 4970 2200 3030
4450 4970 2210 3020
4450 4970 2200 3030
4440 4970 2200 3030
4440 4960 2200 3030
4450 4960 2220 3010
4450 4960 2210 3020
4450 4950 2210 3020
4450 4950 2220 3020
4460 4940 2210 3020
4450 4950 2210 3020
4460 4950 2220 3030
4450 4950 2230 3030
4450 4950 2220 3030
4450 4950 2210 3030
4450 4950 2210 3030
4450 4950 2220 3050
4440 4950 2220 3050
4450 4950 2210 3030
4440 4960 2200 3030
4440 4960 2200 3030
4450 4970 2200 3010
4440 4970 2220 3000
4440 4960 2210 3010
4440 4960 2210 3010
4440 4960 2200 3010
4450 4960 2200 3020
4440 4960 2210 3020
4440 4960 2210 3020
4430 4960 2210 3020
4430 4960 2200 3010
4440 4950 2200 3010
4440 4950 2230 3010
4440 4950 2230 3010
4440 4950 2210 3010
4440 4950 2210 3010
4440 4950 2220 3010
4440 4960 2210 3000
4450 4950 2220 3000
4440 4950 2210 3000
4440 4950 2200 3000
4440 4950 2200 3010
4450 4950 2200 3020
4450 4950 2200 3020
4450 4950 2210 3020
4450 4950 2220 3020
4440 4950 2210 3020
4450 4950 2220 3020
4450 4950 2210 3020
4450 4950 2210 3020
4450 4950 2210 3020
4440 4960 2200 3020
4440 4960 2200 3020
4440 4960 2200 3030
4440 4960 2200 3020
4440 4960 2200 3020
4450 4960 2200 3020
4450 4960 2200 3010
4440 4960 2200 3020
4450 4950 2210 3020
4450 4940 2220 3010
4450 4950 2210 3020
4450 4950 2210 3020
4450 4960 2210 3020
4450 4970 2210 3020
4450 4980 2210 3010
4450 4980 2210 3020
4450 4980 2210 3020
4440 4980 2200 3020
4440 4970 2200 3010
4440 4970 2200 3020
4450 4980 2200 3010
4460 4980 2210 3020
4450 4970 2190 3030
4450 4970 2200 3060
4460 4970 2200 3060
4460 4970 2200 3050
4450 4970 2210 3050
4450 4960 2200 3030
4450 4970 2200 3020
4450 4970 2200 3020
4450 4970 2200 3010
4450 4980 2210 3010
4440 4970 2220 3020
4440 4970 2220 3020
4440 4980 2220 3020
4440 4990 2210 3010
4440 4990 2210 3010
4440 4980 2190 3010
4440 4970 2190 3010
4430 4970 2190 3010
4440 4960 2190 3000
4440 4960 2190 3000
4440 4950 2210 3000
4440 4950 2210 3010
4440 4950 2220 3010
4450 4950 2230 3020
4450 4950 2230 3020
4450 4950 2230 3020
4450 4960 2230 3020
4450 4960 2210 3030
4450 4960 2210 3030
4450 4950 2200 3030
4450 4950 2210 3030
4450 4940 2210 3030
4450 4940 2200 3030
4450 4950 2200 3030
4450 4960 2200 3030
4450 4960 2200 3030
4440 4960 2200 3030
4440 4970 2200 3030
4440 4970 2210 3030
4440 4970 2210 3030
4440 4960 2220 3030
4450 4970 2220 3050
4450 4970 2230 3050
4450 4970 2220 3050
4450 4970 2220 3030
4450 4970 2220 3030
4450 4970 2200 3030
4450 4970 2200 3030
4450 4970 2200 3030
4450 4970 2210 3050
4440 4970 2220 3030
4440 4960 2220 3050
4440 4950 2210 3060
4450 4950 2230 3050
4450 4950 2220 3050
4450 4950 2220 3050
4450 4950 2210 3030
4450 4950 2200 3030
4450 4960 2200 3030
4450 4960 2200 3030
4440 4960 2210 3030
4430 4960 2210 3030
4430 4960 2210 3020
4430 4960 2210 3020
4430 4960 2210 3050
4430 4960 2210 3050
4440 4960 2210 3050
4460 4960 2220 3050
4460 4950 2230 3060
4460 4950 2220 3050
4450 4950 2210 3050
4450 4940 2210 3020
4450 4940 2210 3030
4450 4950 2210 3030
4440 4950 2210 3020
4440 4950 2210 3020
4440 4950 2210 3030
4450 4950 2200 3010
4440 4950 2210 3010
4440 4950 2210 3010
4450 4950 2220 3020
4450 4950 2220 3020
4450 4950 2210 3020
4450 4940 2200 3030
4450 4940 2200 3050
4450 4930 2200 3050
4450 4930 2200 3050
4450 4930 2210 3030
4450 4920 2220 3030
4450 4930 2220 3030
4450 4940 2220 3030
4450 4940 2220 3030
4450 4940 2210 3030
4450 4950 2220 3050
4460 4950 2220 3060
4450 4950 2210 3060
4450 4950 2210 3050
4450 4950 2220 3050
4450 4940 2220 3030
4450 4940 2230 3030
4450 4940 2220 3030
4440 4940 2220 3030
4440 4940 2230 3020
4440 4940 2220 3010
4450 4940 2220 3020
4450 4950 2210 3020
4450 4950 2200 3020
4450 4950 2210 3020
4450 4940 2210 3030
4450 4940 2200 3030
4450 4940 2200 3030
4450 4950 2200 3030
4450 4950 2200 3030
4450 4950 2200 3030
4440 4950 2200 3030
4440 4950 2200 3030
4450 4950 2200 3030
4450 4950 2210 3030
4460 4960 2210 3020
