4000 4530 2520 3240
4000 4540 2520 3240
3990 4550 2510 3250
3990 4550 2510 3250
3990 4550 2500 3250
3990 4540 2500 3250
3980 4540 2510 3250
3980 4540 2510 3250
3980 4530 2510 3250
3980 4540 2510 3240
3980 4550 2500 3240
3980 4550 2500 3240
3980 4550 2500 3240
3990 4540 2500 3230
3990 4550 2510 3210
4000 4550 2510 3220
4000 4550 2510 3220
4000 4550 2520 3220
3990 4540 2530 3230
3980 4550 2520 3210
3980 4550 2530 3220
3980 4550 2520 3230
3980 4550 2520 3230
3980 4540 2520 3230
3980 4540 2520 3230
3990 4540 2520 3240
3980 4540 2510 3240
3980 4550 2510 3240
3980 4550 2520 3240
3980 4550 2520 3240
3980 4550 2530 3240
3960 4540 2520 3240
3980 4540 2510 3240
3980 4550 2510 3230
3980 4550 2510 3230
3980 4540 2510 3230
3980 4550 2510 3230
3980 4540 2510 3230
3980 4540 2520 3230
3980 4530 2520 3220
3980 4540 2530 3220
3980 4550 2540 3240
3980 4550 2540 3250
3980 4550 2530 3240
3990 4530 2520 3240
3990 4540 2510 3240
3990 4540 2510 3240
3990 4540 2520 3240
3980 4540 2520 3230
3980 4540 2510 3230
3980 4540 2510 3230
3960 4540 2530 3240
3950 4550 2520 3240
3950 4550 2520 3240
3950 4550 2520 3240
3950 4550 2520 3240
3960 4560 2520 3240
3960 4550 2510 3240
3950 4540 2510 3250
3950 4540 2520 3250
3950 4540 2510 3250
3950 4540 2510 3240
3950 4540 2530 3250
3950 4540 2520 3250
3950 4540 2520 3240
3950 4540 2520 3240
3950 4540 2520 3240
3950 4540 2520 3240
3950 4540 2520 3230
3930 4540 2510 3230
3930 4540 2510 3230
3940 4540 2520 3240
3940 4540 2500 3240
3950 4540 2500 3240
3950 4560 2500 3240
3950 4550 2500 3240
3950 4550 2510 3220
3950 4550 2510 3220
3960 4550 2520 3230
3960 4550 2510 3230
3950 4550 2500 3230
3950 4550 2500 3230
3960 4550 2510 3250
3980 4540 2490 3240
3980 4530 2510 3240
3960 4530 2500 3240
3960 4540 2500 3240
3960 4540 2520 3240
3980 4540 2530 3240
3990 4540 2520 3230
4000 4530 2520 3230
3990 4530 2530 3230
4000 4520 2520 3230
3990 4530 2510 3230
4000 4540 2520 3230
4000 4550 2510 3230
3990 4540 2510 3240
4000 4550 2510 3230
4000 4560 2520 3230
3990 4560 2510 3230
3990 4550 2500 3240
4000 4550 2500 3230
3990 4560 2500 3230
3990 4560 2500 3220
3980 4550 2500 3230
3980 4550 2500 3230
3980 4560 2500 3230
3980 4550 2510 3230
3990 4540 2510 3230
3990 4540 2500 3230
3990 4540 2510 3240
3990 4540 2500 3240
3990 4540 2510 3240
3990 4540 2500 3240
3990 4530 2500 3240
3980 4530 2510 3240
3990 4540 2520 3240
3990 4540 2520 3240
4000 4540 2510 3240
4000 4540 2510 3240
4000 4540 2510 3230
3990 4530 2510 3230
3990 4530 2500 3230
3990 4530 2500 3240
3980 4540 2530 3230
3980 4540 2530 3230
3980 4540 2520 3240
3980 4540 2510 3240
3980 4540 2510 3250
3980 4540 2520 3250
3980 4530 2510 3250
3990 4530 2510 3250
4000 4530 2510 3250
3990 4530 2510 3250
3980 4540 2510 3240
3980 4540 2520 3240
3980 4550 2520 3240
3980 4550 2510 3240
3980 4560 2520 3240
3980 4560 2520 3250
3990 4550 2510 3250
3990 4550 2520 3250
4000 4550 2520 3250
3990 4540 2520 3250
3980 4540 2510 3250
3980 4530 2520 3250
3980 4530 2520 3240
3990 4530 2520 3240
3990 4540 2520 3240
3990 4540 2530 3230
3990 4550 2520 3230
3990 4550 2530 3230
3990 4550 2530 3230
4000 4550 2520 3230
3990 4550 2530 3230
3990 4550 2530 3240
3980 4550 2520 3240
3980 4550 2510 3240
3980 4550 2520 3240
3990 4550 2530 3230
3980 4550 2520 3230
3980 4540 2510 3240
3990 4550 2510 3240
3990 4550 2510 3230
3990 4550 2520 3230
3990 4550 2530 3230
3990 4540 2530 3230
3990 4540 2530 3230
3980 4540 2520 3240
3990 4560 2510 3240
4000 4550 2520 3240
3990 4540 2510 3250
3990 4540 2510 3250
4000 4530 2520 3250
3990 4540 2510 3230
3980 4540 2530 3230
3980 4540 2520 3220
3980 4540 2510 3220
3980 4550 2510 3230
3990 4540 2530 3230
3980 4550 2530 3230
3980 4540 2520 3240
3990 4540 2510 3240
3980 4540 2520 3240
3980 4540 2520 3240
3990 4540 2520 3240
3990 4550 2520 3230
4000 4550 2500 3220
4000 4550 2500 3230
4000 4550 2500 3240
4000 4550 2510 3250
4000 4550 2520 3240
3990 4550 2520 3240
4000 4550 2520 3240
3990 4550 2520 3240
3990 4540 2520 3240
3990 4540 2510 3240
3990 4550 2510 3240
3980 4550 2510 3240
3980 4570 2510 3240
3990 4570 2500 3240
3990 4560 2500 3240
4000 4550 2510 3240
4000 4550 2500 3240
3990 4550 2510 3240
3980 4550 2510 3240
3990 4560 2520 3240
3980 4550 2510 3240
3980 4550 2520 3240
3980 4550 2530 3240
3980 4550 2530 3240
3990 4540 2540 3240
3980 4530 2540 3230
3980 4530 2520 3230
3980 4530 2530 3240
3980 4520 2530 3240
3990 4520 2520 3240
3990 4520 2520 3240
3980 4530 2520 3240
3980 4530 2520 3240
3980 4530 2520 3230
3980 4540 2520 3230
3980 4530 2510 3240
3990 4530 2510 3240
3990 4520 2520 3240
3990 4510 2540 3240
3980 4510 2540 3240
3960 4520 2530 3230
3980 4520 2530 3240
3980 4530 2530 3240
3980 4530 2530 3240
3990 4540 2520 3240
3990 4540 2520 3240
4000 4550 2510 3240
4000 4550 2500 3240
4000 4550 2500 3240
4000 4550 2500 3240
3990 4550 2510 3240
3980 4550 2510 3230
3980 4550 2510 3230
3980 4560 2500 3230
3990 4550 2500 3230
3980 4540 2500 3230
3980 4540 2500 3230
3980 4540 2500 3230
3980 4550 2500 3220
3980 4540 2510 3220
3980 4540 2510 3220
3980 4540 2510 3220
3990 4550 2520 3220
3980 4540 2530 3220
3990 4540 2530 3220
3990 4540 2510 3220
3990 4540 2510 3230
3990 4540 2510 3230
3990 4540 2510 3240
3990 4540 2510 3240
3980 4550 2500 3240
3980 4550 2500 3240
3990 4550 2500 3240
3990 4540 2500 3240
3980 4530 2510 3240
3980 4550 2500 3240
3990 4550 2510 3240
3980 4530 2520 3230
3980 4540 2520 3240
3980 4540 2520 3240
3980 4560 2520 3230
3980 4550 2510 3240
3990 4550 2510 3240
3990 4550 2510 3240
4000 4550 2510 3230
3990 4550 2510 3230
3990 4550 2500 3230
3990 4560 2500 3240
3990 4560 2500 3240
3990 4550 2500 3240
3990 4540 2490 3240
3990 4550 2490 3240
3980 4550 2490 3240
3980 4550 2490 3240
3990 4550 2510 3240
3980 4550 2510 3240
3980 4550 2520 3240
3990 4550 2520 3250
3980 4550 2510 3250
3990 4550 2510 3240
4000 4550 2510 3250
4000 4550 2520 3250
3990 4550 2510 3250
3980 4550 2510 3250
3980 4540 2510 3240
3990 4540 2510 3240
3990 4540 2510 3240
3990 4550 2510 3230
3990 4550 2510 3230
3990 4540 2520 3230
3990 4540 2520 3230
3990 4550 2520 3230
3990 4550 2510 3230
3990 4550 2510 3230
3990 4540 2510 3240
3990 4550 2510 3240
3980 4560 2520 3230
3980 4550 2530 3230
3980 4550 2530 3220
3990 4550 2530 3220
3990 4550 2520 3210
3990 4550 2520 3210
3980 4550 2510 3220
3980 4550 2510 3230
3990 4550 2520 3230
3980 4550 2530 3230
3980 4550 2520 3240
3990 4550 2520 3240
4000 4550 2510 3240
3990 4560 2520 3230
3990 4550 2520 3230
3990 4550 2510 3230
3980 4550 2510 3230
3990 4540 2520 3230
3990 4550 2530 3230
3990 4550 2520 3220
3990 4550 2510 3230
3990 4540 2510 3230
3990 4550 2510 3230
