3630 4200 2800 3490
3630 4200 2810 3490
3630 4210 2810 3490
3630 4200 2820 3500
3630 4200 2810 3490
3640 4190 2810 3490
3630 4190 2810 3490
3630 4200 2820 3490
3630 4210 2820 3490
3630 4210 2820 3490
3630 4220 2820 3500
3630 4220 2810 3500
3630 4230 2810 3510
3630 4230 2810 3500
3620 4220 2810 3500
3620 4220 2800 3480
3620 4220 2790 3480
3620 4220 2790 3480
3620 4220 2790 3500
3620 4200 2790 3490
3620 4210 2790 3500
3620 4200 2790 3490
3620 4200 2790 3480
3620 4200 2800 3470
3620 4210 2820 3490
3620 4210 2810 3500
3620 4210 2810 3510
3620 4210 2810 3510
3620 4200 2810 3510
3620 4210 2810 3510
3620 4220 2800 3500
3620 4220 2820 3500
3610 4210 2820 3510
3620 4210 2810 3510
3620 4210 2810 3510
3620 4200 2810 3510
3620 4210 2800 3500
3620 4200 2800 3500
3620 4200 2790 3480
3620 4190 2790 3490
3620 4190 2790 3490
3620 4190 2800 3480
3620 4190 2810 3490
3620 4200 2820 3490
3620 4210 2820 3480
3620 4200 2820 3490
3620 4200 2820 3490
3620 4200 2830 3500
3620 4200 2830 3500
3620 4200 2820 3500
3620 4200 2820 3500
3620 4210 2820 3500
3620 4210 2820 3490
3630 4210 2820 3500
3630 4220 2810 3500
3630 4220 2810 3490
3630 4220 2800 3480
3630 4220 2800 3480
3620 4200 2800 3480
3620 4200 2800 3490
3620 4210 2800 3490
3620 4200 2800 3490
3620 4190 2810 3490
3620 4190 2820 3490
3620 4200 2820 3490
3620 4190 2810 3490
3620 4180 2810 3500
3620 4190 2810 3500
3620 4210 2810 3490
3630 4220 2810 3500
3630 4200 2820 3490
3640 4200 2810 3510
3640 4200 2810 3500
3630 4200 2800 3500
3620 4200 2800 3500
3620 4200 2800 3500
3620 4200 2800 3500
3620 4180 2810 3500
3620 4190 2810 3490
3620 4190 2820 3500
3620 4200 2810 3500
3630 4200 2810 3490
3630 4190 2800 3500
3620 4180 2800 3490
3630 4190 2800 3490
3630 4200 2800 3490
3620 4190 2800 3500
3630 4190 2800 3510
3630 4190 2800 3510
3630 4200 2800 3510
3630 4190 2800 3510
3630 4200 2800 3510
3620 4200 2810 3500
3620 4190 2820 3500
3610 4190 2810 3500
3610 4200 2810 3510
3610 4200 2800 3510
3610 4200 2820 3510
3620 4200 2820 3510
3630 4210 2810 3500
3620 4210 2810 3480
3620 4200 2810 3490
3620 4200 2810 3500
3620 4200 2820 3490
3620 4210 2820 3500
3620 4210 2820 3500
3620 4200 2830 3490
3620 4200 2820 3490
3620 4190 2810 3500
3620 4180 2810 3500
3610 4190 2800 3500
3610 4200 2800 3500
3610 4190 2800 3490
3610 4200 2800 3490
3620 4210 2810 3500
3620 4200 2800 3490
3620 4200 2800 3500
3630 4200 2800 3500
3630 4190 2800 3500
3630 4200 2790 3500
3630 4190 2790 3500
3630 4210 2810 3490
3630 4210 2820 3500
3630 4200 2820 3510
3620 4210 2810 3500
3620 4200 2800 3490
3620 4190 2800 3490
3620 4200 2810 3490
3610 4220 2820 3490
3620 4210 2810 3490
3620 4210 2810 3500
3620 4220 2800 3490
3620 4210 2800 3500
3620 4210 2800 3510
3620 4200 2800 3510
3620 4200 2810 3500
3620 4210 2800 3500
3620 4210 2810 3500
3620 4210 2800 3500
3620 4220 2800 3500
3620 4220 2800 3500
3620 4190 2790 3500
3620 4200 2810 3500
3620 4190 2810 3490
3620 4190 2810 3500
3620 4200 2810 3490
3620 4200 2810 3490
3620 4190 2810 3490
3610 4190 2820 3490
3610 4200 2810 3490
3620 4210 2810 3500
3620 4210 2810 3500
3620 4220 2810 3500
3610 4210 2810 3500
3620 4210 2810 3500
3620 4210 2820 3490
3610 4210 2810 3490
3610 4210 2800 3490
3630 4210 2810 3490
3630 4210 2810 3490
3630 4210 2810 3490
3630 4200 2810 3500
3630 4190 2810 3490
3630 4180 2810 3490
3610 4190 2810 3490
3610 4190 2810 3490
3620 4190 2810 3490
3630 4200 2810 3500
3630 4200 2810 3500
3630 4200 2810 3500
3610 4190 2810 3490
3620 4190 2820 3490
3630 4210 2820 3490
3630 4210 2820 3480
3630 4210 2810 3490
3630 4200 2800 3500
3630 4190 2800 3500
3630 4190 2800 3500
3630 4190 2800 3500
3630 4180 2800 3500
3640 4180 2800 3490
3630 4180 2800 3490
3630 4200 2800 3480
3630 4190 2810 3480
3620 4190 2820 3490
3620 4180 2820 3480
3620 4180 2820 3480
3620 4180 2810 3500
3620 4180 2810 3500
3620 4180 2810 3500
3610 4180 2810 3490
3610 4170 2800 3500
3600 4170 2810 3500
3600 4190 2810 3490
3600 4200 2810 3490
3610 4200 2800 3500
3610 4200 2810 3490
3610 4200 2820 3490
3610 4210 2820 3490
3610 4210 2810 3490
3620 4200 2820 3490
3630 4200 2820 3480
3630 4200 2820 3480
3630 4190 2820 3470
3630 4190 2820 3470
3630 4190 2820 3490
3620 4180 2820 3490
3620 4180 2810 3500
3620 4190 2810 3510
3620 4190 2810 3510
3630 4180 2810 3500
3630 4180 2810 3500
3630 4190 2800 3510
3630 4190 2800 3510
3620 4190 2800 3500
3620 4190 2810 3500
3620 4200 2810 3500
3610 4210 2810 3500
3610 4200 2810 3490
3620 4200 2810 3490
3630 4200 2810 3490
3630 4210 2810 3490
3630 4210 2810 3480
3620 4200 2800 3490
3620 4180 2800 3500
3620 4180 2800 3490
3620 4190 2810 3500
3620 4200 2810 3490
3620 4200 2810 3490
3620 4210 2810 3490
3620 4210 2810 3490
3630 4210 2800 3490
3630 4200 2800 3490
3630 4210 2810 3500
3620 4210 2810 3500
3620 4210 2810 3500
3620 4200 2810 3510
3610 4210 2810 3510
3610 4200 2810 3500
3600 4190 2810 3500
3600 4190 2800 3490
3610 4180 2820 3490
3610 4190 2820 3490
