3100 3860 3180 3850
3110 3860 3180 3860
3120 3860 3180 3870
3120 3860 3170 3860
3120 3850 3190 3860
3130 3850 3180 3860
3130 3850 3180 3850
3130 3850 3180 3850
3130 3850 3200 3850
3130 3850 3190 3860
3140 3850 3170 3860
3130 3850 3170 3860
3120 3850 3170 3860
3110 3850 3200 3860
3100 3850 3190 3860
3110 3840 3200 3860
3100 3840 3200 3850
3110 3850 3190 3850
3120 3850 3180 3850
3120 3850 3170 3860
3100 3870 3180 3860
3100 3850 3180 3860
3110 3850 3170 3860
3120 3850 3200 3850
3120 3850 3200 3860
3120 3850 3190 3850
3120 3850 3180 3850
3120 3850 3180 3850
3120 3850 3200 3850
3120 3850 3210 3850
3120 3860 3200 3850
3120 3860 3190 3850
3120 3860 3180 3850
3110 3860 3170 3840
3120 3860 3170 3840
3120 3860 3170 3850
3120 3870 3190 3850
3120 3860 3190 3840
3120 3860 3180 3840
3110 3860 3190 3840
3120 3860 3180 3840
3110 3860 3180 3840
3120 3860 3200 3850
3120 3860 3210 3850
3110 3860 3200 3840
3120 3860 3200 3850
3120 3860 3200 3850
3120 3850 3190 3850
3120 3850 3180 3850
3120 3850 3200 3850
3120 3850 3210 3850
3120 3850 3220 3850
3110 3850 3200 3850
3120 3850 3200 3850
3110 3840 3190 3850
3110 3840 3210 3850
3120 3840 3200 3840
3110 3840 3200 3840
3110 3840 3200 3840
3110 3840 3180 3840
3110 3860 3160 3850
3110 3860 3160 3860
3110 3860 3170 3860
3110 3860 3170 3860
3110 3860 3170 3860
3120 3850 3170 3860
3120 3850 3180 3860
3110 3850 3180 3860
3110 3850 3170 3850
3100 3850 3180 3850
3110 3850 3170 3860
3110 3850 3170 3860
3110 3850 3160 3860
3110 3850 3160 3860
3110 3850 3180 3860
3110 3850 3170 3860
3110 3850 3170 3860
3110 3860 3180 3850
3120 3860 3180 3850
3120 3860 3180 3840
3120 3860 3180 3840
3120 3860 3180 3840
3110 3860 3180 3840
3110 3860 3180 3840
3110 3850 3180 3840
3110 3850 3170 3840
3120 3850 3180 3850
3110 3850 3190 3850
3110 3850 3190 3850
3110 3850 3200 3850
3110 3850 3190 3850
3120 3850 3190 3850
3120 3850 3200 3850
3120 3850 3200 3840
3110 3850 3190 3850
3100 3850 3190 3850
3100 3850 3200 3850
3100 3850 3210 3860
3110 3850 3200 3860
3120 3850 3190 3860
3130 3850 3190 3860
3120 3850 3190 3850
3120 3850 3190 3850
3120 3860 3180 3850
3120 3860 3180 3860
3130 3850 3190 3860
3120 3850 3180 3860
3120 3850 3190 3850
3110 3850 3180 3850
3110 3850 3190 3850
3110 3850 3200 3850
3110 3850 3190 3840
3120 3850 3190 3840
3120 3840 3190 3860
3120 3850 3190 3860
3120 3850 3180 3850
3130 3850 3190 3860
3120 3850 3180 3860
3120 3850 3180 3860
3120 3850 3180 3860
3110 3860 3200 3860
3100 3860 3200 3860
3100 3860 3200 3860
3110 3850 3190 3860
3110 3850 3180 3860
3120 3860 3180 3850
3120 3860 3180 3850
3120 3850 3170 3850
3130 3850 3170 3850
3130 3850 3180 3850
3130 3850 3190 3850
3130 3850 3180 3850
3130 3850 3190 3850
3130 3850 3190 3850
3130 3850 3190 3840
3130 3850 3190 3850
3130 3850 3190 3860
3130 3850 3190 3860
3130 3850 3190 3860
3130 3850 3190 3860
3120 3850 3190 3860
3120 3860 3180 3850
3120 3850 3180 3850
3130 3850 3180 3850
3130 3850 3180 3850
3130 3840 3180 3850
3120 3840 3180 3850
3120 3840 3190 3850
3110 3850 3180 3860
3110 3850 3180 3860
3110 3850 3180 3860
3110 3850 3180 3860
3110 3850 3180 3850
3110 3850 3180 3850
3100 3840 3190 3860
3100 3850 3200 3860
3100 3850 3190 3860
3100 3860 3210 3870
3100 3860 3200 3860
3100 3870 3190 3860
3100 3870 3190 3860
3100 3880 3190 3850
3100 3860 3200 3840
3100 3880 3190 3850
3100 3870 3180 3860
3100 3870 3200 3860
3120 3870 3210 3860
3120 3870 3190 3860
3110 3870 3190 3850
3110 3870 3190 3850
3100 3870 3190 3860
3110 3870 3190 3870
3100 3870 3200 3870
3100 3860 3200 3870
3110 3860 3180 3860
3110 3870 3190 3850
3110 3870 3190 3850
3110 3870 3190 3860
3110 3870 3190 3870
3110 3870 3180 3870
3110 3870 3190 3870
3110 3870 3190 3860
3110 3870 3180 3860
3110 3860 3180 3860
3110 3860 3180 3850
3110 3860 3190 3850
3110 3850 3200 3860
3110 3850 3200 3860
3100 3850 3190 3860
3100 3850 3190 3860
3100 3850 3190 3860
3100 3860 3200 3870
3110 3860 3190 3860
3100 3870 3190 3840
3090 3880 3190 3850
3090 3870 3190 3860
3100 3870 3190 3850
3100 3870 3190 3860
3100 3860 3180 3850
3100 3860 3180 3830
3110 3860 3180 3830
3110 3860 3180 3850
3100 3870 3180 3860
3100 3870 3180 3860
3100 3870 3180 3860
3110 3870 3190 3850
3110 3860 3190 3850
3110 3860 3180 3850
3110 3860 3180 3840
3110 3860 3190 3840
3110 3860 3190 3850
3100 3870 3180 3850
3100 3870 3170 3840
3100 3850 3170 3840
3100 3850 3170 3830
3100 3870 3170 3830
3100 3870 3170 3830
3110 3860 3160 3840
3100 3850 3170 3840
3100 3850 3170 3840
3100 3860 3170 3840
3100 3860 3180 3860
3100 3860 3190 3860
3110 3860 3180 3860
3100 3860 3180 3860
3100 3860 3180 3860
3100 3850 3190 3870
3100 3860 3190 3870
3100 3860 3180 3870
3110 3860 3180 3870
