2740 3570 3580 4190
2740 3560 3590 4180
2750 3560 3590 4190
2750 3580 3590 4190
2750 3580 3590 4190
2760 3590 3590 4190
2760 3580 3590 4190
2750 3590 3590 4180
2750 3590 3590 4180
2750 3580 3590 4190
2740 3580 3590 4200
2740 3580 3590 4200
2720 3590 3590 4180
2720 3590 3590 4170
2720 3590 3590 4180
2720 3590 3590 4180
2740 3580 3590 4170
2740 3580 3590 4170
2740 3590 3590 4170
2740 3580 3590 4170
2740 3590 3590 4170
2740 3580 3590 4170
2740 3570 3590 4180
2740 3570 3590 4170
2740 3570 3590 4170
2740 3570 3580 4170
2720 3570 3580 4170
2720 3570 3580 4170
2710 3570 3590 4170
2710 3560 3590 4170
2710 3580 3590 4160
2710 3570 3580 4170
2710 3570 3580 4170
2710 3570 3580 4170
2710 3570 3580 4190
2720 3580 3580 4190
2720 3590 3580 4200
2720 3590 3580 4190
2720 3590 3580 4180
2720 3580 3580 4190
2720 3580 3580 4210
2720 3570 3590 4210
2720 3570 3590 4210
2720 3580 3580 4210
2710 3570 3570 4220
2710 3580 3570 4210
2710 3580 3570 4200
2710 3590 3570 4210
2720 3580 3580 4210
2720 3580 3590 4200
2740 3590 3590 4210
2740 3590 3590 4200
2740 3580 3590 4190
2740 3580 3580 4180
2740 3580 3580 4200
2740 3580 3580 4200
2750 3570 3580 4200
2740 3580 3580 4220
2740 3570 3590 4220
2740 3580 3590 4220
2740 3570 3580 4210
2740 3570 3580 4210
2740 3570 3590 4220
2720 3570 3580 4210
2720 3580 3580 4210
2710 3570 3590 4220
2720 3570 3590 4210
2720 3580 3590 4200
2720 3580 3590 4210
2720 3580 3590 4210
2720 3580 3590 4210
2720 3590 3590 4210
2720 3580 3590 4210
2720 3580 3590 4200
2720 3580 3590 4210
2720 3570 3590 4210
2720 3570 3590 4220
2720 3580 3590 4210
2720 3580 3590 4200
2740 3580 3590 4200
2740 3570 3590 4200
2740 3580 3590 4190
2740 3590 3590 4180
2740 3590 3590 4190
2740 3590 3590 4200
2740 3600 3580 4200
2740 3590 3580 4190
2740 3580 3590 4190
2740 3570 3590 4210
2740 3570 3600 4210
2740 3580 3600 4210
2720 3580 3590 4220
2710 3580 3600 4210
2710 3580 3600 4210
2710 3570 3610 4220
2720 3570 3600 4210
2740 3570 3590 4210
2740 3570 3590 4210
2740 3580 3590 4210
2740 3590 3580 4210
2720 3580 3590 4200
2720 3580 3590 4210
2720 3580 3580 4220
2710 3580 3580 4230
2710 3590 3590 4230
2710 3590 3580 4240
2710 3590 3580 4240
2710 3580 3580 4230
2710 3570 3580 4210
2710 3570 3590 4210
2710 3570 3600 4220
2710 3570 3590 4220
2710 3580 3590 4210
2710 3550 3600 4210
2710 3560 3600 4210
2710 3560 3600 4210
2720 3550 3600 4220
2720 3550 3610 4230
2720 3570 3600 4240
2720 3580 3600 4240
2720 3570 3600 4230
2720 3570 3590 4230
2720 3570 3590 4230
2720 3580 3580 4230
2710 3580 3580 4230
2710 3580 3580 4230
2710 3580 3590 4230
2710 3580 3580 4230
2700 3580 3570 4220
2710 3570 3580 4220
2710 3580 3590 4230
2710 3580 3580 4230
2710 3570 3580 4230
2720 3560 3590 4210
2710 3560 3570 4210
2720 3560 3570 4210
2710 3560 3590 4220
2710 3560 3590 4200
2710 3560 3590 4210
2710 3560 3580 4220
2710 3560 3580 4220
2710 3560 3590 4220
2710 3570 3570 4210
2710 3570 3580 4220
2710 3580 3590 4210
2720 3580 3590 4200
2720 3580 3580 4200
2740 3580 3580 4200
2710 3570 3580 4200
2720 3580 3580 4200
2720 3580 3580 4200
2710 3570 3580 4220
2710 3570 3590 4220
2710 3570 3580 4210
2720 3570 3580 4210
2740 3570 3570 4210
2720 3570 3570 4220
2720 3570 3570 4220
2710 3570 3570 4210
2710 3570 3570 4210
2700 3570 3570 4210
2700 3580 3570 4210
2700 3580 3570 4210
2700 3570 3580 4210
2710 3560 3580 4220
2740 3560 3580 4230
2740 3570 3580 4230
2740 3570 3580 4220
2740 3570 3590 4210
2740 3570 3570 4220
2740 3580 3570 4210
2720 3570 3570 4230
2720 3570 3580 4230
2720 3570 3580 4230
2720 3570 3580 4230
2720 3570 3580 4220
2710 3560 3590 4220
2710 3560 3590 4210
2720 3560 3590 4220
2720 3560 3580 4220
2740 3570 3590 4220
2740 3570 3590 4220
2740 3570 3590 4230
2740 3560 3580 4230
2740 3550 3580 4220
2740 3550 3580 4210
2720 3550 3580 4210
2720 3550 3580 4210
2720 3550 3580 4220
2720 3560 3590 4220
2710 3560 3580 4220
2710 3560 3580 4230
2710 3560 3580 4230
2710 3570 3580 4230
2710 3570 3590 4220
2710 3560 3590 4220
2710 3570 3590 4220
2740 3570 3580 4210
2740 3560 3580 4220
2740 3550 3580 4230
2720 3550 3580 4230
2720 3560 3570 4220
2740 3570 3580 4240
2750 3560 3580 4230
2750 3550 3580 4230
2750 3550 3580 4230
2750 3570 3580 4210
2750 3560 3580 4220
2750 3560 3580 4210
2750 3560 3580 4220
2740 3560 3590 4210
2740 3560 3590 4220
2740 3550 3590 4230
2740 3540 3590 4220
2740 3540 3590 4210
2740 3530 3580 4200
2740 3550 3580 4210
2720 3550 3570 4200
2720 3560 3570 4190
2720 3570 3570 4190
2720 3580 3570 4190
2720 3590 3580 4180
2740 3590 3590 4200
2750 3590 3590 4200
2750 3580 3590 4200
2740 3570 3590 4220
2720 3570 3580 4220
2740 3570 3590 4220
2740 3570 3580 4230
2740 3550 3580 4230
2750 3560 3580 4230
2750 3560 3580 4230
2720 3570 3580 4240
2710 3570 3580 4230
2720 3580 3580 4220
2720 3580 3580 4220
2720 3570 3570 4220
2720 3580 3570 4220
2720 3570 3570 4220
2720 3570 3570 4230
2720 3560 3580 4230
2720 3550 3580 4230
2720 3550 3580 4230
2710 3550 3580 4220
2710 3540 3580 4210
2720 3550 3580 4210
2720 3550 3580 4210
2720 3550 3580 4220
2710 3550 3580 4230
2720 3560 3580 4230
2720 3560 3580 4210
2710 3570 3580 4220
2710 3570 3580 4230
2710 3580 3580 4230
