2440 3300 4020 4560
2450 3300 4020 4550
2440 3300 4020 4560
2450 3300 4020 4560
2450 3300 4030 4560
2450 3300 4030 4550
2440 3300 4020 4550
2440 3300 4020 4550
2440 3300 4020 4560
2450 3300 4020 4560
2440 3310 4010 4560
2440 3300 4020 4560
2460 3300 4020 4550
2460 3300 4030 4560
2450 3300 4030 4560
2450 3300 4020 4560
2460 3300 4030 4570
2450 3310 4020 4560
2440 3320 4020 4560
2440 3320 4020 4560
2440 3310 4020 4560
2440 3320 4020 4560
2440 3320 4020 4560
2440 3330 4020 4560
2440 3330 4010 4560
2450 3320 4020 4560
2450 3320 4020 4560
2450 3310 4020 4560
2440 3300 4030 4560
2440 3300 4020 4560
2440 3300 4020 4560
2440 3300 4020 4560
2430 3300 4020 4550
2430 3300 4020 4550
2440 3300 4020 4560
2440 3300 4020 4560
2450 3300 4020 4570
2450 3300 4020 4570
2450 3300 4020 4570
2450 3300 4020 4570
2450 3300 4020 4570
2450 3310 4020 4570
2450 3310 4020 4570
2460 3320 4020 4560
2460 3310 4020 4550
2460 3310 4020 4550
2450 3310 4020 4550
2440 3300 4030 4550
2440 3300 4020 4560
2440 3300 4020 4560
2440 3300 4010 4560
2440 3300 4010 4560
2440 3310 4020 4560
2440 3320 4030 4560
2450 3320 4030 4560
2450 3320 4030 4570
2450 3330 4030 4570
2450 3330 4020 4570
2450 3330 4010 4570
2440 3310 4010 4560
2450 3330 4020 4560
2450 3320 4020 4560
2440 3320 4020 4560
2450 3320 4020 4560
2450 3320 4020 4560
2440 3310 4020 4560
2440 3320 4020 4570
2450 3320 4030 4570
2450 3320 4030 4560
2460 3320 4030 4550
2460 3320 4020 4560
2460 3330 4020 4560
2460 3320 4020 4560
2460 3320 4020 4560
2460 3320 4020 4560
2460 3320 4020 4550
2460 3320 4020 4560
2460 3320 4020 4560
2460 3320 4020 4560
2460 3320 4020 4560
2460 3320 4020 4560
2460 3320 4020 4570
2460 3320 4020 4570
2460 3320 4030 4570
2460 3330 4030 4570
2460 3330 4030 4570
2460 3330 4030 4570
2460 3330 4030 4570
2460 3330 4030 4560
2460 3320 4030 4560
2460 3320 4030 4550
2460 3320 4040 4550
2460 3320 4030 4550
2460 3320 4030 4550
2450 3320 4030 4550
2450 3320 4030 4550
2450 3330 4030 4560
2450 3320 4030 4550
2450 3320 4030 4550
2450 3320 4030 4550
2460 3310 4030 4550
2470 3310 4020 4560
2470 3310 4020 4560
2470 3310 4010 4560
2470 3310 4010 4560
2460 3310 4020 4550
2460 3320 4010 4550
2460 3320 4000 4540
2460 3320 4000 4540
2460 3320 4010 4540
2460 3320 4010 4530
2460 3320 4010 4520
2450 3320 4010 4520
2450 3310 4010 4520
2450 3310 4010 4530
2460 3310 4020 4540
2460 3310 4020 4540
2460 3310 4020 4540
2470 3310 4020 4540
2460 3310 4020 4540
2450 3310 4020 4540
2450 3310 4020 4540
2470 3310 4020 4540
2450 3310 4020 4550
2450 3310 4020 4550
2450 3320 4010 4550
2450 3320 4010 4550
2460 3330 4010 4550
2440 3320 4020 4540
2450 3320 4020 4540
2450 3320 4020 4540
2440 3320 4020 4540
2450 3320 4020 4550
2440 3310 4010 4550
2440 3310 4010 4550
2440 3310 4010 4550
2440 3310 4010 4550
2440 3310 4010 4550
2440 3320 4010 4550
2440 3320 4010 4560
2460 3320 4010 4560
2450 3320 4010 4550
2450 3320 4020 4550
2450 3330 4020 4560
2450 3330 4020 4560
2440 3320 4020 4560
2440 3320 4020 4560
2450 3320 4020 4560
2460 3320 4020 4560
2460 3320 4020 4560
2460 3320 4030 4560
2450 3320 4020 4560
2450 3320 4020 4550
2450 3320 4020 4550
2440 3320 4020 4550
2440 3320 4020 4550
2450 3330 4020 4550
2450 3330 4020 4550
2450 3320 4020 4550
2440 3320 4020 4560
2460 3330 4020 4560
2450 3320 4020 4550
2450 3320 4020 4560
2440 3340 4030 4560
2440 3340 4030 4560
2450 3330 4030 4560
2440 3330 4040 4570
2450 3330 4030 4570
2450 3330 4030 4570
2440 3330 4030 4580
2450 3320 4030 4570
2450 3320 4030 4570
2450 3300 4020 4570
2450 3300 4020 4570
2440 3300 4020 4570
2440 3300 4020 4570
2440 3300 4020 4570
2440 3300 4030 4570
2450 3310 4030 4570
2450 3320 4030 4570
2450 3320 4030 4570
2450 3320 4030 4570
2440 3320 4030 4570
2440 3320 4030 4570
2440 3320 4030 4560
2450 3330 4030 4560
2450 3330 4030 4560
2440 3320 4030 4560
2440 3320 4030 4560
2430 3320 4010 4560
2440 3320 4020 4560
2440 3310 4020 4560
2440 3310 4020 4560
2440 3310 4020 4560
2450 3310 4020 4550
2450 3330 4030 4560
2450 3330 4040 4560
2450 3330 4040 4560
2450 3330 4030 4560
2450 3330 4040 4560
2460 3320 4030 4570
2460 3320 4030 4570
2450 3330 4020 4570
2450 3330 4020 4570
2440 3330 4020 4570
2450 3340 4030 4580
2450 3340 4030 4580
2450 3330 4030 4570
2450 3330 4040 4570
2450 3320 4030 4570
2450 3320 4030 4570
2450 3320 4020 4570
2450 3330 4020 4560
2450 3330 4020 4550
2460 3330 4020 4550
2460 3320 4020 4550
2460 3310 4020 4550
2460 3320 4020 4550
2460 3320 4020 4550
2450 3320 4020 4550
2450 3320 4020 4550
2450 3340 4020 4550
2450 3330 4030 4560
2440 3330 4040 4560
2440 3320 4030 4550
2450 3320 4030 4550
2450 3320 4020 4550
2450 3320 4020 4550
2460 3320 4020 4550
2460 3320 4020 4550
2450 3320 4030 4550
2440 3320 4030 4560
2440 3310 4030 4550
2440 3310 4030 4550
2460 3320 4030 4550
2460 3310 4030 4560
2460 3320 4030 4560
2450 3320 4030 4560
2450 3320 4030 4560
2440 3310 4030 4570
2440 3300 4030 4570
2430 3300 4020 4570
2440 3310 4020 4570
2440 3310 4020 4570
2440 3320 4010 4570
2430 3320 4010 4570
