2130 3140 4460 4960
2120 3130 4460 4960
2120 3150 4460 4960
2130 3130 4460 4960
2140 3150 4450 4950
2130 3130 4450 4950
2150 3120 4450 4950
2150 3120 4450 4950
2160 3140 4450 4940
2160 3140 4450 4950
2150 3140 4460 4960
2150 3150 4450 4960
2150 3130 4460 4960
2150 3140 4460 4960
2150 3140 4460 4950
2160 3140 4450 4950
2150 3130 4470 4950
2140 3140 4470 4950
2150 3140 4480 4940
2160 3130 4480 4940
2170 3130 4480 4940
2160 3140 4470 4940
2160 3140 4460 4940
2170 3130 4460 4940
2160 3120 4460 4940
2160 3130 4460 4940
2160 3140 4460 4940
2160 3140 4460 4950
2170 3140 4470 4950
2170 3140 4470 4950
2170 3140 4460 4960
2170 3140 4460 4960
2170 3140 4460 4950
2170 3140 4460 4950
2160 3140 4460 4950
2160 3130 4460 4950
2170 3130 4470 4950
2150 3140 4470 4940
2140 3140 4470 4940
2160 3140 4470 4930
2170 3140 4470 4930
2160 3140 4470 4940
2130 3140 4470 4930
2140 3140 4460 4930
2150 3130 4470 4940
2160 3130 4480 4930
2160 3130 4470 4940
2160 3130 4470 4940
2180 3130 4470 4940
2170 3140 4470 4930
2160 3150 4450 4930
2170 3150 4450 4940
2170 3140 4450 4950
2170 3140 4450 4940
2150 3140 4450 4940
2170 3130 4450 4950
2160 3130 4450 4960
2170 3130 4450 4960
2160 3120 4450 4960
2150 3130 4450 4960
2160 3140 4450 4960
2160 3130 4450 4960
2160 3130 4450 4950
2160 3140 4450 4960
2160 3140 4450 4960
2170 3140 4450 4960
2150 3140 4450 4950
2140 3150 4450 4940
2140 3150 4460 4940
2140 3150 4460 4950
2150 3150 4460 4960
2140 3140 4470 4960
2140 3140 4460 4950
2140 3140 4460 4950
2150 3150 4450 4950
2160 3160 4450 4940
2170 3140 4450 4940
2160 3140 4450 4940
2150 3140 4450 4940
2160 3150 4450 4940
2160 3150 4450 4940
2160 3140 4450 4940
2170 3120 4460 4940
2160 3130 4450 4940
2170 3130 4470 4950
2160 3140 4470 4950
2170 3150 4470 4950
2160 3160 4470 4950
2150 3140 4470 4940
2160 3140 4460 4940
2170 3140 4460 4940
2160 3130 4460 4940
2160 3130 4460 4940
2160 3140 4470 4940
2160 3150 4470 4940
2160 3160 4460 4940
2170 3160 4460 4940
2180 3150 4460 4940
2160 3150 4450 4940
2160 3140 4460 4940
2180 3140 4460 4940
2180 3140 4470 4940
2180 3150 4480 4950
2170 3130 4470 4950
2150 3130 4460 4940
2140 3120 4460 4930
2150 3110 4460 4930
2140 3120 4460 4940
2130 3110 4460 4940
2140 3120 4470 4940
2150 3110 4460 4940
2160 3120 4450 4950
2160 3130 4450 4940
2170 3140 4450 4940
2170 3150 4460 4940
2180 3150 4460 4940
2180 3160 4460 4950
2180 3170 4460 4950
2160 3140 4470 4960
2160 3140 4470 4960
2160 3140 4460 4960
2160 3120 4460 4960
2160 3110 4460 4960
2160 3110 4460 4960
2160 3120 4460 4950
2150 3120 4450 4950
2150 3120 4450 4950
2150 3120 4450 4950
2150 3120 4460 4950
2150 3120 4450 4950
2160 3120 4450 4950
2150 3130 4450 4950
2150 3130 4450 4950
2180 3140 4450 4950
2180 3130 4450 4950
2180 3110 4450 4950
2180 3110 4450 4950
2180 3130 4450 4950
2180 3130 4460 4950
2180 3130 4460 4950
2180 3120 4450 4950
2160 3120 4450 4950
2160 3130 4450 4950
2160 3140 4450 4950
2160 3140 4450 4950
2160 3140 4470 4950
2170 3130 4470 4950
2160 3120 4470 4950
2160 3120 4470 4950
2160 3140 4460 4950
2160 3140 4460 4950
2170 3130 4470 4950
2160 3120 4470 4950
2160 3120 4470 4950
2160 3120 4460 4950
2160 3130 4470 4940
2160 3120 4470 4950
2160 3140 4460 4950
2150 3140 4460 4940
2150 3140 4460 4940
2160 3150 4460 4940
2160 3140 4460 4940
2170 3150 4470 4940
2160 3150 4470 4950
2150 3130 4470 4950
2160 3130 4470 4950
2160 3150 4480 4950
2160 3130 4480 4950
2170 3150 4480 4950
2160 3140 4480 4940
2160 3150 4480 4940
2160 3150 4480 4950
2160 3140 4480 4950
2170 3140 4480 4940
2170 3140 4480 4940
2160 3150 4490 4940
2170 3140 4490 4950
2180 3150 4490 4950
2170 3150 4480 4940
2170 3140 4490 4940
2160 3150 4480 4950
2160 3140 4470 4940
2160 3150 4480 4950
2150 3150 4480 4950
2150 3150 4490 4950
2150 3150 4490 4930
2150 3150 4490 4930
2160 3150 4490 4930
2170 3160 4480 4940
2170 3160 4480 4940
2170 3160 4480 4940
2170 3160 4490 4940
2170 3150 4480 4940
2170 3140 4480 4950
2170 3150 4480 4950
2170 3150 4480 4950
2160 3150 4480 4940
2160 3150 4480 4940
2170 3150 4490 4940
2170 3150 4490 4940
2160 3160 4470 4940
2170 3140 4470 4940
2170 3140 4470 4940
2170 3140 4480 4940
2170 3140 4480 4940
2170 3130 4480 4950
2170 3140 4480 4950
2160 3150 4470 4950
2160 3150 4470 4940
2170 3160 4470 4940
2170 3160 4460 4940
2170 3150 4470 4960
2160 3140 4460 4950
2170 3140 4460 4950
2170 3140 4470 4950
2170 3150 4470 4950
2180 3150 4470 4950
2190 3150 4470 4950
2190 3150 4470 4950
2180 3150 4460 4950
2180 3150 4460 4960
2180 3140 4450 4960
2180 3130 4450 4960
2180 3140 4450 4950
2180 3140 4450 4950
2180 3150 4450 4950
2180 3150 4450 4940
2180 3150 4460 4950
2180 3140 4460 4960
2170 3130 4460 4960
2170 3140 4460 4960
2180 3130 4460 4960
2180 3140 4450 4960
2180 3150 4450 4970
2180 3160 4460 4960
2180 3160 4460 4960
2180 3150 4470 4960
2180 3140 4460 4960
2180 3140 4450 4960
2180 3120 4450 4960
2180 3140 4450 4970
2150 3150 4460 4960
2160 3160 4460 4960
2170 3160 4460 4960
2160 3160 4460 4960
2160 3150 4470 4960
2160 3160 4470 4960
2170 3150 4470 4960
2180 3150 4470 4960
2170 3140 4470 4950
2180 3140 4470 4950
2170 3150 4470 4950
2170 3140 4470 4950
2160 3130 4470 4950
2170 3130 4470 4950
2170 3140 4470 4950
2170 3150 4470 4950
2160 3150 4470 4960
2160 3150 4470 4960
2170 3150 4470 4960
2170 3150 4470 4960
2170 3140 4470 4960
2160 3130 4470 4960
2150 3110 4470 4950
2160 3130 4480 4960
2160 3130 4480 4960
2160 3110 4480 4950
2160 3110 4480 4960
2170 3120 4470 4960
2160 3140 4470 4960
2170 3140 4470 4960
2160 3140 4470 4960
2160 3130 4470 4960
2170 3130 4470 4950
2160 3130 4470 4960
2150 3140 4460 4960
2160 3140 4460 4950
2160 3140 4460 4960
2160 3130 4460 4960
2160 3130 4460 4960
2160 3130 4460 4960
2160 3130 4460 4950
2150 3130 4450 4950
2160 3140 4460 4950
2170 3130 4470 4940
2160 3130 4460 4950
2160 3130 4470 4950
2150 3150 4470 4960
2150 3150 4480 4970
2140 3140 4480 4970
2160 3140 4480 4960
2160 3150 4480 4960
2150 3150 4480 4960
2160 3150 4480 4960
2160 3160 4480 4960
2160 3140 4480 4960
2150 3140 4480 4950
2170 3130 4480 4950
2180 3130 4470 4960
2160 3140 4480 4950
2180 3140 4480 4950
2170 3130 4480 4950
2170 3130 4480 4950
2170 3120 4480 4950
2180 3130 4470 4960
2180 3130 4460 4960
2180 3120 4460 4970
2180 3120 4460 4970
2180 3120 4460 4970
2180 3120 4460 4970
2170 3140 4460 4970
2160 3130 4450 4960
2170 3140 4460 4960
