1980 2990 4970 5400
1980 2990 4970 5390
1990 2990 4970 5390
1990 2990 4970 5390
1980 2990 4980 5400
1960 2990 4970 5400
1960 2980 4960 5400
1970 2980 4960 5400
1980 2990 4970 5400
1970 2990 4970 5400
1970 2990 4980 5400
1980 2990 4970 5400
1990 2990 4970 5400
1980 2990 4970 5400
1980 2990 4970 5400
1990 2990 4970 5400
1990 2980 4960 5390
1990 2980 4970 5390
1990 2980 4970 5390
1980 2990 4970 5390
1970 2980 4960 5390
1990 2980 4960 5390
1990 2990 4960 5390
1990 2990 4960 5390
1990 2980 4960 5390
1990 2980 4960 5390
1970 2990 4960 5390
1970 2990 4960 5390
1970 2990 4970 5390
1970 2990 4970 5390
1970 2990 4960 5390
1970 2990 4960 5390
1980 2980 4970 5390
1980 2980 4970 5390
1970 2980 4970 5390
1980 2980 4970 5390
1980 2990 4970 5380
1980 2990 4970 5380
1980 2990 4970 5390
1980 2990 4970 5390
1980 2980 4970 5390
1970 2990 4970 5390
1970 2990 4970 5390
1970 2990 4970 5390
1980 2980 4970 5390
1980 2990 4970 5390
1980 2990 4980 5390
1990 2990 4980 5390
1990 2990 4970 5390
2000 2990 4970 5380
2000 2990 4970 5390
2000 2990 4980 5390
1980 2990 4970 5390
1990 2980 4960 5390
1990 2980 4970 5390
1990 2980 4970 5390
1980 2990 4970 5390
1980 2970 4970 5390
1970 2970 4970 5390
1970 2980 4970 5390
1970 2980 4980 5390
1960 2980 4970 5390
1970 2990 4980 5390
1970 2990 4970 5390
1970 2990 4970 5390
1980 2980 4970 5390
1970 2980 4970 5390
1960 2990 4970 5390
1970 2990 4960 5400
1970 2980 4970 5400
1970 2980 4970 5400
1980 2980 4970 5400
1980 2970 4970 5400
1970 2970 4970 5390
1970 2970 4980 5390
1970 2970 4970 5390
1970 2980 4980 5390
1970 2970 4970 5390
1970 2980 4960 5400
1970 2980 4950 5400
1970 2990 4960 5400
1970 2990 4960 5400
1970 3000 4970 5400
1970 2990 4970 5400
1960 2980 4970 5400
1960 2980 4960 5400
1960 2990 4960 5400
1970 2980 4970 5390
1970 2990 4960 5390
1970 2990 4960 5390
1980 2990 4950 5390
1980 2990 4950 5400
1970 2990 4960 5400
1970 2990 4950 5400
1980 2980 4960 5390
1970 2990 4960 5400
1970 2990 4960 5400
1970 2990 4960 5400
1970 2990 4960 5400
1970 2990 4960 5400
1970 2980 4960 5400
1970 2980 4960 5400
1990 2980 4960 5400
1980 2980 4960 5400
1980 2980 4960 5400
1980 2980 4970 5400
1990 2980 4970 5400
1990 2990 4970 5400
1990 2990 4970 5400
1990 3000 4960 5400
1990 3000 4950 5400
1990 2990 4960 5390
1990 2980 4970 5400
2000 2970 4980 5400
1990 2980 4990 5400
1980 2980 4990 5400
1980 2990 4980 5400
1970 3000 4980 5400
1970 3000 4970 5400
1960 2990 4960 5390
1970 2990 4970 5390
1970 2990 4970 5390
1970 2990 4970 5390
1970 3000 4960 5390
1970 3000 4970 5390
1970 3000 4980 5390
1970 3000 4980 5390
1980 3000 4960 5400
1970 3000 4950 5400
1970 2990 4950 5390
1970 2990 4960 5390
1980 2990 4960 5390
1990 2990 4960 5390
1990 2990 4950 5400
1980 3000 4960 5400
1980 2990 4960 5400
1970 2990 4970 5400
1970 2990 4970 5400
1960 2990 4970 5400
1960 2980 4970 5400
1960 2970 4980 5400
1950 2970 4970 5400
1950 2970 4970 5400
1960 2980 4970 5400
1960 2980 4970 5400
1960 2980 4980 5400
1980 2980 4980 5400
1970 2980 4980 5390
1970 2980 4980 5400
1970 2990 4980 5400
1970 2990 4980 5400
1970 2990 4980 5400
1970 2990 4980 5400
1970 2990 4970 5390
1970 2990 4970 5390
1970 2980 4980 5400
1970 2980 4980 5400
1970 2980 4980 5390
1970 2970 4970 5390
1980 2970 4980 5390
1980 2970 4980 5390
1970 2970 4980 5390
1980 2970 4970 5390
1980 2980 4980 5390
1980 2980 4980 5390
1970 2980 4970 5400
1970 2980 4970 5390
1960 2980 4970 5390
1970 2980 4970 5390
1970 2980 4970 5390
1970 2980 4970 5390
1970 2980 4970 5390
1970 2980 4960 5390
1970 3000 4980 5390
1980 3000 4980 5390
1980 3000 4980 5400
1970 3000 4970 5400
1970 2980 4970 5390
1970 2980 4970 5390
1970 2980 4960 5390
1980 2980 4970 5390
1980 2990 4970 5390
1970 2980 4960 5380
1970 2990 4970 5380
1970 2980 4970 5390
1970 2980 4970 5390
1970 2990 4970 5390
1970 2990 4970 5390
1970 2980 4970 5390
1960 2980 4970 5390
1970 2990 4970 5390
1960 2990 4970 5390
1970 2990 4970 5390
1970 2990 4970 5390
1980 2990 4970 5400
1970 2980 4970 5400
1970 2980 4970 5400
1970 2980 4970 5400
1970 2980 4970 5400
1970 2990 4970 5400
1980 2990 4970 5400
1980 3000 4980 5390
1970 3000 4970 5390
1970 2990 4970 5390
1970 2990 4970 5390
1970 2990 4970 5390
1970 3000 4980 5390
1970 3000 4970 5390
1970 3000 4970 5390
1970 3000 4970 5390
1970 3000 4970 5390
1970 3000 4970 5390
1970 2990 4970 5390
1970 3000 4980 5390
1970 2990 4980 5400
1970 2990 4980 5400
1970 2990 4970 5400
1980 2980 4970 5390
1970 2990 4970 5390
1970 2990 4970 5390
1980 2990 4970 5390
1970 3000 4980 5390
1970 3000 4980 5390
1990 3010 4970 5390
1980 3000 4970 5400
1990 2990 4970 5400
1970 2990 4970 5390
1970 2990 4970 5390
1980 3000 4970 5390
1970 2990 4980 5380
1970 2990 4980 5380
1980 3000 4970 5380
1990 2990 4970 5390
1980 2980 4970 5390
1970 2990 4970 5390
1950 2990 4970 5380
1960 2990 4970 5380
1960 2980 4960 5390
1970 2980 4960 5390
1980 2970 4960 5390
1980 2980 4960 5390
1980 2970 4960 5390
1970 2970 4960 5390
1970 2980 4970 5390
1990 2990 4970 5390
1990 2990 4970 5390
1980 2980 4960 5390
1970 2980 4960 5390
1970 2980 4960 5390
1980 2970 4970 5390
1980 2970 4970 5390
1980 2980 4980 5390
1970 2980 4970 5390
1970 2980 4970 5390
1970 2980 4970 5390
1980 2980 4970 5390
1970 2980 4960 5390
1970 2980 4950 5390
