2470 2550 5210 5100
2470 2540 5210 5120
2460 2540 5190 5130
2460 2540 5200 5120
2460 2540 5200 5120
2460 2540 5200 5130
2460 2530 5200 5130
2450 2540 5200 5130
2450 2540 5200 5120
2440 2540 5200 5120
2430 2540 5200 5110
2440 2540 5200 5120
2450 2540 5200 5110
2460 2540 5210 5110
2450 2540 5210 5120
2450 2540 5210 5120
2450 2540 5210 5110
2450 2540 5200 5110
2450 2540 5200 5120
2450 2540 5200 5120
2450 2550 5200 5130
2460 2540 5200 5130
2460 2550 5200 5130
2460 2540 5200 5130
2450 2550 5210 5120
2450 2550 5210 5130
2450 2540 5210 5130
2440 2540 5210 5140
2450 2530 5210 5140
2460 2530 5210 5130
2450 2530 5210 5130
2450 2530 5200 5120
2450 2520 5210 5130
2450 2520 5200 5120
2450 2520 5210 5130
2450 2530 5210 5120
2460 2530 5210 5110
2450 2520 5210 5110
2450 2520 5210 5110
2450 2530 5210 5110
2450 2530 5210 5100
2450 2520 5200 5100
2460 2510 5200 5100
2460 2520 5200 5120
2440 2530 5200 5120
2440 2540 5200 5110
2440 2550 5200 5120
2440 2550 5200 5110
2450 2550 5200 5100
2450 2550 5200 5100
2450 2550 5200 5120
2440 2550 5200 5120
2440 2550 5200 5120
2450 2540 5210 5130
2450 2540 5210 5130
2450 2540 5210 5130
2440 2530 5210 5130
2440 2540 5230 5120
2440 2540 5210 5110
2450 2550 5210 5110
2450 2560 5210 5120
2460 2560 5210 5120
2460 2540 5200 5110
2460 2540 5210 5120
2470 2550 5210 5110
2470 2540 5230 5110
2470 2540 5230 5120
2460 2540 5230 5120
2460 2550 5210 5120
2460 2530 5210 5130
2450 2530 5200 5140
2450 2520 5200 5130
2450 2530 5200 5120
2440 2530 5200 5120
2440 2520 5210 5130
2440 2530 5210 5130
2440 2540 5210 5120
2440 2540 5210 5120
2440 2550 5210 5110
2440 2530 5200 5110
2430 2530 5200 5120
2440 2520 5200 5120
2440 2530 5200 5130
2450 2530 5200 5120
2450 2540 5200 5120
2450 2540 5200 5120
2450 2550 5200 5120
2460 2550 5200 5120
2450 2550 5200 5130
2460 2540 5200 5120
2460 2540 5200 5110
2450 2530 5200 5120
2450 2530 5200 5120
2460 2540 5200 5130
2460 2550 5200 5130
2460 2550 5200 5130
2450 2550 5190 5110
2440 2550 5190 5120
2450 2550 5200 5110
2460 2550 5200 5120
2460 2550 5200 5120
2460 2550 5200 5130
2460 2550 5200 5120
2460 2550 5200 5120
2460 2550 5200 5110
2460 2560 5210 5100
2450 2560 5210 5100
2450 2560 5210 5110
2460 2560 5200 5100
2460 2550 5190 5110
2460 2550 5190 5120
2460 2550 5200 5130
2460 2550 5200 5130
2460 2550 5210 5110
2460 2540 5210 5110
2460 2540 5210 5110
2450 2540 5210 5130
2450 2540 5210 5140
2450 2540 5210 5110
2440 2550 5200 5120
2440 2550 5200 5120
2440 2550 5190 5110
2440 2540 5200 5120
2440 2540 5200 5120
2440 2540 5190 5120
2440 2540 5200 5130
2450 2550 5210 5120
2440 2550 5210 5120
2450 2540 5210 5120
2450 2540 5210 5120
2450 2540 5210 5130
2450 2540 5210 5120
2450 2550 5210 5130
2450 2550 5210 5120
2440 2550 5200 5140
2450 2540 5190 5130
2450 2540 5190 5120
2450 2540 5200 5110
2450 2540 5200 5120
2450 2550 5210 5120
2450 2550 5210 5110
2440 2550 5210 5110
2440 2550 5210 5120
2440 2550 5210 5130
2440 2550 5200 5120
2440 2540 5190 5120
2450 2550 5200 5130
2450 2550 5200 5120
2450 2540 5190 5120
2460 2550 5200 5120
2450 2550 5200 5120
2450 2550 5210 5130
2450 2540 5200 5130
2450 2550 5190 5130
2450 2540 5200 5130
2450 2540 5200 5130
2450 2530 5210 5120
2450 2540 5210 5110
2450 2540 5210 5120
2450 2540 5200 5120
2450 2540 5190 5120
2450 2550 5190 5110
2450 2540 5200 5130
2450 2540 5210 5120
2450 2540 5210 5110
2460 2550 5210 5110
2440 2550 5210 5110
2430 2540 5210 5110
2440 2550 5210 5120
2440 2540 5200 5120
2440 2540 5200 5120
2450 2540 5200 5120
2450 2550 5190 5130
2450 2550 5200 5120
2440 2540 5210 5120
2440 2540 5210 5120
2430 2540 5210 5130
2430 2530 5210 5130
2440 2540 5210 5120
2440 2550 5210 5120
2450 2540 5200 5130
2440 2550 5200 5130
2440 2550 5200 5130
2440 2550 5210 5140
2450 2550 5210 5140
2450 2550 5200 5120
2450 2550 5210 5120
2450 2540 5200 5130
2440 2540 5200 5120
2440 2540 5210 5110
2450 2540 5210 5110
2450 2530 5200 5110
2460 2540 5200 5110
2450 2540 5200 5120
2440 2540 5200 5120
2440 2540 5200 5120
2440 2540 5200 5120
2450 2530 5200 5120
2460 2530 5190 5110
2460 2520 5190 5110
2460 2530 5190 5110
2450 2540 5200 5110
2450 2540 5200 5110
2450 2550 5210 5110
2450 2550 5210 5110
2440 2540 5210 5100
2450 2550 5210 5110
2450 2550 5210 5110
2460 2540 5210 5120
2460 2550 5210 5120
2460 2550 5210 5110
