2590 2660 4680 4680
2600 2650 4680 4690
2600 2670 4670 4690
2590 2670 4670 4690
2590 2670 4670 4690
2600 2670 4670 4690
2600 2670 4670 4690
2590 2670 4670 4690
2590 2670 4670 4690
2590 2670 4680 4690
2590 2680 4680 4690
2580 2670 4680 4690
2590 2660 4670 4690
2590 2670 4670 4690
2590 2670 4680 4690
2610 2670 4690 4690
2600 2670 4690 4690
2600 2670 4690 4690
2590 2670 4690 4680
2590 2670 4690 4690
2590 2690 4690 4690
2600 2690 4690 4690
2590 2690 4690 4700
2590 2690 4690 4690
2590 2690 4680 4690
2590 2700 4680 4700
2580 2690 4680 4710
2590 2680 4680 4700
2590 2680 4670 4690
2590 2680 4670 4690
2600 2670 4680 4690
2610 2670 4680 4690
2610 2680 4680 4690
2600 2670 4680 4690
2600 2670 4680 4690
2590 2680 4680 4680
2590 2680 4680 4690
2600 2670 4690 4690
2590 2660 4680 4680
2600 2670 4680 4680
2600 2680 4680 4680
2600 2660 4680 4690
2600 2660 4680 4700
2580 2660 4680 4700
2590 2670 4680 4690
2580 2670 4680 4690
2590 2670 4690 4690
2590 2670 4690 4690
2590 2680 4690 4690
2590 2670 4680 4690
2600 2670 4680 4690
2590 2670 4680 4690
2590 2670 4680 4680
2600 2680 4680 4680
2590 2680 4690 4690
2590 2680 4690 4680
2590 2680 4690 4680
2590 2670 4690 4680
2580 2670 4690 4680
2580 2670 4680 4680
2600 2660 4680 4690
2590 2660 4680 4690
2600 2670 4680 4700
2600 2670 4680 4700
2600 2680 4680 4700
2600 2670 4680 4700
2600 2660 4680 4700
2590 2650 4680 4700
2600 2670 4680 4700
2600 2670 4680 4700
2600 2670 4690 4700
2600 2680 4690 4700
2610 2670 4690 4700
2600 2680 4690 4700
2590 2680 4690 4690
2590 2680 4680 4690
2580 2680 4680 4690
2600 2680 4680 4700
2600 2680 4680 4690
2600 2680 4690 4680
2590 2650 4690 4690
2580 2650 4690 4700
2590 2660 4690 4700
2590 2660 4690 4700
2580 2660 4680 4700
2600 2670 4680 4690
2590 2670 4680 4690
2590 2680 4670 4680
2600 2680 4670 4690
2600 2680 4670 4700
2600 2690 4670 4700
2600 2680 4670 4700
2600 2680 4670 4700
2600 2670 4670 4700
2600 2680 4660 4690
2600 2670 4660 4690
2590 2670 4670 4690
2590 2670 4670 4680
2590 2670 4670 4690
2580 2670 4660 4680
2580 2680 4670 4680
2590 2670 4670 4680
2590 2670 4670 4670
2580 2670 4680 4680
2580 2670 4670 4690
2580 2660 4670 4680
2580 2670 4670 4680
2580 2680 4670 4680
2600 2690 4670 4690
2590 2680 4660 4690
2590 2690 4660 4690
2590 2690 4670 4700
2600 2690 4670 4690
2590 2690 4670 4690
2590 2690 4680 4690
2580 2680 4680 4690
2580 2670 4690 4690
2580 2670 4680 4690
2580 2690 4690 4690
2580 2690 4690 4690
2580 2700 4690 4690
2580 2690 4690 4690
2580 2690 4680 4680
2590 2690 4680 4680
2590 2680 4680 4670
2590 2680 4680 4670
2590 2670 4680 4670
2590 2670 4680 4660
2580 2680 4680 4670
2590 2680 4680 4680
2580 2670 4670 4690
2600 2670 4660 4690
2590 2660 4660 4690
2590 2660 4670 4690
2590 2670 4680 4690
2590 2660 4680 4700
2590 2660 4670 4700
2610 2660 4670 4700
2610 2660 4670 4700
2620 2660 4670 4700
2620 2660 4670 4700
2600 2670 4680 4690
2590 2670 4680 4690
2600 2680 4680 4690
2590 2680 4680 4680
2600 2680 4680 4680
2590 2690 4680 4690
2580 2680 4680 4690
2580 2670 4680 4690
2590 2680 4680 4690
2590 2670 4680 4690
2590 2670 4670 4690
2600 2670 4670 4690
2600 2670 4670 4690
2600 2680 4670 4700
2600 2680 4670 4700
2590 2680 4670 4700
2580 2670 4670 4700
2590 2670 4670 4700
2600 2670 4680 4700
2610 2670 4680 4690
2610 2670 4680 4690
2610 2680 4680 4700
2610 2670 4680 4680
2600 2680 4690 4680
2590 2680 4690 4700
2600 2680 4690 4700
2590 2670 4680 4700
2590 2660 4680 4700
2590 2670 4680 4710
2590 2670 4680 4710
2590 2680 4670 4710
2590 2690 4670 4710
2610 2700 4670 4700
2610 2690 4680 4700
2600 2690 4690 4700
2610 2690 4690 4690
2600 2680 4680 4690
2590 2680 4680 4690
2600 2680 4690 4690
2600 2680 4690 4690
2590 2670 4680 4690
2600 2670 4690 4690
2610 2690 4690 4690
2600 2690 4680 4680
2610 2690 4680 4680
2620 2680 4680 4680
2620 2690 4670 4680
2600 2690 4680 4680
2600 2670 4680 4680
2600 2670 4680 4680
2600 2670 4680 4680
2600 2660 4680 4670
2590 2660 4680 4670
2600 2660 4680 4680
2600 2650 4680 4680
2600 2650 4680 4670
2600 2670 4680 4670
2610 2680 4680 4690
2610 2690 4680 4690
2610 2690 4690 4690
2610 2680 4680 4690
2590 2680 4680 4700
2590 2690 4680 4700
2580 2700 4680 4680
2580 2700 4680 4690
2580 2710 4690 4690
2580 2700 4690 4690
2580 2690 4690 4690
2580 2690 4690 4690
2580 2680 4690 4680
2580 2680 4690 4680
2600 2700 4680 4670
2600 2710 4680 4670
2610 2700 4680 4680
2610 2700 4680 4700
2600 2700 4680 4690
2610 2710 4670 4690
2600 2710 4670 4690
2590 2700 4670 4700
2610 2680 4670 4700
2600 2680 4680 4700
2600 2690 4680 4710
2610 2680 4680 4710
2610 2680 4680 4710
2610 2680 4690 4700
2620 2670 4690 4690
2620 2660 4690 4690
2610 2650 4690 4700
2600 2650 4690 4710
2590 2650 4680 4710
2590 2660 4680 4700
2590 2660 4680 4700
2590 2650 4680 4700
2580 2660 4680 4700
2580 2650 4680 4690
2600 2660 4680 4690
2600 2680 4680 4700
2590 2680 4680 4700
