3630 5320 1870 4120
3620 5320 1870 4120
3620 5320 1880 4130
3620 5320 1870 4130
3620 5320 1870 4140
3620 5320 1870 4140
3610 5320 1870 4130
3610 5320 1870 4120
3640 5330 1870 4140
3630 5330 1870 4140
3620 5320 1870 4150
3620 5330 1870 4130
3620 5340 1860 4140
3620 5340 1860 4150
3630 5350 1860 4150
3630 5350 1860 4150
3620 5350 1860 4150
3610 5340 1870 4140
3600 5330 1880 4140
3600 5330 1890 4150
3600 5330 1880 4150
3610 5330 1880 4150
3610 5330 1880 4140
3610 5330 1870 4140
3610 5330 1870 4140
3600 5320 1890 4130
3600 5330 1880 4140
3600 5330 1880 4150
3610 5330 1880 4150
3620 5330 1870 4150
3630 5340 1860 4150
3630 5330 1860 4140
3630 5330 1870 4140
3610 5320 1870 4150
3610 5320 1880 4150
3610 5330 1890 4150
3610 5340 1900 4160
3610 5340 1900 4170
3610 5330 1890 4170
3610 5330 1900 4170
3610 5320 1890 4160
3610 5320 1890 4150
3610 5320 1880 4150
3610 5330 1880 4140
3610 5340 1880 4140
3610 5350 1880 4140
3600 5350 1880 4130
3600 5340 1870 4130
3600 5340 1870 4150
3590 5320 1880 4140
3600 5330 1890 4150
3610 5330 1890 4160
3610 5340 1890 4160
3610 5330 1890 4160
3610 5320 1890 4170
3610 5320 1890 4170
3600 5330 1900 4160
3600 5330 1890 4150
3610 5340 1890 4150
3610 5360 1890 4140
3600 5360 1880 4130
3610 5360 1880 4140
3610 5340 1880 4140
3620 5340 1880 4150
3620 5340 1880 4140
3620 5350 1880 4140
3620 5360 1870 4130
3620 5350 1870 4140
3620 5340 1860 4130
3610 5350 1880 4140
3610 5340 1890 4130
3610 5330 1890 4140
3610 5330 1890 4140
3610 5330 1890 4130
3610 5340 1880 4130
3610 5330 1880 4130
3610 5330 1900 4140
3610 5330 1890 4140
3610 5340 1890 4140
3610 5340 1890 4130
3610 5350 1890 4130
3620 5340 1890 4130
3610 5340 1880 4130
3600 5340 1890 4140
3600 5360 1890 4140
3600 5350 1890 4130
3600 5340 1890 4130
3600 5340 1890 4140
3600 5340 1890 4140
3610 5330 1890 4140
3610 5320 1890 4140
3610 5320 1890 4140
3620 5320 1890 4150
3610 5320 1900 4140
3610 5320 1890 4140
3610 5350 1890 4130
3610 5340 1890 4140
3610 5330 1890 4140
3610 5330 1890 4140
3610 5320 1880 4150
3610 5320 1880 4140
3610 5320 1870 4140
3630 5330 1890 4140
3640 5330 1890 4130
3640 5330 1890 4150
3640 5330 1890 4150
3640 5320 1890 4150
3640 5340 1890 4140
3630 5330 1890 4130
3630 5330 1890 4130
3620 5330 1890 4140
3620 5340 1890 4140
3620 5340 1890 4130
3630 5350 1890 4140
3630 5340 1890 4140
3610 5340 1890 4130
3610 5350 1890 4130
3610 5340 1880 4140
3600 5340 1880 4140
3600 5330 1870 4150
3600 5340 1880 4130
3600 5350 1890 4140
3600 5340 1890 4150
3600 5340 1880 4150
3600 5370 1880 4140
3600 5360 1870 4150
3610 5340 1890 4150
3600 5330 1880 4140
3590 5340 1870 4140
3590 5350 1870 4150
3590 5360 1880 4140
3590 5370 1880 4130
3600 5370 1880 4130
3600 5350 1890 4130
3600 5340 1890 4130
3600 5340 1890 4130
3600 5340 1880 4130
3610 5330 1880 4130
3610 5330 1890 4140
3610 5320 1900 4140
3610 5320 1900 4130
3600 5330 1890 4130
3600 5340 1890 4130
3610 5340 1890 4140
3610 5330 1890 4140
3610 5320 1890 4130
3610 5330 1890 4130
3610 5330 1890 4140
3610 5330 1880 4130
3610 5320 1890 4130
3610 5330 1890 4130
3610 5340 1880 4130
3610 5330 1880 4130
3600 5330 1890 4140
3590 5330 1890 4140
3590 5340 1890 4130
3610 5330 1890 4130
3610 5340 1890 4130
3600 5340 1890 4130
3600 5340 1890 4140
3600 5330 1900 4140
3590 5330 1890 4130
3590 5320 1890 4130
3590 5320 1880 4130
3600 5320 1870 4130
3610 5320 1870 4140
3630 5320 1880 4140
3630 5330 1870 4140
3630 5320 1870 4140
3630 5320 1880 4150
3620 5330 1880 4160
3630 5320 1890 4160
3630 5320 1880 4150
3630 5320 1880 4150
3630 5320 1880 4160
3620 5320 1880 4160
3610 5330 1880 4160
3610 5330 1880 4160
3610 5340 1880 4150
3620 5330 1870 4150
3620 5330 1870 4150
3620 5340 1880 4150
3620 5340 1870 4160
3620 5340 1870 4160
3620 5330 1870 4160
3600 5330 1870 4160
3610 5340 1870 4160
3610 5330 1880 4160
3600 5320 1880 4160
3610 5320 1890 4160
3610 5320 1890 4160
3620 5320 1890 4140
3620 5330 1890 4150
3620 5320 1890 4150
3620 5320 1890 4140
3620 5330 1890 4140
3620 5320 1880 4140
3620 5320 1880 4140
3620 5320 1870 4130
3610 5320 1870 4130
3610 5320 1870 4140
3610 5320 1870 4140
3600 5330 1880 4130
3590 5330 1880 4130
3600 5330 1870 4130
3610 5340 1880 4120
3610 5340 1880 4130
3610 5330 1880 4130
3610 5330 1890 4140
3610 5330 1890 4140
3610 5320 1890 4130
3610 5320 1890 4130
3600 5320 1890 4140
3600 5320 1890 4140
3600 5320 1890 4130
3600 5320 1890 4130
3600 5320 1890 4130
3600 5320 1890 4140
3600 5330 1900 4140
3600 5320 1890 4140
3600 5320 1890 4140
3590 5330 1890 4160
3590 5340 1890 4150
3600 5340 1890 4140
3600 5340 1890 4150
3600 5350 1890 4140
3610 5360 1890 4130
3610 5360 1900 4130
3610 5350 1900 4140
3610 5340 1890 4130
