2750 2870 4290 4330
2760 2860 4290 4330
2750 2860 4270 4330
2740 2860 4270 4330
2740 2860 4270 4330
2740 2860 4290 4330
2740 2850 4300 4330
2740 2850 4290 4330
2740 2840 4290 4330
2740 2850 4290 4330
2750 2850 4270 4340
2750 2850 4290 4340
2750 2840 4290 4340
2750 2840 4290 4340
2750 2830 4290 4340
2750 2830 4290 4340
2740 2840 4290 4340
2750 2840 4290 4340
2750 2860 4290 4340
2750 2860 4290 4330
2750 2860 4290 4330
2750 2850 4300 4340
2750 2850 4290 4340
2750 2840 4290 4340
2750 2850 4290 4340
2750 2860 4290 4330
2760 2850 4290 4340
2750 2850 4290 4340
2750 2860 4290 4340
2740 2850 4310 4330
2740 2850 4300 4340
2750 2850 4290 4340
2750 2850 4300 4340
2750 2860 4290 4340
2750 2860 4290 4340
2750 2850 4300 4340
2750 2850 4300 4340
2750 2840 4290 4320
2750 2850 4270 4330
2750 2860 4270 4320
2760 2840 4290 4320
2750 2840 4290 4320
2750 2850 4290 4330
2740 2870 4290 4330
2740 2860 4270 4330
2740 2860 4270 4330
2740 2860 4270 4320
2740 2860 4270 4320
2740 2840 4290 4320
2740 2850 4290 4320
2740 2850 4290 4320
2750 2860 4300 4320
2750 2850 4290 4320
2750 2860 4290 4330
2750 2860 4290 4330
2750 2850 4270 4330
2750 2840 4270 4330
2750 2840 4270 4330
2750 2840 4270 4330
2740 2850 4290 4320
2740 2850 4290 4330
2740 2850 4300 4330
2750 2860 4310 4330
2750 2860 4310 4330
2750 2860 4300 4330
2760 2860 4300 4330
2750 2850 4310 4330
2760 2850 4310 4320
2750 2860 4310 4330
2750 2860 4310 4330
2750 2860 4300 4330
2750 2860 4300 4330
2750 2860 4300 4340
2750 2850 4290 4340
2750 2850 4290 4340
2750 2850 4290 4340
2750 2850 4300 4340
2750 2860 4290 4340
2750 2850 4290 4340
2750 2850 4290 4340
2750 2850 4290 4340
2750 2860 4290 4340
2750 2850 4290 4340
2750 2850 4290 4340
2760 2850 4290 4340
2760 2850 4290 4340
2760 2860 4290 4340
2760 2870 4300 4340
2760 2860 4300 4340
2760 2860 4290 4330
2760 2850 4290 4340
2760 2850 4290 4340
2760 2850 4290 4340
2760 2850 4290 4340
2750 2850 4300 4340
2750 2850 4300 4340
2750 2860 4270 4340
2750 2850 4270 4340
2750 2840 4290 4340
2750 2850 4290 4350
2750 2850 4290 4340
2750 2840 4290 4340
2750 2840 4300 4340
2740 2850 4290 4340
2740 2850 4270 4340
2740 2850 4300 4340
2750 2860 4310 4340
2750 2860 4310 4340
2750 2850 4310 4340
2750 2860 4300 4340
2750 2850 4310 4340
2750 2850 4310 4330
2750 2850 4310 4330
2760 2860 4310 4330
2760 2850 4300 4330
2750 2850 4290 4330
2750 2850 4300 4340
2750 2850 4300 4340
2750 2860 4290 4340
2750 2860 4290 4340
2750 2850 4300 4340
2750 2850 4300 4340
2750 2830 4300 4340
2750 2830 4290 4340
2750 2830 4290 4340
2750 2830 4290 4350
2750 2840 4300 4360
2750 2840 4290 4360
2750 2830 4270 4350
2750 2840 4270 4340
2760 2850 4300 4340
2750 2870 4290 4340
2750 2860 4290 4340
2750 2860 4290 4340
2750 2850 4290 4340
2750 2850 4300 4340
2750 2860 4300 4340
2750 2860 4290 4350
2750 2860 4290 4350
2750 2870 4290 4340
2760 2850 4290 4340
2750 2840 4290 4340
2740 2860 4290 4330
2720 2850 4290 4330
2720 2840 4270 4330
2720 2850 4270 4330
2720 2850 4270 4330
2720 2850 4270 4330
2720 2860 4290 4330
2720 2860 4290 4330
2720 2850 4290 4330
2720 2850 4270 4330
2740 2850 4270 4330
2740 2850 4270 4330
2740 2850 4290 4330
2740 2840 4290 4330
2740 2850 4290 4330
2740 2840 4290 4330
2740 2850 4290 4350
2750 2850 4290 4340
2750 2840 4290 4340
2750 2840 4290 4350
2750 2840 4290 4350
2750 2840 4290 4340
2750 2850 4290 4340
2750 2850 4290 4350
2750 2850 4300 4350
2750 2840 4290 4350
2750 2840 4290 4350
2750 2840 4290 4340
2750 2840 4290 4340
2750 2840 4270 4340
2750 2850 4290 4340
2750 2850 4290 4340
2750 2840 4290 4340
2750 2840 4290 4340
2740 2840 4300 4350
2740 2850 4290 4350
2750 2850 4290 4340
2750 2850 4300 4350
2750 2850 4290 4340
2750 2850 4290 4340
2740 2850 4290 4340
2740 2830 4290 4340
2720 2830 4290 4340
2740 2830 4290 4340
2750 2830 4290 4330
2760 2840 4290 4340
2750 2840 4290 4340
2750 2840 4290 4340
2750 2850 4290 4340
2750 2860 4290 4340
2750 2850 4290 4340
2750 2850 4290 4340
2750 2860 4290 4350
2760 2860 4290 4340
2760 2850 4290 4330
2760 2850 4270 4330
2760 2840 4290 4330
2750 2830 4290 4330
2750 2840 4290 4330
2750 2840 4300 4330
2750 2840 4290 4330
