3130 3120 3900 3830
3120 3120 3910 3820
3130 3140 3920 3820
3130 3120 3910 3820
3130 3120 3910 3820
3140 3120 3910 3820
3130 3110 3920 3820
3130 3110 3920 3820
3140 3100 3920 3830
3130 3110 3930 3830
3150 3110 3920 3830
3160 3110 3920 3840
3130 3110 3910 3840
3140 3110 3910 3830
3150 3110 3900 3830
3150 3120 3900 3830
3140 3110 3900 3840
3140 3110 3900 3840
3140 3110 3910 3840
3130 3110 3900 3830
3120 3110 3900 3840
3140 3110 3900 3830
3130 3120 3900 3830
3130 3130 3900 3830
3130 3120 3900 3830
3130 3120 3900 3830
3120 3120 3900 3830
3120 3110 3910 3830
3120 3110 3900 3830
3120 3120 3900 3830
3130 3110 3900 3840
3140 3110 3890 3830
3140 3110 3880 3830
3120 3120 3880 3830
3110 3110 3900 3830
3110 3110 3910 3830
3130 3120 3910 3830
3120 3110 3900 3830
3130 3110 3900 3830
3120 3110 3910 3830
3120 3120 3920 3830
3120 3130 3900 3840
3150 3130 3900 3840
3140 3130 3890 3840
3140 3120 3900 3840
3120 3130 3890 3830
3130 3120 3880 3830
3130 3120 3880 3830
3120 3120 3890 3830
3120 3120 3900 3830
3120 3120 3900 3830
3130 3130 3890 3830
3130 3140 3900 3830
3130 3140 3910 3830
3140 3130 3900 3830
3130 3130 3900 3830
3120 3140 3900 3820
3150 3130 3910 3820
3140 3120 3920 3830
3140 3110 3920 3830
3140 3110 3910 3820
3150 3110 3900 3820
3140 3120 3890 3820
3130 3110 3880 3820
3130 3110 3890 3820
3130 3120 3900 3830
3120 3110 3910 3820
3110 3120 3900 3830
3120 3130 3900 3830
3120 3120 3890 3820
3120 3130 3890 3820
3110 3130 3890 3830
3130 3120 3880 3820
3120 3120 3880 3830
3140 3120 3870 3840
3130 3120 3870 3840
3150 3120 3890 3830
3140 3130 3900 3830
3130 3140 3900 3830
3130 3130 3900 3820
3120 3120 3890 3820
3120 3120 3890 3830
3140 3120 3890 3830
3120 3110 3890 3830
3120 3110 3900 3830
3120 3130 3900 3820
3120 3120 3880 3830
3130 3130 3880 3830
3130 3130 3890 3840
3150 3120 3900 3840
3150 3120 3890 3840
3150 3120 3880 3840
3130 3110 3890 3840
3160 3110 3880 3840
3150 3130 3890 3850
3130 3130 3900 3840
3130 3120 3910 3840
3130 3120 3900 3830
3120 3130 3900 3830
3130 3130 3910 3820
3130 3120 3910 3820
3150 3120 3910 3830
3150 3130 3900 3820
3150 3120 3890 3820
3140 3120 3880 3820
3140 3120 3890 3820
3150 3110 3880 3820
3140 3110 3870 3830
3140 3130 3890 3830
3150 3130 3890 3830
3140 3120 3900 3840
3140 3130 3910 3840
3130 3130 3920 3840
3130 3130 3900 3840
3140 3130 3910 3840
3130 3130 3910 3840
3140 3120 3900 3840
3130 3120 3910 3840
3130 3120 3900 3840
3140 3130 3890 3840
3130 3120 3890 3830
3120 3120 3890 3830
3120 3120 3890 3830
3120 3120 3900 3820
3140 3110 3900 3820
3130 3120 3890 3830
3140 3120 3900 3830
3140 3120 3900 3830
3130 3110 3900 3830
3140 3120 3890 3830
3140 3120 3890 3830
3120 3120 3900 3830
3130 3130 3900 3830
3140 3120 3900 3830
3130 3120 3890 3830
3140 3120 3890 3840
3150 3120 3890 3840
3150 3120 3890 3840
3140 3130 3890 3830
3150 3130 3890 3830
3150 3130 3890 3830
3130 3130 3890 3830
3130 3130 3900 3830
3140 3130 3900 3830
3130 3110 3890 3840
3130 3110 3890 3840
3140 3110 3900 3840
3130 3120 3900 3840
3120 3120 3900 3840
3120 3120 3900 3830
3130 3130 3890 3820
3130 3130 3890 3830
3130 3120 3900 3830
3130 3120 3910 3820
3130 3110 3910 3830
3140 3120 3910 3830
3140 3130 3910 3820
3140 3130 3910 3820
3140 3140 3900 3820
3130 3130 3900 3820
3120 3120 3910 3820
3130 3130 3910 3820
3130 3130 3900 3820
3130 3130 3910 3820
3120 3130 3900 3810
3120 3130 3910 3820
3130 3130 3900 3820
3140 3130 3910 3820
3150 3140 3900 3830
3150 3130 3900 3830
3140 3120 3910 3830
3140 3120 3900 3830
3160 3120 3910 3830
3140 3120 3900 3830
3130 3120 3900 3840
3130 3120 3900 3840
3130 3120 3890 3830
3150 3120 3880 3840
3140 3140 3880 3830
3130 3140 3880 3830
3130 3130 3890 3840
3130 3140 3900 3830
3130 3130 3900 3830
3140 3130 3900 3840
3150 3130 3890 3840
3130 3140 3900 3840
