3480 3460 3520 3390
3480 3450 3520 3390
3490 3460 3520 3390
3490 3460 3530 3390
3490 3460 3540 3390
3480 3460 3540 3390
3480 3460 3530 3390
3480 3460 3530 3390
3470 3450 3530 3390
3470 3450 3520 3390
3470 3470 3520 3390
3470 3460 3520 3390
3470 3460 3520 3400
3470 3440 3520 3400
3460 3450 3520 3400
3460 3450 3510 3390
3460 3460 3510 3390
3460 3460 3520 3390
3470 3450 3510 3390
3470 3450 3510 3390
3470 3470 3520 3390
3470 3470 3520 3390
3470 3470 3520 3390
3470 3460 3530 3390
3470 3460 3520 3390
3480 3470 3520 3390
3480 3470 3530 3390
3480 3460 3530 3390
3480 3450 3530 3390
3480 3450 3530 3390
3480 3440 3530 3390
3470 3450 3540 3390
3480 3450 3540 3390
3480 3450 3540 3390
3480 3450 3530 3390
3490 3450 3520 3390
3490 3450 3520 3390
3490 3440 3520 3390
3490 3440 3520 3390
3470 3460 3510 3390
3470 3450 3500 3390
3470 3450 3500 3390
3470 3450 3510 3390
3460 3450 3510 3380
3470 3450 3510 3380
3460 3450 3520 3380
3460 3440 3520 3380
3460 3440 3530 3380
3460 3440 3530 3370
3470 3440 3540 3360
3470 3470 3540 3340
3470 3460 3540 3340
3470 3450 3540 3340
3470 3460 3550 3360
3480 3460 3550 3360
3480 3460 3540 3360
3480 3460 3530 3370
3480 3460 3530 3370
3480 3460 3530 3380
3480 3450 3530 3380
3480 3440 3530 3380
3470 3440 3520 3390
3470 3440 3520 3390
3470 3450 3530 3390
3470 3460 3510 3390
3470 3450 3510 3390
3470 3450 3510 3390
3470 3450 3510 3380
3470 3450 3520 3380
3470 3450 3520 3380
3470 3460 3520 3390
3470 3460 3520 3390
3470 3470 3520 3380
3470 3450 3510 3380
3470 3450 3510 3380
3470 3460 3510 3380
3470 3460 3520 3380
3480 3450 3520 3380
3480 3460 3520 3380
3480 3460 3520 3380
3480 3460 3520 3380
3480 3450 3520 3390
3490 3440 3510 3390
3490 3440 3520 3380
3490 3430 3520 3380
3490 3430 3520 3370
3490 3430 3520 3370
3490 3430 3520 3370
3490 3430 3510 3370
3490 3450 3510 3380
3480 3460 3510 3380
3480 3460 3520 3380
3470 3460 3520 3370
3480 3460 3520 3370
3480 3450 3520 3370
3480 3450 3510 3370
3460 3470 3510 3380
3460 3460 3510 3390
3470 3470 3510 3390
3470 3460 3510 3380
3470 3470 3520 3380
3470 3470 3530 3380
3470 3460 3530 3380
3470 3450 3530 3380
3470 3450 3530 3380
3470 3450 3520 3380
3470 3460 3520 3370
3470 3440 3520 3380
3470 3440 3530 3380
3470 3450 3530 3370
3470 3460 3520 3370
3470 3450 3510 3370
3470 3460 3510 3380
3470 3450 3510 3390
3470 3440 3510 3390
3470 3450 3510 3390
3470 3450 3520 3390
3470 3450 3530 3400
3470 3460 3530 3400
3470 3460 3530 3400
3470 3450 3520 3390
3470 3450 3530 3380
3460 3440 3520 3380
3460 3450 3530 3390
3460 3470 3520 3380
3460 3460 3510 3390
3460 3460 3510 3390
3460 3460 3520 3390
3470 3460 3510 3400
3480 3460 3510 3390
3480 3450 3520 3400
3480 3450 3520 3400
3480 3450 3520 3390
3480 3460 3520 3400
3480 3460 3520 3390
3480 3460 3520 3390
3480 3470 3520 3390
3470 3470 3520 3390
3460 3460 3520 3390
3460 3460 3520 3390
3460 3450 3520 3390
3460 3450 3520 3400
3460 3460 3520 3400
3460 3460 3520 3400
3460 3450 3520 3400
3460 3440 3520 3400
3460 3440 3530 3400
3460 3440 3530 3400
3460 3450 3530 3400
3460 3450 3530 3400
3450 3450 3520 3400
3460 3450 3520 3390
3460 3460 3530 3390
3460 3460 3520 3390
3470 3450 3510 3390
3470 3450 3500 3390
3470 3440 3510 3390
3470 3450 3510 3390
3470 3450 3520 3390
3480 3440 3520 3390
3460 3440 3520 3390
3470 3440 3520 3390
3480 3440 3520 3400
3480 3440 3520 3400
3480 3440 3530 3390
3480 3430 3530 3390
3480 3440 3540 3390
3480 3450 3530 3390
3480 3460 3510 3380
3470 3430 3520 3380
3470 3440 3520 3380
3460 3440 3510 3380
3470 3440 3510 3380
3470 3450 3500 3390
3470 3440 3510 3400
3470 3430 3510 3400
3470 3430 3520 3400
3470 3440 3520 3400
3470 3440 3520 3390
3470 3430 3520 3390
3470 3440 3520 3390
3470 3440 3520 3390
3470 3440 3520 3390
3480 3450 3520 3390
3470 3450 3520 3390
3460 3450 3520 3390
3460 3440 3520 3390
3470 3440 3510 3390
3460 3440 3520 3390
