3860 3840 3170 3090
3860 3840 3170 3090
3850 3840 3170 3080
3860 3840 3160 3090
3860 3840 3160 3090
3860 3840 3170 3080
3860 3840 3160 3090
3860 3830 3170 3090
3860 3830 3170 3090
3860 3820 3160 3090
3850 3820 3180 3090
3850 3830 3170 3080
3850 3830 3170 3080
3850 3830 3170 3090
3850 3830 3170 3090
3850 3830 3170 3090
3850 3840 3170 3100
3860 3840 3160 3090
3860 3840 3160 3090
3860 3840 3170 3080
3860 3830 3170 3080
3860 3830 3170 3080
3860 3820 3160 3070
3860 3840 3160 3080
3860 3840 3170 3090
3870 3850 3180 3090
3870 3870 3180 3100
3870 3860 3180 3090
3870 3850 3170 3090
3870 3840 3170 3080
3870 3840 3170 3080
3860 3840 3170 3080
3850 3840 3170 3080
3860 3830 3170 3090
3860 3820 3170 3090
3870 3840 3170 3090
3870 3840 3150 3090
3870 3840 3150 3090
3870 3840 3150 3090
3870 3850 3150 3090
3870 3840 3160 3090
3880 3850 3170 3090
3870 3850 3170 3080
3870 3840 3170 3080
3860 3840 3180 3080
3860 3840 3180 3080
3870 3860 3170 3090
3870 3850 3180 3090
3870 3850 3180 3090
3860 3860 3180 3090
3860 3870 3180 3090
3860 3870 3170 3090
3850 3860 3160 3090
3850 3850 3170 3090
3870 3850 3170 3090
3870 3840 3170 3100
3870 3830 3160 3100
3860 3830 3160 3090
3850 3830 3160 3090
3860 3840 3160 3090
3860 3830 3160 3090
3860 3830 3160 3090
3860 3830 3160 3080
3860 3840 3160 3080
3860 3840 3160 3080
3850 3840 3160 3080
3850 3840 3160 3080
3840 3840 3170 3080
3850 3830 3170 3080
3850 3830 3180 3070
3860 3840 3170 3080
3850 3840 3170 3080
3860 3840 3170 3080
3860 3850 3170 3090
3860 3850 3160 3090
3850 3840 3170 3090
3860 3850 3170 3080
3860 3850 3170 3080
3860 3850 3170 3090
3880 3850 3170 3080
3880 3850 3170 3090
3880 3830 3180 3090
3860 3830 3170 3080
3860 3840 3160 3080
3860 3840 3160 3070
3850 3850 3150 3080
3860 3830 3150 3080
3860 3820 3150 3080
3860 3830 3150 3080
3860 3820 3160 3090
3860 3830 3160 3090
3860 3830 3150 3080
3860 3830 3160 3080
3860 3840 3160 3080
3860 3840 3160 3080
3860 3840 3160 3090
3860 3840 3170 3090
3870 3840 3170 3090
3870 3830 3170 3100
3870 3840 3170 3100
3880 3840 3170 3100
3880 3840 3180 3090
3870 3830 3180 3090
3880 3840 3180 3080
3870 3840 3180 3080
3870 3840 3180 3080
3860 3840 3180 3080
3860 3850 3180 3080
3850 3840 3180 3090
3860 3850 3180 3090
3860 3850 3170 3070
3860 3840 3170 3080
3860 3840 3180 3080
3860 3850 3180 3080
3850 3850 3180 3090
3860 3830 3170 3090
3860 3840 3170 3090
3860 3840 3170 3090
3850 3840 3170 3090
3860 3840 3170 3090
3860 3840 3160 3090
3860 3840 3160 3080
3850 3850 3160 3080
3860 3850 3170 3080
3870 3840 3180 3090
3870 3840 3180 3090
3860 3830 3180 3080
3850 3830 3180 3080
3850 3830 3180 3080
3860 3840 3180 3080
3870 3840 3180 3080
3870 3850 3180 3080
3870 3850 3180 3080
3860 3850 3180 3080
3850 3850 3170 3090
3860 3850 3170 3090
3870 3850 3180 3090
3860 3850 3170 3080
3850 3840 3160 3080
3860 3840 3170 3090
3860 3840 3170 3100
3860 3840 3180 3100
3860 3840 3180 3100
3860 3840 3180 3100
3870 3840 3180 3100
3870 3840 3180 3100
3870 3840 3180 3100
3880 3850 3170 3090
3880 3860 3170 3100
3880 3850 3160 3100
3870 3830 3160 3100
3870 3840 3160 3090
3860 3840 3170 3090
3870 3830 3170 3090
3870 3830 3170 3090
3870 3840 3170 3090
3870 3850 3170 3090
3870 3850 3170 3090
3870 3850 3170 3090
3870 3840 3170 3100
3870 3840 3160 3090
3870 3850 3150 3090
3870 3840 3140 3090
3870 3850 3140 3090
3870 3850 3150 3080
3880 3850 3150 3080
3870 3850 3150 3080
3870 3850 3150 3080
3860 3850 3140 3090
3860 3840 3140 3100
3870 3830 3140 3100
3870 3830 3140 3100
3870 3830 3150 3100
3870 3830 3150 3090
3880 3830 3150 3090
3880 3840 3150 3090
3880 3830 3160 3100
3880 3820 3180 3080
3870 3830 3180 3080
3870 3840 3170 3080
3860 3840 3160 3090
3860 3850 3170 3090
3860 3850 3160 3090
3860 3840 3170 3090
3860 3840 3180 3090
3860 3850 3180 3090
3860 3830 3170 3090
3860 3820 3160 3090
3870 3840 3160 3090
3870 3840 3170 3090
3870 3830 3170 3090
3870 3830 3160 3090
3870 3840 3160 3080
3870 3840 3160 3090
3860 3850 3160 3100
3860 3830 3170 3090
3860 3830 3170 3080
3870 3830 3170 3080
3870 3840 3180 3070
