4230 4240 2930 2780
4230 4240 2930 2790
4230 4240 2930 2780
4240 4250 2930 2780
4230 4240 2930 2780
4230 4240 2930 2780
4230 4240 2930 2780
4230 4250 2940 2790
4230 4240 2940 2800
4230 4230 2930 2800
4230 4240 2930 2800
4230 4230 2930 2800
4230 4220 2930 2800
4230 4230 2930 2800
4240 4220 2930 2800
4240 4240 2930 2800
4240 4250 2940 2800
4240 4250 2940 2800
4240 4240 2940 2790
4240 4240 2940 2780
4240 4230 2940 2780
4240 4230 2930 2780
4240 4230 2930 2780
4240 4230 2930 2780
4230 4240 2930 2790
4230 4250 2930 2780
4230 4240 2930 2770
4220 4240 2930 2770
4240 4250 2930 2770
4230 4240 2930 2770
4230 4260 2940 2770
4240 4240 2950 2770
4240 4250 2950 2780
4240 4240 2940 2780
4240 4230 2930 2780
4240 4250 2930 2780
4240 4250 2940 2780
4240 4240 2920 2780
4240 4240 2920 2780
4240 4240 2930 2780
4230 4240 2930 2770
4230 4240 2930 2780
4220 4250 2920 2780
4220 4250 2920 2780
4220 4230 2930 2780
4220 4230 2930 2790
4220 4230 2930 2780
4220 4230 2930 2770
4220 4230 2940 2780
4220 4230 2940 2790
4230 4230 2940 2790
4230 4230 2940 2790
4230 4240 2940 2790
4230 4240 2930 2800
4240 4250 2930 2800
4230 4240 2930 2800
4230 4230 2930 2800
4240 4230 2940 2790
4240 4220 2940 2790
4240 4230 2940 2790
4230 4230 2940 2790
4230 4230 2940 2780
4230 4240 2940 2780
4230 4250 2940 2790
4230 4250 2940 2790
4230 4240 2940 2780
4230 4240 2930 2780
4240 4240 2930 2780
4230 4240 2930 2780
4230 4260 2930 2770
4230 4260 2930 2770
4230 4250 2940 2770
4230 4240 2940 2780
4240 4260 2940 2780
4230 4250 2940 2790
4230 4250 2930 2790
4240 4250 2930 2790
4230 4230 2930 2780
4220 4230 2930 2780
4220 4230 2940 2790
4220 4230 2940 2790
4230 4240 2940 2790
4230 4240 2940 2770
4230 4230 2950 2780
4230 4240 2950 2790
4220 4240 2940 2800
4230 4240 2940 2790
4230 4230 2940 2790
4240 4240 2940 2790
4240 4240 2930 2790
4240 4240 2930 2790
4230 4240 2930 2790
4230 4240 2930 2790
4230 4250 2930 2790
4230 4240 2930 2790
4230 4230 2930 2780
4230 4230 2930 2780
4230 4230 2930 2760
4230 4230 2930 2770
4230 4240 2940 2780
4240 4240 2940 2780
4230 4250 2940 2780
4220 4260 2940 2770
4220 4250 2940 2760
4230 4240 2940 2770
4230 4240 2940 2780
4230 4240 2940 2780
4230 4240 2940 2780
4220 4250 2940 2790
4220 4250 2940 2790
4220 4260 2940 2790
4220 4250 2940 2800
4220 4240 2940 2800
4220 4240 2940 2800
4220 4240 2940 2800
4220 4250 2940 2790
4220 4240 2940 2790
4220 4220 2940 2790
4220 4220 2940 2800
4230 4240 2940 2800
4230 4240 2940 2800
4230 4240 2940 2800
4230 4230 2940 2790
4230 4240 2940 2790
4230 4230 2940 2790
4220 4250 2940 2780
4220 4240 2940 2780
4220 4230 2940 2780
4220 4240 2940 2780
4230 4240 2930 2780
4230 4240 2930 2780
4230 4230 2930 2780
4220 4230 2930 2790
4220 4240 2930 2790
4220 4230 2940 2800
4230 4230 2940 2800
4230 4240 2940 2790
4230 4240 2940 2790
4230 4240 2940 2790
4230 4250 2930 2790
4230 4250 2930 2790
4230 4240 2930 2790
4240 4230 2930 2790
4230 4240 2920 2790
4230 4250 2930 2790
4230 4240 2930 2790
4240 4240 2930 2780
4230 4240 2930 2780
4230 4240 2930 2790
4230 4240 2930 2790
4230 4250 2930 2800
4230 4240 2930 2800
4230 4240 2940 2800
4220 4240 2940 2800
4220 4230 2930 2800
4220 4240 2930 2790
4230 4250 2940 2790
4230 4250 2940 2790
4230 4250 2930 2780
4230 4260 2940 2780
4230 4250 2940 2790
4230 4270 2940 2790
4230 4270 2940 2790
4230 4260 2940 2790
4230 4270 2940 2790
4220 4250 2940 2780
4220 4240 2940 2790
4220 4240 2940 2790
4220 4240 2940 2790
4220 4230 2930 2800
4220 4240 2930 2800
4220 4230 2930 2800
4220 4230 2930 2800
4230 4240 2930 2800
4230 4230 2940 2800
4230 4230 2940 2790
4230 4230 2940 2790
4230 4230 2940 2800
4230 4220 2940 2780
4230 4220 2940 2770
4230 4220 2940 2780
4230 4250 2940 2790
4230 4250 2940 2790
4230 4260 2940 2790
4240 4260 2940 2790
4240 4270 2930 2790
4250 4270 2930 2780
4240 4260 2930 2790
4230 4260 2940 2790
4230 4260 2940 2790
4230 4250 2940 2800
4230 4260 2940 2780
4230 4250 2940 2780
4230 4250 2940 2790
4240 4250 2940 2800
4230 4240 2930 2800
4230 4250 2930 2800
4230 4230 2930 2800
4230 4230 2940 2800
4220 4230 2940 2780
4230 4230 2940 2780
4220 4230 2940 2790
