4660 4670 2690 2560
4670 4660 2700 2560
4670 4670 2680 2560
4660 4660 2680 2570
4660 4660 2690 2570
4660 4660 2680 2580
4650 4660 2680 2580
4660 4650 2690 2590
4660 4640 2690 2580
4670 4650 2690 2580
4680 4650 2690 2570
4660 4640 2690 2570
4660 4640 2700 2570
4670 4640 2700 2570
4670 4650 2700 2580
4670 4650 2700 2580
4670 4660 2700 2590
4680 4680 2710 2570
4680 4680 2710 2570
4680 4670 2710 2590
4680 4670 2710 2580
4670 4660 2700 2580
4660 4650 2700 2580
4650 4650 2700 2580
4660 4640 2690 2580
4660 4650 2710 2560
4670 4660 2700 2560
4680 4640 2700 2560
4680 4640 2700 2560
4670 4650 2700 2560
4680 4650 2700 2560
4680 4670 2710 2560
4680 4660 2690 2570
4680 4650 2680 2570
4680 4650 2680 2570
4670 4650 2680 2570
4670 4650 2680 2570
4660 4650 2690 2570
4660 4660 2700 2570
4660 4660 2700 2570
4650 4660 2710 2570
4660 4670 2710 2560
4650 4680 2700 2560
4660 4680 2700 2560
4670 4680 2700 2560
4660 4690 2710 2560
4660 4670 2700 2560
4670 4660 2710 2560
4660 4660 2710 2560
4670 4670 2700 2560
4670 4680 2700 2550
4670 4670 2700 2550
4660 4670 2690 2560
4660 4670 2700 2560
4680 4660 2700 2560
4680 4660 2680 2560
4680 4660 2680 2560
4680 4640 2680 2560
4680 4640 2680 2560
4670 4650 2680 2560
4670 4640 2680 2560
4670 4640 2680 2560
4680 4660 2680 2560
4680 4650 2690 2570
4680 4650 2690 2570
4680 4650 2690 2580
4670 4660 2690 2580
4670 4660 2680 2580
4670 4670 2670 2570
4660 4660 2680 2580
4660 4660 2690 2580
4660 4650 2690 2580
4660 4660 2680 2580
4660 4660 2680 2580
4660 4670 2670 2580
4660 4660 2670 2580
4650 4670 2690 2570
4660 4670 2690 2570
4670 4660 2680 2570
4670 4650 2690 2570
4670 4650 2680 2570
4680 4650 2690 2570
4670 4640 2680 2580
4670 4640 2690 2580
4660 4650 2690 2580
4670 4670 2680 2570
4670 4670 2670 2570
4670 4680 2680 2580
4660 4660 2690 2580
4660 4660 2690 2580
4650 4660 2690 2570
4650 4660 2700 2570
4660 4650 2690 2570
4660 4660 2700 2570
4660 4660 2690 2570
4660 4670 2700 2570
4660 4680 2700 2570
4670 4670 2690 2570
4680 4680 2690 2570
4680 4680 2700 2570
4680 4680 2710 2570
4680 4660 2710 2570
4690 4660 2710 2570
4670 4660 2710 2570
4670 4660 2710 2570
4670 4650 2700 2560
4670 4650 2690 2570
4680 4660 2680 2570
4680 4670 2690 2570
4680 4680 2680 2570
4680 4680 2680 2570
4680 4680 2680 2570
4670 4680 2690 2580
4670 4680 2690 2580
4660 4680 2680 2580
4660 4690 2690 2580
4660 4670 2680 2580
4680 4660 2680 2580
4680 4660 2690 2570
4680 4660 2690 2570
4670 4640 2700 2570
4670 4650 2700 2570
4670 4640 2690 2560
4670 4660 2690 2560
4670 4650 2700 2570
4660 4650 2700 2570
4680 4650 2690 2570
4680 4650 2690 2570
4670 4640 2680 2570
4670 4650 2690 2570
4670 4650 2690 2570
4660 4650 2700 2570
4660 4660 2710 2570
4680 4650 2710 2570
4680 4650 2710 2570
4680 4650 2710 2560
4680 4660 2700 2560
4660 4660 2710 2560
4660 4670 2700 2560
4670 4650 2710 2570
4690 4660 2710 2570
4690 4670 2700 2570
4680 4660 2700 2570
4660 4650 2700 2570
4660 4640 2700 2570
4660 4650 2700 2570
4670 4660 2720 2570
4660 4660 2710 2570
4660 4660 2700 2560
4670 4670 2690 2560
4680 4660 2690 2560
4680 4680 2680 2560
4680 4680 2670 2560
4680 4680 2670 2560
4690 4680 2670 2560
4690 4680 2670 2560
4690 4680 2680 2560
4690 4660 2680 2560
4680 4650 2690 2570
4670 4650 2690 2570
4670 4660 2700 2570
4660 4650 2700 2570
4670 4650 2690 2580
4660 4650 2690 2580
4670 4660 2690 2570
4660 4660 2690 2570
4670 4670 2690 2570
4670 4660 2680 2570
4670 4660 2680 2570
4660 4670 2680 2570
4660 4660 2680 2570
4660 4660 2680 2570
4660 4650 2680 2570
4660 4640 2690 2570
4670 4630 2700 2570
4660 4650 2710 2560
4660 4650 2710 2560
4660 4650 2720 2560
4670 4670 2720 2560
4670 4660 2720 2560
4670 4650 2700 2560
4670 4640 2700 2570
4670 4650 2710 2570
4670 4650 2700 2570
4660 4650 2710 2570
4660 4660 2710 2570
4660 4660 2700 2570
4660 4660 2690 2570
4660 4660 2690 2580
4660 4650 2700 2580
4670 4650 2690 2580
