5150 5130 2520 2450
5150 5120 2530 2460
5150 5110 2530 2450
5150 5120 2540 2460
5150 5110 2550 2470
5140 5110 2550 2450
5140 5130 2550 2450
5140 5120 2550 2450
5140 5130 2540 2450
5150 5130 2540 2440
5150 5120 2540 2450
5150 5120 2540 2440
5150 5120 2530 2450
5150 5130 2530 2460
5150 5140 2520 2460
5150 5140 2540 2460
5150 5140 2540 2460
5150 5140 2540 2460
5150 5140 2540 2460
5150 5130 2550 2450
5150 5110 2540 2450
5140 5120 2540 2440
5140 5120 2550 2450
5140 5120 2560 2440
5140 5120 2550 2430
5140 5130 2540 2440
5140 5130 2550 2450
5140 5120 2550 2450
5140 5120 2540 2450
5140 5120 2530 2460
5140 5120 2550 2460
5140 5120 2540 2460
5140 5120 2550 2460
5140 5110 2550 2460
5140 5120 2540 2460
5140 5120 2550 2450
5140 5110 2550 2440
5140 5100 2550 2440
5140 5100 2540 2440
5140 5100 2530 2440
5140 5100 2540 2450
5150 5110 2560 2440
5150 5120 2560 2440
5150 5130 2550 2440
5150 5130 2540 2440
5150 5130 2550 2440
5150 5140 2550 2460
5150 5140 2530 2450
5150 5140 2530 2450
5150 5140 2530 2440
5140 5120 2540 2450
5140 5130 2540 2460
5140 5120 2540 2450
5140 5120 2540 2450
5140 5120 2530 2440
5140 5120 2530 2440
5140 5120 2540 2440
5140 5120 2550 2440
5140 5120 2550 2440
5140 5110 2540 2440
5140 5120 2550 2460
5140 5130 2550 2460
5140 5120 2550 2460
5140 5110 2560 2450
5140 5110 2560 2450
5140 5120 2540 2460
5140 5110 2550 2460
5140 5110 2560 2470
5140 5110 2580 2460
5140 5120 2580 2460
5140 5120 2580 2460
5140 5110 2570 2470
5140 5120 2550 2480
5140 5130 2540 2480
5140 5120 2550 2480
5140 5120 2560 2470
5140 5120 2560 2450
5140 5130 2550 2440
5140 5130 2550 2440
5140 5130 2550 2450
5140 5120 2540 2450
5140 5100 2550 2450
5140 5100 2550 2450
5140 5100 2540 2440
5140 5100 2530 2450
5140 5110 2530 2450
5140 5110 2530 2450
5140 5110 2550 2440
5140 5110 2540 2450
5140 5120 2550 2440
5150 5110 2540 2450
5150 5110 2540 2450
5150 5100 2550 2440
5150 5110 2560 2430
5140 5120 2560 2440
5140 5110 2560 2450
5140 5100 2550 2450
5130 5100 2560 2450
5130 5110 2570 2450
5140 5110 2570 2460
5140 5130 2560 2450
5130 5130 2550 2440
5130 5120 2540 2440
5130 5110 2550 2440
5140 5120 2540 2440
5140 5120 2550 2440
5140 5110 2540 2450
5140 5120 2550 2460
5140 5130 2550 2460
5140 5130 2560 2460
5140 5130 2570 2450
5140 5130 2570 2450
5140 5130 2570 2450
5140 5110 2570 2450
5140 5130 2560 2430
5140 5130 2570 2430
5140 5130 2580 2440
5150 5120 2580 2430
5150 5110 2590 2430
5140 5110 2590 2440
5140 5110 2580 2440
5140 5120 2560 2440
5140 5130 2560 2450
5140 5120 2550 2450
5140 5120 2550 2450
5140 5120 2550 2450
5150 5110 2550 2450
5150 5120 2560 2440
5150 5110 2560 2440
5150 5120 2560 2450
5150 5120 2560 2450
5150 5120 2560 2460
5150 5130 2570 2450
5150 5110 2580 2450
5150 5120 2580 2450
5150 5110 2590 2450
5150 5110 2590 2460
5150 5110 2600 2460
5150 5110 2600 2460
5150 5110 2580 2440
5150 5110 2590 2430
5150 5110 2580 2430
5140 5100 2580 2430
5130 5110 2590 2440
5130 5110 2580 2430
5130 5100 2560 2430
5120 5100 2560 2430
5120 5100 2570 2430
5120 5130 2580 2430
5120 5130 2570 2440
5110 5120 2560 2440
5120 5110 2540 2440
5120 5110 2540 2450
5120 5110 2560 2440
5130 5110 2550 2440
5120 5110 2550 2430
5110 5110 2560 2440
5110 5120 2570 2440
5110 5120 2570 2440
5110 5110 2570 2440
5110 5130 2540 2430
5120 5130 2530 2440
5130 5120 2520 2430
5130 5110 2520 2440
5130 5110 2540 2440
5140 5130 2560 2460
5130 5120 2540 2460
5130 5110 2550 2450
5140 5120 2550 2440
5140 5120 2560 2440
5140 5130 2550 2430
5140 5130 2540 2440
5140 5130 2530 2440
5130 5120 2530 2440
5130 5120 2520 2430
5130 5130 2520 2440
5140 5130 2530 2440
5140 5120 2540 2440
5140 5130 2540 2450
5140 5130 2540 2460
5140 5130 2540 2460
5150 5120 2560 2450
5150 5120 2580 2460
5150 5110 2580 2460
5150 5120 2590 2470
5150 5120 2590 2460
5150 5120 2580 2460
5150 5120 2580 2460
5150 5120 2580 2460
5150 5130 2570 2460
5150 5120 2560 2460
