5360 4860 3030 1910
5360 4870 3020 1920
5360 4860 3020 1920
5370 4870 3020 1910
5360 4870 3030 1910
5360 4870 3020 1910
5350 4860 3020 1910
5350 4860 3030 1900
5350 4860 3050 1910
5350 4870 3050 1910
5340 4860 3060 1890
5340 4860 3030 1900
5340 4860 3030 1910
5340 4860 3030 1900
5330 4870 3020 1900
5340 4870 3030 1910
5330 4870 3030 1900
5330 4860 3030 1910
5340 4860 3030 1920
5350 4860 3020 1920
5360 4870 3030 1910
5360 4870 3030 1900
5360 4860 3030 1920
5350 4870 3020 1910
5340 4860 3020 1900
5340 4860 3030 1900
5340 4860 3020 1900
5340 4860 3020 1900
5350 4860 3020 1900
5350 4870 3030 1900
5340 4860 3050 1890
5340 4860 3050 1890
5340 4860 3050 1890
5330 4860 3060 1900
5330 4860 3050 1920
5330 4860 3030 1900
5330 4860 3030 1900
5340 4860 3020 1900
5350 4850 3030 1910
5350 4850 3030 1900
5340 4850 3050 1900
5340 4850 3030 1890
5340 4860 3030 1890
5340 4860 3030 1890
5330 4870 3020 1890
5340 4870 3020 1890
5340 4860 3020 1910
5340 4860 3020 1910
5350 4860 3020 1910
5350 4860 3030 1910
5340 4860 3030 1910
5350 4860 3050 1900
5340 4860 3020 1900
5340 4860 3030 1890
5330 4840 3050 1890
5340 4860 3030 1890
5340 4860 3030 1890
5350 4850 3030 1900
5350 4860 3050 1910
5340 4860 3050 1900
5330 4860 3030 1890
5340 4860 3030 70
5340 4860 3050 1890
5340 4860 3030 1900
5340 4860 3030 1900
5340 4870 3060 1890
5340 4870 3050 1890
5340 4870 3050 1890
5340 4870 3030 1890
5340 4860 3030 1900
5340 4870 3020 1900
5340 4860 3030 1900
5340 4870 3020 1910
5340 4870 3020 1910
5350 4870 3050 1910
5350 4860 3020 1920
5340 4870 3020 1930
5350 4860 3030 1940
5350 4880 3030 1920
5350 4880 3030 1910
5340 4880 3050 1900
5340 4870 3050 1920
5340 4870 3030 1920
5340 4870 3020 1920
5330 4870 3030 1920
5330 4870 3030 1920
5340 4870 3050 1920
5350 4870 3050 1910
5360 4880 3050 1910
5350 4880 3050 1890
5350 4870 3030 1900
5350 4870 3030 1900
5330 4870 3050 1920
5330 4870 3050 1920
5330 4870 3030 1920
5340 4860 3020 1910
5340 4880 3030 1910
5340 4880 3010 1900
5350 4880 3010 1900
5350 4880 3030 1900
5350 4880 3030 1910
5350 4880 3030 1910
5350 4870 3030 1910
5350 4860 3050 1910
5350 4860 3060 1900
5350 4860 3030 1910
5350 4860 3030 1900
5340 4870 3030 1900
5340 4860 3030 1900
5340 4870 3050 1900
5350 4870 3020 1900
5350 4860 3020 1910
5340 4860 3030 1920
5340 4860 3020 1910
5340 4880 3030 1920
5340 4880 3050 1920
5340 4870 3050 1910
5350 4860 3030 1920
5340 4870 3030 1920
5340 4870 3030 1920
5340 4870 3050 1920
5340 4860 3030 1900
5340 4860 3050 1910
5340 4860 3020 1920
5330 4850 3020 1920
5330 4860 3030 1920
5340 4870 3020 1920
5350 4880 3030 1920
5350 4880 3050 1920
5350 4870 3060 1920
5350 4860 3030 1920
5340 4860 3030 1910
5350 4860 3020 1910
5350 4870 3030 1900
5350 4870 3020 1900
5350 4870 3030 1910
5350 4870 3030 1920
5350 4860 3050 1910
5350 4870 3050 1910
5350 4870 3050 1910
5350 4860 3030 1900
5350 4870 3050 1890
5340 4860 3030 1890
5330 4860 3050 1890
5330 4860 3050 1900
5340 4870 3030 1890
5340 4860 3030 1890
5330 4860 3020 1890
5330 4870 3030 1890
5330 4870 3050 1890
5330 4860 3050 1900
5330 4860 3030 1900
5330 4870 3020 1900
5330 4870 3030 1910
5340 4850 3020 1900
5340 4860 3020 1910
5330 4860 3020 1920
5340 4860 3020 1930
5340 4860 3020 1920
5340 4860 3030 1920
5340 4870 3050 1910
5340 4870 3030 1920
5350 4860 3020 1920
5340 4860 3020 1920
5340 4860 3030 1910
5340 4860 3030 1900
5350 4860 3030 1900
5350 4870 3030 1900
5350 4880 3050 1900
5350 4870 3030 1880
5340 4870 3030 1900
5340 4870 3050 1900
5340 4860 3050 1910
5340 4860 3050 1910
5340 4860 3030 1920
5350 4860 3030 1930
5350 4850 3030 1920
5350 4860 3020 1910
5350 4860 3020 1920
5350 4860 3030 1910
5350 4870 3020 1910
5340 4860 3020 1910
5350 4870 3010 1900
5330 4860 3000 1900
5340 4850 3030 1910
5340 4850 3030 1900
