4970 4360 3170 2070
4970 4370 3170 2070
4970 4380 3180 2080
4970 4380 3170 2090
4970 4380 3160 2080
4970 4390 3150 2080
4960 4380 3170 2070
4960 4390 3160 2070
4960 4390 3160 2070
4970 4390 3170 2060
4980 4390 3170 2060
4970 4390 3180 2070
4970 4370 3170 2080
4970 4380 3170 2080
4970 4380 3170 2070
4960 4380 3150 2070
4960 4390 3150 2070
4950 4380 3160 2070
4950 4380 3160 2070
4950 4380 3160 2070
4960 4390 3160 2090
4960 4390 3170 2080
4970 4390 3170 2090
4970 4380 3160 2090
4980 4390 3160 2110
4970 4400 3160 2090
4960 4380 3170 2120
4960 4390 3160 2090
4960 4400 3170 2080
4950 4400 3180 2080
4950 4410 3180 2070
4950 4410 3180 2070
4940 4380 3170 2060
4940 4390 3180 2060
4940 4390 3170 2060
4940 4390 3160 2080
4940 4370 3150 2070
4940 4370 3140 2070
4940 4380 3150 2080
4940 4380 3160 2070
4950 4380 3150 2070
4950 4370 3150 2080
4950 4360 3160 2090
4960 4360 3160 2090
4960 4380 3180 2090
4960 4380 3170 2090
4950 4380 3150 2090
4950 4370 3160 2090
4950 4370 3170 2090
4950 4370 3170 2080
4950 4370 3160 2080
4950 4360 3150 2070
4950 4360 3150 2070
4950 4360 3150 2070
4950 4380 3160 2070
4950 4380 3150 2080
4950 4380 3150 2080
4950 4380 3140 2080
4950 4380 3140 2070
4950 4380 3160 2070
4950 4370 3160 2080
4950 4380 3160 2080
4950 4390 3170 2080
4950 4390 3160 2070
4950 4390 3160 2070
4950 4390 3150 2080
4970 4390 3160 2080
4970 4390 3160 2080
4970 4370 3170 2080
4970 4360 3170 2070
4960 4370 3170 2070
4960 4380 3170 2070
4960 4390 3180 2070
4960 4390 3190 2080
4960 4390 3170 2070
4960 4390 3170 2070
4960 4390 3170 2070
4950 4390 3180 2070
4950 4380 3180 2070
4960 4370 3170 2070
4960 4370 3170 2070
4960 4370 3170 2080
4960 4390 3160 2070
4970 4380 3180 2080
4970 4370 3190 2080
4960 4370 3190 2080
4950 4380 3180 2070
4950 4380 3170 2080
4950 4380 3170 2070
4950 4380 3170 2080
4950 4390 3150 2070
4950 4400 3160 2070
4970 4380 3140 2090
4970 4390 3130 2090
4960 4390 3140 2090
4960 4380 3140 2090
4970 4380 3140 2090
4960 4380 3140 2080
4960 4380 3140 2070
4960 4380 3160 2070
4960 4380 3160 2080
4960 4380 3160 2080
4970 4380 3150 2080
4970 4380 3150 2080
4960 4380 3160 2080
4970 4380 3170 2070
4970 4380 3160 2080
4950 4390 3160 2080
4940 4400 3160 2070
4940 4400 3150 2070
4940 4390 3150 2080
4930 4380 3160 2070
4940 4390 3170 2070
4940 4380 3170 2070
4950 4380 3160 2070
4950 4380 3180 2080
4950 4380 3170 2070
4980 4390 3180 2090
4990 4390 3200 2080
4980 4390 3180 2070
4990 4380 3190 2070
4970 4380 3180 2080
4970 4400 3180 2070
4970 4390 3190 2080
4950 4390 3180 2090
4960 4390 3180 2080
4960 4390 3190 2090
4960 4380 3180 2080
4950 4390 3180 2070
4950 4390 3180 2070
4950 4400 3180 2080
4960 4400 3170 2110
4950 4400 3180 2090
4960 4380 3180 2110
4960 4390 3160 2090
4970 4390 3150 2090
4970 4380 3150 2080
4970 4380 3140 2090
4960 4380 3140 2080
4960 4370 3140 2080
4960 4390 3160 2080
4950 4390 3150 2070
4950 4370 3160 2070
4970 4370 3170 2080
4970 4370 3160 2090
4960 4380 3150 2090
4960 4400 3150 2070
4960 4400 3160 2070
4960 4400 3150 2070
4960 4410 3160 2080
4970 4400 3160 2080
4970 4380 3170 2080
4970 4360 3170 2080
4970 4370 3180 2080
4970 4370 3170 2080
4970 4370 3180 2070
4970 4370 3170 2090
4960 4370 3160 2080
4970 4360 3160 2080
4960 4380 3150 2080
4960 4390 3150 2080
4970 4390 3150 2060
4960 4390 3150 2060
4950 4390 3140 2050
4960 4390 3160 2060
4960 4390 3170 2070
4960 4390 3170 2070
4950 4380 3160 2080
4960 4380 3170 2070
4960 4370 3160 2070
4960 4370 3160 2080
4960 4390 3190 2070
4960 4390 3190 2070
4960 4380 3190 2070
4960 4380 3180 2090
4960 4400 3170 2110
4960 4400 3160 2110
4960 4380 3150 2110
4970 4370 3150 2080
4970 4370 3160 2090
4980 4370 3170 2090
4970 4390 3150 2080
