4570 4000 3330 2370
4580 3980 3330 2360
4570 3980 3330 2360
4570 3980 3330 2370
4570 4000 3330 2370
4570 4010 3330 2370
4570 4020 3320 2360
4560 4000 3320 2350
4560 4010 3320 2360
4560 3990 3330 2370
4560 4000 3340 2370
4560 3990 3330 2370
4550 3980 3340 2370
4550 3960 3330 2370
4560 3950 3320 2370
4560 3980 3330 2370
4560 3980 3330 2360
4560 3960 3320 2360
4570 3950 3320 2360
4560 3960 3330 2360
4560 3960 3340 2360
4560 3960 3340 2360
4560 3990 3330 2370
4560 3990 3330 2370
4560 4010 3340 2350
4570 4010 3330 2370
4580 4000 3340 2370
4570 3990 3340 2360
4570 3980 3340 2360
4570 3960 3330 2360
4570 3950 3330 2360
4560 3950 3330 2370
4560 3980 3330 2360
4560 3990 3330 2360
4560 3990 3320 2360
4560 3980 3330 2360
4560 3950 3330 2360
4560 3950 3330 2360
4560 3980 3330 2350
4560 3950 3330 2370
4550 3990 3330 2370
4550 3980 3330 2370
4550 3980 3330 2370
4550 4000 3340 2370
4570 4000 3330 2370
4570 3990 3340 2360
4560 3980 3340 2360
4570 3990 3330 2360
4580 3980 3330 2360
4580 4000 3340 2370
4580 4020 3330 2360
4570 3990 3330 2360
4570 3990 3330 2360
4560 3990 3340 2360
4560 3990 3330 2360
4560 3980 3340 2360
4560 3980 3340 2370
4560 3980 3330 2360
4570 3980 3320 2370
4560 3980 3320 2370
4570 3980 3320 2360
4570 3980 3320 2360
4570 3990 3320 2370
4570 4010 3320 2360
4560 4010 3330 2370
4560 4010 3330 2370
4560 4000 3330 2360
4560 3990 3330 2360
4560 4010 3340 2370
4560 3990 3330 2370
4560 4000 3330 2360
4560 3990 3330 2360
4560 3990 3330 2360
4560 3990 3330 2370
4560 3990 3340 2370
4560 3960 3330 2370
4560 3990 3330 2370
4560 3980 3340 2370
4560 3990 3340 2370
4560 3980 3340 2370
4570 3960 3340 2370
4570 3990 3340 2370
4570 3980 3340 2370
4570 3980 3360 2370
4570 3960 3360 2380
4560 3980 3330 2370
4560 3980 3330 2370
4550 3990 3330 2370
4550 3980 3330 2370
4550 3980 3330 2360
4550 3980 3330 2360
4560 4000 3320 2370
4560 3990 3320 2360
4560 3980 3320 2360
4550 4000 3320 2360
4560 3990 3330 2360
4560 3990 3340 2370
4560 3980 3330 2370
4560 3960 3330 2370
4560 3990 3340 2370
4560 3990 3330 2380
4570 3980 3340 2380
4570 3980 3330 2380
4570 3980 3330 2370
4560 3980 3330 2370
4550 3980 3330 2370
4560 3960 3330 2360
4550 3980 3330 2370
4550 3990 3330 2370
4560 4010 3330 2370
4560 3990 3340 2360
4560 4000 3330 2360
4550 3990 3330 2370
4550 4000 3320 2370
4550 4020 3320 2360
4550 4000 3320 2360
4550 4010 3320 2360
4550 4020 3340 2370
4550 4020 3330 2360
4550 4000 3330 2360
4550 3990 3330 2360
4550 3980 3320 2370
4560 3990 3330 2370
4560 3980 3330 2370
4560 3990 3330 2370
4570 3960 3330 2370
4560 3990 3330 2370
4560 3990 3330 2360
4550 3990 3340 2370
4550 4000 3340 2380
4550 3990 3340 2380
4550 3990 3330 2390
4550 3980 3330 2390
4550 3960 3330 2380
4550 3990 3340 2380
4560 3980 3340 2380
4560 3960 3360 2390
4560 3990 3360 2380
4550 4000 3340 2370
4550 4010 3330 2360
4560 3990 3340 2360
4560 3980 3340 2350
4560 3980 3340 2360
4570 3980 3330 2370
4570 3960 3320 2370
4570 3980 3320 2360
4570 3980 3320 2360
4570 3980 3320 2350
4570 3980 3320 2350
4570 3990 3320 2350
4570 3980 3320 2350
4570 3980 3330 2360
4560 4000 3340 2370
4570 3990 3340 2370
4570 3980 3330 2360
4570 3980 3340 2370
4570 3990 3330 2360
4570 4000 3330 2360
4570 3990 3330 2360
4570 3980 3330 2360
4570 3960 3320 2360
4570 3960 3330 2360
4570 3990 3340 2360
4570 3990 3330 2360
4570 3980 3330 2370
4570 3980 3330 2370
4570 3980 3330 2360
4570 3980 3330 2350
4570 3980 3330 2350
4570 4000 3330 2360
4570 3990 3330 2360
4560 4000 3340 2350
4560 4000 3330 2350
4560 3990 3330 2370
4570 4020 3330 2370
4570 4000 3330 2360
4570 3990 3340 2360
4570 3980 3340 2360
4570 4010 3330 2360
4560 4000 3340 2360
4560 3990 3340 2370
4560 3980 3340 2360
4560 3990 3340 2360
4570 3980 3340 2370
4560 3960 3340 2370
