3120 5010 2310 4340
3120 5020 2320 4350
3110 5030 2320 4350
3120 5020 2310 4340
3090 5030 2320 4350
3090 5030 2320 4340
3100 5020 2310 4340
3100 5030 2310 4340
3090 5030 2320 4350
3110 5020 2310 4350
3110 5020 2320 4350
3110 5020 2320 4350
3110 5020 2310 4350
3120 5020 2310 4340
3110 5020 2300 4340
3110 5020 2300 4340
3110 5020 2320 4340
3110 5020 2320 4350
3110 5020 2320 4340
3100 5020 2320 4340
3110 5020 2310 4350
3110 5020 2310 4350
3100 5020 2310 4350
3120 5000 2310 4360
3110 5010 2310 4350
3100 5020 2310 4350
3100 5020 2310 4350
3100 5020 2310 4350
3110 5020 2310 4340
3100 5020 2320 4350
3100 5020 2310 4350
3100 5020 2310 4350
3110 5020 2310 4340
3110 5010 2310 4340
3120 5010 2310 4340
3130 5000 2300 4350
3130 5010 2300 4340
3130 5010 2300 4340
3120 5010 2300 4340
3110 5010 2300 4340
3110 5020 2300 4340
3110 5020 2290 4350
3110 5020 2290 4350
3110 5020 2280 4340
3110 5020 2280 4350
3110 5030 2280 4340
3110 5030 2290 4340
3110 5020 2300 4340
3110 5020 2290 4340
3110 5020 2280 4340
3110 5020 2280 4350
3100 5020 2270 4350
3100 5010 2290 4340
3100 5010 2290 4340
3110 5010 2290 4340
3100 5010 2300 4340
3110 5010 2290 4340
3110 5020 2290 4340
3110 5020 2290 4340
3110 5020 2280 4350
3120 5020 2270 4350
3120 5020 2280 4350
3110 5010 2290 4350
3130 5000 2290 4350
3120 5000 2300 4350
3120 5010 2300 4340
3110 5020 2300 4340
3100 5020 2290 4340
3110 5020 2300 4340
3110 5010 2300 4340
3100 5010 2300 4340
3100 5010 2300 4340
3090 5010 2300 4340
3100 5010 2290 4340
3110 5010 2290 4340
3110 5010 2290 4340
3120 5000 2280 4340
3130 5000 2280 4340
3130 5000 2270 4340
3120 5010 2270 4340
3120 5010 2260 4340
3130 5010 2270 4330
3110 5010 2280 4340
3110 5020 2290 4340
3100 5020 2300 4340
3110 5020 2290 4340
3110 5010 2290 4340
3120 5020 2290 4340
3120 5010 2290 4340
3120 5020 2300 4340
3110 5010 2300 4340
3110 5020 2310 4340
3100 5020 2310 4330
3120 5020 2310 4340
3130 5020 2310 4340
3110 5020 2310 4340
3110 5020 2310 4340
3110 5020 2310 4340
3110 5020 2310 4340
3100 5020 2300 4340
3100 5020 2300 4340
3120 5020 2310 4340
3100 5020 2300 4340
3100 5030 2300 4340
3100 5020 2300 4340
3110 5020 2300 4340
3100 5020 2320 4340
3100 5020 2310 4340
3100 5020 2310 4340
3100 5020 2310 4340
3100 5020 2300 4340
3120 5020 2300 4340
3110 5020 2300 4330
3120 5020 2300 4330
3110 5020 2300 4330
3110 5020 2290 4340
3120 5020 2290 4340
3100 5020 2290 4340
3080 5020 2300 4340
3090 5020 2300 4340
3080 5020 2290 4340
3090 5030 2290 4350
3100 5030 2290 4340
3110 5020 2290 4340
3090 5020 2300 4350
3110 5020 2290 4350
3120 5020 2290 4350
3130 5020 2290 4350
3130 5020 2300 4350
3120 5020 2300 4350
3120 5020 2300 4360
3120 5020 2290 4350
3130 5020 2290 4350
3100 5010 2290 4340
3090 5020 2290 4340
3090 5020 2280 4350
3080 5030 2280 4350
3090 5020 2280 4340
3080 5020 2300 4350
3090 5020 2310 4350
3100 5010 2310 4370
3120 5020 2310 4370
3110 5020 2310 4360
3110 5020 2310 4350
3120 5030 2310 4340
3090 5020 2310 4340
3090 5020 2300 4340
3090 5020 2300 4340
3110 5020 2300 4340
3110 5020 2300 4340
3130 5010 2300 4340
3120 5010 2310 4340
3120 5020 2300 4340
3130 5020 2300 4340
3110 5010 2290 4340
3130 5010 2300 4350
3130 5020 2300 4350
3120 5020 2300 4350
3100 5020 2300 4350
3090 5020 2300 4340
3090 5020 2300 4350
3100 5020 2310 4350
3100 5020 2310 4340
3090 5020 2300 4340
3090 5020 2300 4350
3080 5020 2310 4350
3090 5030 2310 4350
3090 5020 2310 4350
3080 5010 2310 4350
3080 5010 2310 4350
3090 5010 2310 4350
3120 5020 2310 4350
3110 5020 2310 4350
3090 5020 2320 4350
3100 5020 2310 4350
3100 5020 2310 4340
3120 5020 2310 4340
3100 5020 2320 4340
