4180 3540 3560 2700
4180 3540 3560 2700
4190 3540 3560 2700
4200 3540 3560 2700
4190 3530 3560 2700
4190 3530 3560 2710
4200 3540 3560 2700
4200 3540 3560 2700
4200 3540 3560 2680
4200 3540 3560 2690
4200 3540 3560 2700
4210 3540 3560 2690
4200 3540 3560 2700
4200 3550 3560 2720
4200 3550 3560 2720
4190 3550 3570 2710
4190 3550 3560 2710
4190 3550 3560 2700
4190 3550 3560 2710
4190 3560 3560 2710
4180 3560 3560 2720
4190 3560 3560 2710
4190 3560 3560 2690
4190 3550 3560 2690
4180 3550 3560 2700
4180 3550 3560 2700
4190 3550 3560 2700
4190 3550 3560 2720
4200 3550 3560 2720
4190 3550 3560 2720
4190 3540 3570 2720
4190 3550 3570 2710
4180 3550 3570 2700
4190 3540 3570 2700
4190 3550 3560 2710
4190 3550 3570 2690
4190 3550 3570 2700
4180 3550 3570 2700
4180 3550 3570 2700
4180 3550 3570 2690
4180 3550 3570 2700
4170 3550 3570 2700
4170 3550 3560 2710
4170 3550 3560 2710
4180 3550 3560 2700
4180 3550 3560 2700
4180 3550 3560 2690
4190 3550 3560 2690
4190 3550 3560 2700
4190 3550 3560 2700
4200 3550 3560 2690
4200 3540 3560 2700
4200 3540 3560 2710
4200 3550 3560 2710
4190 3550 3560 2720
4190 3550 3560 2720
4190 3550 3560 2720
4190 3530 3560 2720
4180 3540 3560 2720
4200 3550 3560 2710
4200 3550 3560 2710
4190 3550 3560 2720
4200 3540 3560 2720
4200 3540 3560 2720
4200 3540 3560 2710
4190 3550 3560 2710
4180 3550 3560 2710
4180 3550 3560 2710
4180 3550 3560 2710
4180 3550 3560 2700
4180 3540 3560 2700
4190 3540 3560 2710
4190 3540 3560 2680
4180 3540 3560 2700
4180 3540 3560 2710
4180 3540 3570 2700
4190 3550 3570 2710
4180 3550 3570 2690
4180 3550 3560 2710
4180 3550 3560 2720
4190 3550 3560 2710
4190 3550 3560 2690
4190 3550 3560 2700
4190 3530 3560 2700
4190 3540 3560 2700
4190 3540 3560 2700
4190 3540 3560 2700
4180 3540 3560 2700
4180 3530 3560 2700
4180 3540 3560 2700
4190 3540 3560 2710
4190 3540 3560 2710
4190 3540 3560 2700
4180 3540 3560 2710
4180 3540 3560 2710
4180 3550 3560 2720
4180 3550 3560 2710
4180 3550 3560 2710
4180 3550 3560 2710
4180 3550 3560 2710
4190 3540 3560 2720
4190 3530 3560 2720
4180 3540 3560 2720
4190 3540 3560 2720
4190 3540 3560 2710
4200 3530 3560 2710
4190 3540 3560 2720
4190 3530 3560 2710
4180 3540 3560 2710
4190 3520 3560 2710
4180 3530 3560 2700
4180 3530 3560 2700
4180 3540 3560 2700
4180 3550 3560 2700
4200 3550 3560 2690
4190 3540 3560 2710
4180 3540 3560 2710
4180 3540 3560 2700
4180 3530 3560 2710
4190 3530 3570 2710
4190 3540 3570 2700
4190 3540 3570 2700
4190 3550 3570 2720
4190 3550 3570 2710
4180 3550 3570 2700
4180 3550 3570 2710
4180 3550 3570 2700
4180 3540 3570 2710
4190 3540 3570 2720
4200 3540 3570 2740
4190 3540 3570 2740
4190 3540 3570 2720
4180 3530 3570 2700
4180 3530 3570 2710
4180 3540 3570 2720
4180 3540 3570 2740
4180 3540 3570 2740
4170 3550 3580 2740
4180 3550 3570 2750
4180 3550 3570 2750
4180 3550 3570 2750
4180 3550 3570 2750
4180 3550 3570 2720
4190 3550 3570 2710
4190 3550 3570 2720
4190 3550 3570 2720
4190 3550 3570 2700
4190 3550 3570 2710
4190 3540 3570 2700
4190 3540 3560 2720
4190 3550 3550 2740
4180 3550 3550 2740
4180 3550 3550 2740
4180 3540 3550 2740
4180 3530 3550 2740
4180 3530 3550 2750
4190 3550 3550 2740
4190 3540 3550 2710
4200 3550 3550 2700
4190 3540 3550 2690
4200 3550 3570 2710
4200 3540 3570 2720
4200 3540 3570 2720
4200 3540 3570 2720
4190 3550 3570 2720
4190 3560 3570 2720
4180 3550 3570 2710
4200 3550 3570 2740
4210 3550 3570 2720
4210 3550 3570 2710
4200 3550 3570 2710
4200 3550 3570 2700
4190 3550 3570 2710
4180 3550 3570 2720
4180 3550 3570 2710
4190 3540 3570 2710
4190 3550 3570 2710
4190 3550 3570 2690
4190 3550 3570 2700
4190 3550 3570 2690
4190 3550 3570 2710
4190 3550 3570 2700
4200 3560 3570 2690
4200 3560 3560 2690
4190 3550 3560 2690
4190 3550 3560 2700
4180 3550 3550 2700
4180 3550 3550 2700
4180 3550 3560 2700
4180 3550 3560 2710
4180 3540 3560 2710
4180 3540 3560 2700
4180 3540 3570 2700
4180 3540 3570 2720
4200 3530 3570 2710
4190 3540 3570 2690
4190 3530 3570 2690
4190 3540 3560 2710
4190 3540 3560 2710
4180 3540 3560 2710
4190 3540 3560 2700
4180 3540 3570 2710
4180 3540 3570 2710
4190 3560 3570 2710
4190 3560 3570 2720
4190 3560 3570 2710
4190 3560 3570 2710
4190 3560 3560 2710
4190 3560 3560 2710
4190 3550 3560 2710
4190 3540 3560 2700
4190 3550 3560 2720
4180 3550 3560 2720
4180 3550 3560 2720
4180 3550 3560 2710
4180 3550 3570 2710
4190 3550 3570 2710
4190 3550 3570 2720
4190 3550 3570 2740
4180 3550 3570 2740
4180 3550 3570 2720
4170 3550 3560 2740
4180 3550 3560 2710
4180 3560 3560 2720
4170 3550 3560 2740
