3820 3150 3890 3100
3830 3170 3890 3100
3830 3160 3880 3100
3830 3160 3880 3090
3820 3160 3880 3090
3820 3170 3890 3100
3820 3170 3890 3100
3820 3150 3880 3110
3830 3140 3890 3110
3830 3140 3880 3110
3830 3170 3890 3110
3840 3170 3890 3110
3830 3160 3890 3110
3830 3160 3900 3110
3820 3180 3900 3110
3820 3170 3900 3110
3820 3160 3900 3110
3820 3150 3890 3110
3830 3160 3890 3110
3820 3150 3890 3110
3820 3150 3890 3110
3820 3150 3880 3110
3820 3140 3880 3100
3830 3130 3880 3100
3830 3120 3890 3100
3820 3120 3880 3100
3820 3130 3890 3090
3810 3120 3890 3100
3810 3140 3900 3100
3810 3150 3900 3100
3810 3140 3900 3110
3810 3150 3900 3110
3810 3150 3900 3110
3810 3160 3900 3110
3810 3150 3900 3110
3810 3150 3890 3120
3810 3150 3900 3110
3810 3170 3900 3110
3810 3160 3900 3110
3810 3160 3890 3110
3810 3140 3900 3100
3800 3140 3900 3090
3800 3140 3900 3090
3810 3150 3910 3090
3810 3150 3910 3090
3810 3160 3910 3100
3810 3160 3910 3100
3820 3160 3900 3110
3840 3160 3900 3100
3830 3170 3890 3100
3830 3160 3890 3110
3820 3170 3890 3110
3820 3160 3890 3110
3820 3150 3900 3110
3820 3150 3900 3110
3820 3140 3890 3110
3830 3140 3890 3110
3830 3140 3890 3100
3830 3140 3890 3110
3820 3140 3890 3110
3820 3140 3890 3110
3820 3150 3880 3110
3820 3160 3890 3110
3820 3130 3890 3110
3810 3130 3890 3110
3810 3130 3880 3110
3810 3130 3880 3110
3810 3130 3880 3110
3810 3140 3890 3110
3810 3150 3890 3110
3810 3160 3890 3110
3810 3150 3890 3110
3800 3140 3890 3110
3800 3140 3880 3110
3800 3140 3870 3110
3810 3150 3880 3120
3810 3130 3900 3120
3800 3150 3900 3110
3810 3160 3910 3110
3820 3160 3910 3110
3820 3170 3910 3110
3810 3170 3910 3110
3810 3150 3900 3100
3810 3150 3900 3100
3820 3160 3900 3100
3810 3150 3900 3100
3820 3160 3900 3100
3810 3160 3900 3100
3810 3160 3900 3100
3810 3160 3890 3100
3810 3150 3900 3100
3800 3150 3900 3100
3800 3160 3890 3100
3810 3150 3890 3100
3810 3140 3900 3100
3820 3140 3900 3110
3810 3130 3900 3110
3830 3140 3910 3110
3820 3150 3900 3100
3830 3140 3890 3100
3820 3140 3900 3100
3820 3140 3890 3100
3820 3130 3890 3100
3820 3140 3890 3100
3820 3140 3880 3100
3810 3140 3890 3100
3810 3140 3880 3100
3810 3130 3880 3110
3810 3120 3890 3110
3830 3130 3890 3110
3820 3120 3890 3110
3810 3110 3890 3110
3810 3130 3880 3100
3820 3130 3880 3100
3800 3130 3880 3100
3800 3140 3880 3100
3800 3150 3880 3100
3810 3160 3870 3110
3810 3160 3880 3100
3810 3160 3870 3100
3810 3140 3880 3100
3810 3150 3880 3100
3810 3160 3890 3100
3810 3150 3890 3110
3810 3170 3890 3110
3810 3160 3880 3110
3810 3160 3880 3100
3810 3160 3890 3100
3800 3150 3890 3100
3810 3150 3890 3100
3810 3140 3890 3100
3810 3140 3890 3100
3800 3140 3890 3110
3810 3150 3890 3100
3800 3150 3880 3100
3800 3160 3880 3100
3810 3160 3890 3100
3810 3160 3900 3100
3810 3170 3890 3100
3810 3150 3890 3100
3810 3150 3900 3100
3820 3150 3890 3090
3810 3160 3900 3090
3810 3160 3910 3090
3820 3150 3910 3090
3810 3150 3900 3090
3800 3130 3900 3090
3810 3130 3900 3100
3810 3130 3900 3100
3820 3130 3900 3090
3820 3140 3910 3100
3810 3160 3890 3100
3810 3170 3890 3100
3810 3160 3890 3100
3810 3160 3890 3100
3820 3160 3890 3100
3810 3160 3900 3100
3810 3160 3890 3100
3810 3170 3890 3110
3810 3180 3890 3100
3810 3180 3890 3100
3800 3170 3890 3110
3800 3160 3880 3110
3800 3160 3880 3100
3810 3170 3890 3090
3810 3160 3900 3100
3810 3160 3890 3100
3820 3150 3890 3100
3800 3140 3880 3110
3800 3150 3870 3100
3800 3140 3860 3110
3810 3150 3870 3110
3810 3140 3890 3100
3810 3140 3890 3100
3810 3150 3900 3100
3830 3150 3900 3100
3820 3140 3890 3100
3820 3140 3890 3100
3820 3150 3880 3100
3820 3150 3890 3100
3830 3130 3880 3100
3820 3120 3890 3100
3800 3140 3880 3110
3800 3140 3880 3110
3810 3150 3890 3110
3820 3140 3890 3100
3820 3150 3900 3100
3820 3160 3900 3100
3820 3180 3900 3100
3810 3170 3890 3100
3810 3160 3890 3100
3820 3140 3890 3110
3820 3140 3890 3110
3820 3150 3900 3110
3820 3160 3900 3100
3810 3140 3890 3090
3820 3140 3890 3090
3820 3130 3890 3090
3820 3140 3890 3110
3810 3150 3880 3120
3810 3150 3880 3120
3810 3140 3890 3120
3830 3150 3890 3120
3830 3140 3890 3120
3830 3150 3890 3110
3820 3150 3890 3110
3820 3160 3900 3120
3820 3160 3900 3120
3820 3140 3900 3120
3810 3140 3900 3110
3810 3140 3900 3110
3810 3160 3900 3110
3810 3150 3900 3110
3810 3150 3900 3100
3800 3140 3890 3110
3800 3140 3890 3110
3810 3140 3890 3110
3810 3140 3890 3110
3810 3150 3890 3110
3810 3140 3890 3110
3810 3150 3890 3110
3810 3160 3900 3110
3810 3150 3890 3110
3810 3140 3880 3110
3810 3150 3880 3110
3810 3150 3890 3110
3810 3160 3890 3110
3810 3160 3890 3110
3810 3150 3890 3110
