3540 2740 4210 3500
3520 2740 4210 3500
3530 2710 4210 3500
3530 2720 4210 3500
3530 2720 4210 3500
3540 2720 4210 3490
3540 2720 4200 3490
3550 2740 4210 3500
3550 2740 4210 3500
3540 2740 4210 3500
3550 2720 4210 3510
3550 2710 4200 3510
3540 2710 4210 3510
3540 2710 4220 3510
3540 2720 4220 3500
3540 2720 4220 3500
3540 2720 4220 3500
3530 2740 4220 3500
3540 2750 4220 3500
3540 2740 4220 3500
3540 2740 4220 3500
3550 2740 4220 3500
3550 2720 4220 3490
3550 2740 4220 3490
3550 2740 4220 3490
3550 2740 4220 3490
3540 2750 4210 3490
3560 2750 4210 3490
3560 2760 4210 3490
3550 2740 4210 3500
3550 2740 4210 3510
3550 2740 4210 3500
3550 2740 4210 3490
3550 2740 4210 3490
3550 2740 4220 3500
3540 2720 4220 3500
3540 2720 4220 3500
3550 2740 4220 3500
3550 2740 4210 3490
3530 2720 4210 3490
3540 2740 4210 3500
3540 2720 4200 3490
3540 2720 4210 3490
3530 2700 4220 3490
3520 2710 4220 3490
3520 2720 4220 3490
3530 2740 4230 3490
3530 2750 4230 3490
3530 2740 4230 3490
3540 2750 4220 3490
3550 2720 4220 3490
3550 2740 4220 3490
3540 2740 4210 3490
3530 2750 4210 3500
3520 2720 4200 3500
3540 2740 4200 3500
3550 2740 4210 3500
3550 2740 4210 3500
3550 2710 4220 3500
3540 2710 4220 3510
3550 2720 4210 3510
3550 2720 4210 3510
3550 2720 4210 3500
3560 2720 4200 3500
3560 2720 4200 3510
3550 2720 4190 3490
3540 2720 4190 3480
3540 2720 4190 3480
3540 2720 4190 3480
3540 2710 4200 3480
3530 2710 4210 3480
3540 2700 4210 3480
3530 2700 4210 3490
3530 2720 4210 3490
3520 2720 4220 3500
3530 2710 4220 3490
3530 2710 4220 3490
3540 2710 4220 3490
3540 2720 4220 3500
3530 2720 4220 3490
3540 2720 4210 3490
3540 2720 4210 3490
3550 2710 4210 3500
3550 2710 4210 3500
3540 2720 4210 3500
3550 2740 4210 3500
3550 2720 4210 3500
3550 2740 4210 3500
3540 2750 4210 3500
3540 2750 4210 3500
3540 2740 4210 3500
3550 2720 4210 3500
3550 2720 4210 3500
3550 2740 4210 3510
3550 2740 4210 3510
3560 2720 4220 3500
3560 2710 4220 3500
3560 2710 4210 3500
3560 2720 4210 3500
3550 2740 4210 3500
3550 2750 4210 3500
3550 2750 4220 3490
3550 2740 4220 3490
3550 2750 4220 3500
3550 2750 4220 3500
3550 2740 4220 3490
3550 2740 4220 3500
3550 2740 4210 3500
3550 2720 4220 3500
3550 2710 4220 3500
3550 2710 4220 3500
3560 2720 4220 3490
3560 2720 4220 3500
3560 2720 4220 3490
3560 2710 4220 3480
3560 2710 4220 3480
3560 2710 4220 3480
3560 2710 4220 3490
3560 2710 4220 3490
3550 2720 4220 3490
3540 2720 4220 3500
3540 2720 4220 3500
3560 2720 4220 3500
3550 2720 4220 3500
3570 2740 4220 3490
3560 2740 4210 3490
3550 2740 4220 3480
3540 2750 4220 3490
3540 2740 4220 3490
3540 2720 4220 3490
3550 2710 4220 3490
3540 2710 4220 3490
3550 2710 4220 3480
3560 2710 4210 3490
3560 2710 4220 3490
3550 2720 4220 3490
3560 2720 4220 3490
3550 2720 4220 3500
3550 2720 4220 3500
3550 2720 4220 3490
3550 2710 4220 3490
3550 2720 4220 3500
3550 2740 4220 3510
3540 2720 4230 3500
3540 2720 4230 3490
3540 2710 4230 3500
3550 2710 4230 3500
3550 2710 4220 3510
3550 2710 4220 3520
3560 2720 4220 3520
3560 2720 4210 3510
3560 2710 4220 3500
3570 2740 4220 3500
3560 2740 4220 3490
3560 2720 4220 3490
3560 2740 4220 3490
3560 2740 4220 3500
3560 2720 4220 3490
3570 2720 4220 3490
3560 2720 4220 3490
3560 2720 4210 3490
3560 2720 4220 3500
3560 2720 4220 3500
3560 2720 4220 3500
3550 2740 4210 3500
3540 2720 4210 3490
3540 2740 4220 3480
3540 2750 4220 3490
3530 2750 4220 3490
3540 2740 4220 3490
3550 2750 4220 3490
3550 2750 4220 3480
3550 2750 4220 3480
3540 2760 4220 3490
3550 2770 4220 3500
3540 2770 4220 3500
3550 2770 4220 3500
3550 2780 4220 3500
3550 2780 4220 3500
3530 2780 4220 3500
3540 2780 4220 3500
3560 2770 4220 3510
3550 2770 4220 3500
3540 2770 4220 3490
3550 2770 4220 3500
3560 2760 4220 3500
3560 2760 4220 3490
3550 2760 4220 3490
3550 2760 4220 3490
3550 2770 4210 3490
3560 2760 4210 3490
3560 2760 4210 3490
3540 2740 4220 3490
3550 2740 4230 3490
3550 2750 4220 3500
3550 2740 4220 3490
3560 2750 4220 3490
3560 2750 4220 3500
3560 2750 4220 3500
3560 2760 4220 3500
3550 2750 4220 3500
3550 2740 4220 3500
3550 2740 4220 3500
3550 2750 4220 3490
3550 2750 4220 3500
3550 2720 4210 3500
3550 2720 4210 3500
3560 2710 4220 3500
3550 2740 4220 3500
3550 2740 4220 3500
3540 2740 4220 3500
3540 2740 4220 3490
3550 2740 4220 3500
