3320 2440 4560 3900
3310 2440 4550 3900
3310 2450 4560 3910
3310 2450 4550 3910
3310 2420 4550 3910
3300 2430 4560 3900
3300 2440 4560 3900
3300 2430 4550 3910
3300 2440 4550 3910
3300 2430 4550 3890
3300 2450 4550 3890
3300 2450 4550 3900
3300 2440 4550 3910
3300 2440 4550 3920
3300 2440 4550 3920
3300 2430 4560 3910
3300 2450 4550 3910
3300 2430 4550 3900
3300 2440 4550 3900
3300 2440 4550 3900
3300 2440 4550 3900
3300 2460 4550 3890
3300 2460 4550 3890
3310 2460 4550 3900
3310 2450 4550 3900
3310 2440 4550 3900
3300 2440 4550 3910
3320 2450 4550 3900
3320 2460 4550 3910
3320 2450 4550 3910
3320 2430 4550 3910
3320 2420 4560 3910
3310 2420 4560 3910
3310 2430 4560 3900
3320 2440 4560 3900
3310 2450 4560 3920
3310 2450 4560 3910
3310 2450 4550 3910
3310 2430 4560 3910
3320 2440 4550 3900
3320 2440 4550 3900
3320 2420 4550 3900
3320 2400 4550 3910
3320 2400 4550 3920
3320 2420 4550 3920
3320 2400 4550 3920
3320 2420 4550 3920
3320 2420 4550 3920
3320 2420 4550 3910
3310 2420 4550 3910
3310 2430 4550 3910
3310 2420 4560 3900
3320 2430 4560 3900
3320 2440 4560 3900
3320 2440 4560 3910
3320 2440 4560 3900
3320 2440 4560 3900
3320 2450 4560 3910
3320 2440 4560 3910
3320 2440 4570 3920
3320 2430 4570 3910
3320 2440 4570 3910
3320 2440 4570 3900
3330 2420 4570 3900
3330 2420 4570 3890
3330 2430 4560 3900
3330 2420 4550 3910
3330 2430 4550 3910
3320 2420 4550 3910
3320 2430 4550 3900
3320 2420 4560 3900
3320 2430 4560 3900
3320 2430 4560 3900
3320 2430 4560 3910
3310 2430 4560 3910
3310 2390 4560 3920
3310 2390 4560 3920
3310 2390 4560 3910
3310 2420 4570 3910
3310 2420 4570 3920
3310 2400 4560 3910
3310 2430 4560 3910
3310 2420 4560 3910
3310 2430 4560 3910
3310 2450 4560 3900
3310 2440 4560 3900
3300 2450 4560 3900
3300 2430 4560 3900
3300 2440 4570 3900
3300 2440 4570 3910
3300 2440 4570 3910
3300 2430 4570 3910
3300 2430 4570 3900
3310 2440 4570 3910
3300 2430 4570 3910
3300 2400 4570 3910
3300 2430 4570 3920
3300 2420 4570 3920
3300 2430 4570 3920
3300 2430 4570 3910
3300 2420 4570 3910
3310 2420 4570 3920
3310 2440 4570 3910
3310 2440 4570 3910
3310 2430 4570 3910
3310 2430 4570 3910
3310 2440 4570 3910
3310 2430 4580 3910
3310 2420 4570 3910
3310 2440 4570 3920
3310 2440 4570 3920
3310 2430 4580 3920
3310 2430 4580 3920
3310 2440 4570 3920
3310 2420 4570 3910
3310 2430 4570 3910
3310 2440 4570 3910
3310 2440 4570 3910
3310 2440 4570 3910
3310 2420 4570 3920
3310 2420 4570 3910
3310 2390 4570 3920
3310 2390 4570 3920
3310 2400 4570 3920
3310 2390 4580 3920
3310 2390 4580 3920
3310 2420 4570 3920
3310 2400 4570 3920
3310 2430 4570 3910
3310 2430 4570 3900
3310 2450 4570 3900
3310 2460 4560 3900
3310 2450 4550 3910
3310 2440 4560 3910
3320 2430 4560 3910
3320 2420 4560 3910
3320 2440 4550 3900
3320 2460 4550 3890
3320 2460 4550 3900
3320 2440 4550 3890
3320 2450 4550 3890
3320 2430 4550 3890
3320 2440 4550 3900
3320 2450 4550 3900
3320 2450 4550 3890
3320 2440 4560 3890
3310 2420 4560 3900
3310 2420 4560 3890
3310 2440 4570 3900
3310 2440 4570 3900
3310 2440 4560 3900
3310 2440 4560 3890
3310 2430 4560 3900
3310 2420 4560 3890
3300 2430 4550 3890
3300 2420 4560 3900
3300 2430 4560 3900
3300 2430 4570 3910
3300 2440 4570 3910
3300 2440 4570 3900
3300 2440 4570 3900
3310 2430 4570 3900
3310 2450 4570 3910
3310 2450 4570 3910
3310 2460 4570 3920
3310 2420 4560 3910
3310 2440 4560 3900
3310 2450 4560 3920
3310 2430 4560 3910
3310 2420 4560 3910
3310 2430 4560 3910
3310 2420 4570 3900
3310 2420 4570 3900
3310 2420 4570 3910
3310 2430 4570 3910
3310 2420 4560 3900
3310 2430 4560 3890
3310 2440 4560 3900
3310 2440 4560 3900
3310 2440 4570 3900
3310 2440 4570 3890
3310 2440 4570 3910
3310 2430 4570 3900
3310 2430 4560 3900
3310 2420 4560 3890
3310 2440 4560 3890
3310 2450 4560 3880
3310 2440 4560 3890
3310 2430 4560 3900
3310 2450 4560 3900
3310 2450 4560 3910
3310 2440 4570 3910
3310 2440 4560 3910
3310 2450 4560 3910
3310 2440 4560 3910
3320 2440 4560 3910
3320 2450 4570 3910
3310 2440 4570 3910
3310 2440 4570 3910
3310 2430 4570 3900
3310 2440 4570 3900
3310 2440 4580 3910
3310 2430 4570 3910
3310 2430 4570 3910
3310 2430 4570 3910
3310 2420 4570 3910
3310 2430 4570 3910
3310 2440 4570 3910
3310 2440 4570 3910
3310 2420 4570 3900
3310 2420 4570 3880
3310 2430 4570 3880
3310 2440 4570 3890
3310 2430 4570 3900
3300 2420 4570 3900
3300 2420 4570 3900
3300 2400 4570 3900
3300 2420 4580 3900
3300 2430 4580 3900
3310 2420 4580 3900
3310 2430 4570 3900
3310 2440 4570 3900
3310 2440 4570 3900
3310 2430 4570 3910
