3110 2150 4990 4400
3110 2160 4990 4390
3110 2160 5000 4390
3120 2160 5010 4390
3120 2160 5010 4390
3120 2160 5000 4390
3120 2160 5000 4390
3110 2160 5000 4390
3120 2160 5000 4390
3140 2150 4990 4390
3130 2150 5000 4390
3120 2150 4990 4390
3140 2160 4990 4390
3130 2160 4990 4390
3130 2160 4990 4390
3130 2150 4980 4380
3130 2150 4980 4390
3130 2150 4980 4400
3130 2150 4990 4400
3140 2150 4990 4400
3120 2150 5000 4400
3120 2140 5000 4400
3130 2150 5000 4400
3120 2160 5000 4400
3120 2150 5010 4390
3120 2150 5000 4380
3120 2150 5000 4380
3110 2150 4990 4380
3110 2150 4990 4380
3120 2150 4990 4380
3120 2150 4990 4380
3140 2140 4990 4380
3140 2140 5000 4380
3130 2140 4990 4390
3120 2140 4990 4390
3110 2140 5000 4390
3110 2150 5000 4390
3110 2140 5000 4390
3100 2150 5000 4390
3100 2150 5010 4390
3100 2160 5020 4390
3090 2170 5020 4390
3090 2160 5000 4390
3100 2160 5000 4390
3100 2170 5000 4390
3100 2170 4990 4380
3100 2160 4990 4380
3110 2160 4990 4390
3130 2160 4990 4390
3140 2160 4980 4390
3130 2160 4980 4390
3130 2160 4990 4390
3120 2160 5000 4390
3120 2150 5000 4390
3110 2140 4990 4390
3120 2140 4990 4390
3130 2140 5000 4390
3120 2140 4990 4390
3110 2150 4990 4390
3110 2150 4990 4390
3110 2150 4990 4390
3110 2150 4990 4390
3110 2150 4990 4370
3110 2150 4990 4370
3140 2160 4990 4370
3140 2150 4990 4380
3130 2150 5000 4380
3130 2160 5000 4380
3140 2160 5000 4380
3130 2160 5000 4380
3130 2170 5000 4380
3130 2150 5000 4380
3120 2150 4990 4380
3120 2150 5000 4380
3120 2150 4990 4380
3120 2150 4990 4380
3120 2150 4990 4380
3120 2150 4980 4380
3120 2150 4990 4390
3110 2150 4990 4390
3120 2150 5000 4390
3120 2150 5000 4380
3130 2160 4990 4380
3140 2160 4990 4380
3130 2160 4990 4380
3120 2150 5000 4380
3130 2150 5000 4390
3140 2150 5000 4400
3140 2160 5000 4400
3150 2160 5000 4400
3120 2160 5000 4390
3130 2160 5000 4390
3130 2150 5000 4390
3130 2150 5000 4380
3130 2150 5000 4380
3130 2150 4990 4390
3130 2150 4980 4380
3130 2160 4990 4390
3120 2160 4980 4390
3120 2150 4980 4390
3110 2160 4980 4390
3120 2160 4980 4390
3120 2160 5000 4390
3120 2160 4990 4400
3130 2160 4990 4390
3120 2160 4990 4390
3120 2160 4990 4390
3130 2160 4990 4390
3120 2160 4990 4390
3120 2150 5000 4380
3120 2150 4990 4380
3120 2150 5000 4380
3130 2140 5010 4380
3120 2140 5010 4380
3130 2140 5000 4380
3140 2150 4990 4380
3140 2150 4990 4390
3140 2150 4990 4390
3130 2150 4990 4390
3130 2140 4990 4380
3130 2150 4990 4380
3120 2140 4990 4380
3120 2140 4990 4380
3120 2130 5000 4380
3130 2130 5010 4380
3120 2140 5000 4380
3120 2140 5000 4380
3120 2150 5000 4380
3120 2150 4990 4380
3130 2150 4990 4380
3120 2150 4990 4380
3130 2150 5000 4380
3130 2160 5000 4380
3140 2150 5000 4390
3130 2150 5000 4390
3140 2140 4990 4390
3130 2140 4990 4390
3120 2140 4990 4380
3130 2140 4980 4380
3120 2130 4980 4380
3120 2140 4990 4390
3130 2140 5000 4390
3130 2140 5010 4390
3130 2150 5010 4390
3120 2160 5000 4390
3130 2160 5000 4380
3140 2150 5010 4380
3130 2150 5010 4380
3120 2150 5010 4380
3120 2150 5010 4380
3120 2150 5010 4380
3110 2150 5010 4380
3100 2160 5000 4380
3100 2160 4990 4380
3120 2160 4990 4380
3140 2160 4990 4380
3130 2160 4990 4380
3140 2160 4990 4380
3130 2150 4990 4390
3130 2150 4990 4390
3120 2150 4990 4390
3130 2150 4980 4390
3130 2140 4980 4380
3130 2140 4990 4380
3140 2140 5000 4380
3130 2150 5000 4380
3130 2160 5010 4380
3130 2160 5010 4380
3130 2150 5010 4380
3120 2160 5000 4380
3120 2160 4990 4380
3120 2160 4980 4380
3120 2160 4980 4380
3120 2160 4990 4390
3130 2160 4980 4390
3120 2160 4990 4390
3120 2160 4980 4390
3120 2150 4990 4390
3120 2140 4980 4390
3120 2140 4980 4400
3130 2140 4980 4400
3120 2140 4980 4400
3140 2150 4980 4400
3150 2150 4980 4400
3150 2150 4980 4400
3140 2150 4990 4400
3140 2150 5000 4400
3140 2150 5000 4400
3130 2140 5000 4400
3130 2150 4990 4400
3130 2150 4990 4400
3130 2150 4990 4390
3130 2150 4990 4390
3130 2150 5000 4400
3130 2160 5000 4400
3130 2160 4980 4390
3130 2150 4990 4390
3120 2150 5000 4400
3110 2150 5000 4390
3120 2150 5000 4380
3120 2150 5000 4380
3120 2160 4970 4380
3110 2170 4970 4380
3110 2170 4970 4380
3110 2170 4970 4380
3130 2160 4980 4380
3120 2160 4990 4380
3120 2160 4990 4390
3120 2160 4990 4390
3120 2160 4990 4390
3130 2170 4990 4390
3130 2160 4980 4390
3130 2160 4970 4370
3130 2160 4990 4370
3140 2150 5000 4370
3140 2160 5010 4380
3130 2170 5020 4380
3130 2170 5010 4380
3120 2160 5010 4380
3120 2150 5000 4380
3120 2140 5010 4380
3110 2140 5000 4380
3120 2140 4990 4390
3120 2140 5000 4400
