2990 2020 5430 4840
2990 2010 5420 4830
2980 2010 5420 4850
2980 2010 5420 4840
2980 2020 5420 4840
2990 2020 5420 4840
2990 2020 5420 4840
2990 2020 5420 4830
3000 2030 5420 4830
3000 2040 5420 4830
3000 2040 5420 4820
3000 2030 5420 4820
2990 2020 5420 4810
3000 2020 5420 4810
2990 2010 5430 4810
2980 2000 5440 4810
2990 2010 5440 4820
2990 2000 5440 4830
2990 2000 5440 4820
2990 2000 5430 4810
3000 2010 5430 4810
2990 2010 5430 4820
3000 2010 5430 4830
3000 2010 5430 4830
3000 2000 5430 4820
3000 2000 5430 4830
3000 2000 5430 4820
3000 2000 5430 4810
3000 2000 5430 4810
2990 2000 5430 4820
2990 2000 5430 4830
2990 2000 5430 4830
2990 2000 5430 4830
2990 2000 5430 4820
2990 2010 5430 4810
2990 2000 5430 4820
2990 2000 5430 4820
2990 2000 5430 4810
3000 2000 5430 4820
3000 2010 5430 4820
3000 2020 5430 4830
3000 2030 5430 4830
2990 2020 5420 4830
2980 2020 5430 4810
2990 2010 5430 4810
2980 2000 5430 4810
2990 2020 5430 4820
2990 2010 5430 4820
2990 2000 5440 4830
2990 2000 5440 4820
3000 2000 5440 4830
3000 2010 5440 4830
2990 2020 5440 4840
2990 2010 5440 4840
3000 2010 5440 4840
3000 2000 5440 4830
3000 2020 5440 4820
2980 2020 5430 4810
2990 2020 5430 4810
2990 2020 5430 4840
2970 2020 5420 4830
2980 2020 5420 4820
2970 2020 5430 4830
2980 2030 5430 4830
2980 2020 5430 4830
3000 2000 5430 4830
3000 2000 5430 4820
3000 2010 5430 4830
3000 2010 5430 4830
3000 2000 5430 4830
2990 2010 5430 4830
2990 2020 5430 4830
2990 2020 5430 4820
2990 2020 5430 4830
2990 2020 5430 4840
2990 2020 5430 4830
2980 2010 5440 4820
2970 2020 5440 4820
2960 2020 5430 4810
2950 2020 5430 4830
2960 2020 5430 4820
2970 2020 5430 4830
2970 2010 5430 4830
2980 2000 5430 4840
2980 2000 5430 4840
2980 2020 5430 4840
2980 2010 5430 4830
2990 2020 5430 4820
2990 2010 5430 4820
3000 2000 5440 4820
3010 2000 5430 4810
3010 2000 5440 4820
3020 2010 5440 4820
3000 2000 5440 4820
2980 2000 5440 4830
2980 2010 5430 4820
2980 2020 5420 4830
2990 2020 5420 4820
2990 2010 5420 4830
2990 2000 5430 4830
2970 2010 5430 4830
2980 2020 5430 4820
2980 2020 5430 4830
2980 2030 5430 4830
2980 2020 5430 4830
2980 2030 5430 4830
2980 2040 5430 4830
2980 2040 5430 4840
2970 2040 5430 4830
2980 2030 5430 4830
2990 2020 5440 4830
2990 2030 5440 4830
2980 2020 5440 4830
3000 2020 5440 4830
3000 2020 5440 4820
3000 2020 5440 4810
3000 2020 5440 4810
2990 2020 5440 4810
2990 2010 5440 4830
3000 2000 5440 4830
3000 2000 5440 4830
3000 2000 5440 4830
3000 2000 5440 4830
2990 2000 5440 4830
3000 2010 5430 4840
3000 2020 5430 4840
2990 2020 5430 4830
2990 2010 5430 4820
3000 2010 5430 4830
3000 2010 5430 4830
2990 2020 5430 4820
3000 2020 5430 4820
2990 2020 5430 4830
3000 2020 5420 4830
3000 2020 5420 4810
3010 2010 5420 4810
3010 2010 5420 4820
2990 2020 5420 4820
2990 2020 5430 4820
2990 2010 5430 4830
2990 2010 5430 4830
2990 2010 5430 4820
2990 2010 5430 4830
2980 2010 5430 4830
2980 2020 5430 4830
2990 2020 5430 4830
2990 2020 5440 4840
2990 2020 5440 4830
2990 2020 5440 4820
2990 2020 5440 4830
2990 2030 5440 4830
2990 2020 5440 4830
2990 2020 5440 4830
2990 2020 5430 4830
2990 2020 5440 4820
2990 2020 5440 4830
2990 2020 5440 4840
2990 2020 5440 4830
2990 2020 5430 4830
3000 2020 5430 4830
3000 2010 5430 4820
3000 2010 5430 4810
2980 2000 5430 4820
2980 1990 5430 4830
2980 2000 5430 4830
2980 2010 5430 4840
2980 2010 5430 4840
2970 2010 5430 4830
2990 2010 5430 4830
2990 2010 5430 4820
2990 2010 5430 4830
3000 2000 5430 4830
3000 2020 5430 4830
3000 2020 5430 4830
2990 2020 5430 4810
2980 2020 5430 4810
2980 2020 5430 4820
2990 2010 5430 4820
3000 2010 5430 4830
3000 2010 5430 4820
2980 2010 5430 4840
2980 2020 5430 4830
2960 2010 5440 4830
2970 2000 5440 4840
2980 2010 5440 4830
2970 2010 5440 4830
2980 2010 5440 4820
2990 2010 5440 4830
3000 2010 5440 4830
2990 2000 5440 4820
3000 2020 5430 4830
3000 2020 5430 4830
3000 2020 5430 4830
2990 2010 5430 4840
3000 2020 5430 4830
3000 2020 5430 4830
