3490 1490 5780 4660
3490 1490 5780 4660
3470 1490 5780 4650
3460 1500 5780 4650
3460 1500 5780 4660
3470 1500 5780 4660
3480 1510 5780 4660
3480 1510 5780 4660
3480 1510 5780 4670
3470 1510 5780 4670
3480 1500 5790 4660
3480 1490 5770 4660
3480 1500 5770 4660
3480 1500 5780 4660
3480 1490 5780 4650
3470 1490 5780 4650
3470 1500 5780 4660
3470 1500 5780 4650
3480 1470 5790 4640
3470 1490 5790 4650
3480 1500 5790 4660
3480 1500 5790 4680
3490 1490 5790 4670
3480 1490 5790 4670
3470 1490 5780 4660
3480 1470 5780 4650
3480 1470 5780 4640
3480 1460 5780 4640
3480 1460 5780 4640
3480 1470 5780 4640
3480 1490 5770 4650
3490 1490 5780 4650
3490 1500 5790 4640
3480 1500 5790 4640
3470 1510 5790 4650
3470 1490 5790 4650
3470 1510 5790 4640
3460 1510 5790 4640
3460 1500 5800 4640
3470 1490 5790 4640
3460 1490 5790 4650
3480 1500 5790 4650
3470 1500 5790 4660
3470 1470 5780 4660
3470 1460 5780 4670
3470 1460 5780 4670
3470 1490 5780 4660
3480 1500 5780 4650
3480 1490 5780 4660
3490 1490 5780 4650
3480 1510 5780 4640
3470 1510 5780 4640
3470 1500 5780 4640
3480 1510 5780 4640
3480 1510 5780 4640
3490 1510 5780 4640
3490 1500 5780 4650
3500 1490 5780 4650
3490 1490 5780 4650
3490 1500 5780 4650
3480 1500 5780 4640
3480 1470 5780 4640
3470 1460 5790 4640
3480 1460 5790 4640
3480 1470 5790 4650
3480 1470 5790 4650
3470 1470 5790 4650
3470 1460 5780 4650
3470 1460 5780 4670
3480 1490 5780 4660
3470 1490 5780 4650
3470 1470 5780 4650
3470 1470 5780 4660
3460 1470 5780 4660
3460 1460 5780 4650
3470 1460 5780 4640
3480 1470 5770 4660
3480 1470 5780 4660
3480 1470 5780 4660
3480 1470 5780 4660
3490 1490 5790 4660
3500 1510 5790 4660
3500 1470 5790 4660
3480 1470 5790 4660
3480 1490 5790 4650
3480 1470 5790 4650
3480 1470 5790 4650
3480 1470 5780 4640
3470 1470 5780 4650
3480 1470 5780 4650
3470 1470 5780 4650
3470 1470 5780 4650
3480 1470 5780 4650
3480 1460 5780 4650
3480 1460 5780 4650
3480 1460 5780 4650
3460 1470 5780 4650
3480 1470 5770 4660
3470 1470 5770 4660
3480 1470 5770 4660
3480 1470 5770 4650
3480 1470 5770 4640
3470 1490 5770 4650
3460 1500 5760 4650
3460 1490 5750 4650
3470 1470 5750 4650
3470 1470 5770 4660
3470 1490 5780 4660
3470 1490 5790 4660
3490 1490 5790 4650
3490 1470 5780 4660
3490 1490 5780 4660
3470 1470 5790 4660
3490 1470 5790 4650
3480 1490 5790 4650
3490 1490 5790 4660
3490 1490 5790 4660
3490 1490 5790 4660
3500 1470 5790 4670
3500 1470 5780 4670
3490 1470 5780 4670
3480 1470 5780 4660
3470 1460 5780 4660
3470 1460 5780 4650
3470 1460 5780 4660
3480 1460 5780 4650
3480 1460 5780 4650
3490 1470 5780 4660
3490 1460 5780 4660
3490 1490 5780 4650
3500 1470 5780 4650
3490 1470 5780 4640
3470 1470 5780 4650
3470 1460 5780 4650
3480 1460 5780 4650
3480 1460 5780 4650
3480 1450 5780 4650
3490 1470 5790 4650
3500 1470 5790 4650
3490 1460 5780 4640
3490 1460 5790 4640
3490 1470 5790 4640
3490 1490 5790 4640
3490 1490 5800 4650
3480 1460 5800 4650
3480 1470 5800 4650
3470 1500 5790 4660
3470 1500 5790 4660
3470 1500 5780 4660
3470 1500 5780 4660
3460 1510 5780 4660
3480 1510 5780 4650
3500 1510 5780 4660
3490 1510 5780 4660
3480 1510 5780 4650
3470 1490 5780 4650
3490 1520 5780 4660
3490 1510 5780 4650
3500 1510 5780 4650
3490 1510 5790 4660
3490 1520 5790 4660
3490 1520 5790 4660
3480 1500 5790 4670
3480 1470 5800 4660
3470 1470 5790 4660
3460 1470 5780 4660
3480 1470 5780 4650
3470 1490 5780 4650
3470 1490 5780 4660
3470 1490 5780 4660
3470 1490 5780 4650
3470 1490 5780 4650
3470 1500 5780 4650
3450 1510 5780 4650
3450 1520 5790 4660
3460 1500 5790 4650
3470 1500 5790 4650
3460 1500 5790 4650
3480 1520 5790 4650
3470 1530 5790 4650
3470 1520 5790 4660
3470 1510 5780 4660
3470 1510 5780 4660
3480 1500 5780 4660
3490 1500 5790 4660
3490 1500 5790 4660
3480 1500 5790 4660
