3580 1730 5340 4240
3580 1740 5340 4250
3580 1740 5330 4250
3580 1740 5330 4250
3580 1740 5320 4260
3580 1730 5320 4260
3590 1730 5330 4230
3590 1730 5330 4250
3580 1730 5330 4240
3580 1740 5330 4230
3580 1730 5330 4250
3580 1730 5330 4250
3580 1730 5330 4240
3580 1730 5330 4250
3570 1730 5320 4260
3550 1730 5320 4240
3570 1720 5330 4220
3570 1720 5340 4230
3570 1720 5340 4220
3560 1730 5340 4220
3580 1730 5340 4220
3590 1730 5340 4220
3590 1740 5340 4210
3580 1740 5340 4220
3590 1750 5350 4220
3580 1740 5340 4240
3580 1730 5340 4240
3580 1730 5340 4230
3590 1730 5340 4240
3590 1730 5340 4230
3580 1740 5350 4240
3580 1740 5350 4250
3580 1730 5350 4240
3590 1730 5350 4230
3590 1730 5340 4230
3590 1740 5340 4230
3580 1730 5340 4240
3580 1720 5340 4250
3580 1730 5340 4250
3580 1730 5340 4240
3580 1730 5340 4230
3570 1730 5340 4230
3570 1730 5340 4230
3570 1740 5340 4220
3570 1750 5340 4220
3570 1750 5340 4210
3570 1740 5340 4230
3570 1740 5340 4240
3570 1730 5360 4220
3570 1720 5350 4220
3570 1720 5350 4230
3570 1720 5340 4220
3580 1720 5340 4220
3570 1730 5340 4230
3580 1720 5350 4240
3580 1730 5350 4230
3580 1730 5330 4220
3580 1730 5330 4210
3580 1730 5320 4200
3580 1730 5330 4200
3580 1730 5330 4200
3580 1730 5330 4200
3580 1730 5330 4210
3580 1730 5330 4210
3580 1740 5340 4230
3580 1740 5340 4230
3570 1740 5340 4220
3580 1730 5340 4210
3580 1730 5340 4230
3580 1740 5340 4230
3580 1730 5340 4250
3580 1730 5330 4230
3580 1720 5330 4230
3570 1730 5330 4250
3570 1720 5330 4230
3570 1720 5330 4220
3560 1720 5330 4240
3570 1720 5330 4230
3570 1720 5330 4230
3570 1730 5330 4230
3580 1740 5330 4230
3580 1730 5330 4240
3580 1720 5340 4250
3590 1730 5330 4240
3580 1730 5330 4240
3580 1730 5320 4240
3580 1730 5320 4240
3580 1740 5320 4220
3580 1730 5320 4230
3580 1730 5320 4230
3580 1730 5320 4240
3580 1730 5330 4230
3580 1720 5330 4230
3580 1720 5340 4230
3580 1730 5340 4230
3570 1730 5340 4220
3570 1730 5340 4220
3570 1730 5340 4240
3570 1740 5340 4240
3570 1740 5340 4240
3570 1740 5340 4230
3570 1740 5340 4240
3570 1730 5340 4230
3580 1730 5340 4230
3580 1730 5340 4240
3580 1730 5340 4230
3590 1730 5340 4240
3590 1730 5340 4220
3580 1730 5330 4220
3580 1730 5330 4210
3580 1730 5330 4210
3570 1730 5340 4220
3570 1730 5350 4220
3580 1730 5340 4200
3590 1730 5340 4190
3580 1740 5330 4190
3580 1740 5330 4190
3590 1740 5330 4210
3590 1740 5330 4230
3590 1730 5330 4230
3590 1730 5340 4240
3580 1720 5330 4240
3580 1720 5330 4230
3570 1720 5330 4220
3580 1720 5340 4240
3580 1720 5340 4240
3570 1730 5350 4220
3570 1730 5350 4240
3570 1730 5340 4230
3570 1740 5340 4240
3570 1740 5340 4240
3580 1740 5340 4230
3580 1740 5340 4250
3580 1740 5330 4260
3570 1750 5340 4260
3570 1750 5340 4250
3570 1750 5330 4240
3570 1750 5330 4230
3570 1740 5330 4240
3570 1740 5340 4230
3570 1740 5340 4210
3570 1740 5340 4210
3570 1740 5350 4210
3570 1740 5350 4210
3570 1740 5350 4220
3570 1730 5340 4230
3570 1730 5330 4240
3580 1730 5320 4230
3580 1730 5330 4240
3580 1740 5340 4240
3580 1740 5340 4230
3580 1730 5340 4230
3580 1730 5340 4240
3580 1730 5340 4230
3580 1730 5340 4240
3570 1730 5340 4250
3580 1740 5340 4260
3580 1740 5340 4240
3580 1740 5340 4240
3580 1740 5340 4250
3570 1740 5340 4240
3570 1740 5340 4240
3570 1740 5340 4230
3570 1740 5340 4240
3580 1730 5340 4250
3580 1730 5340 4250
3570 1730 5340 4250
3570 1730 5340 4230
3580 1730 5340 4240
3580 1740 5330 4220
3570 1740 5340 4230
3570 1730 5330 4240
3570 1730 5340 4230
3570 1730 5340 4220
3580 1740 5330 4230
3580 1740 5330 4230
3580 1740 5340 4230
3580 1740 5340 4230
3580 1740 5330 4240
3590 1730 5330 4230
3590 1730 5330 4220
3590 1730 5330 4230
3580 1730 5330 4220
3580 1730 5320 4240
3590 1740 5320 4230
3580 1750 5320 4240
3580 1740 5330 4240
3580 1740 5330 4250
3580 1750 5330 4230
3590 1730 5330 4210
3590 1730 5330 4220
3580 1740 5330 4240
3580 1740 5330 4250
3570 1740 5330 4240
3570 1740 5340 4250
3570 1740 5340 4240
3570 1730 5340 4240
3570 1730 5340 4240
3570 1730 5340 4230
3570 1730 5340 4220
