3770 2070 4920 3690
3770 2070 4920 3700
3770 2080 4930 3700
3770 2080 4940 3700
3760 2070 4950 3690
3750 2070 4940 3690
3750 2070 4940 3690
3750 2080 4940 3690
3760 2070 4940 3690
3770 2050 4940 3690
3770 2050 4940 3690
3760 2050 4940 3690
3760 2060 4950 3690
3760 2060 4960 3690
3760 2060 4960 3690
3750 2060 4950 3700
3750 2060 4950 3700
3750 2070 4950 3700
3760 2070 4950 3700
3770 2070 4950 3700
3780 2070 4950 3700
3790 2070 4940 3700
3770 2070 4930 3700
3770 2070 4930 3700
3770 2060 4930 3700
3750 2070 4930 3710
3760 2070 4930 3710
3750 2070 4940 3710
3750 2070 4930 3710
3750 2070 4940 3710
3750 2070 4940 3710
3750 2070 4940 3700
3750 2070 4950 3700
3750 2070 4950 3700
3750 2080 4950 3690
3760 2080 4950 3680
3750 2070 4950 3690
3760 2070 4940 3700
3760 2070 4930 3690
3770 2070 4930 3700
3770 2070 4930 3690
3770 2070 4930 3690
3760 2070 4930 3700
3760 2060 4920 3700
3770 2050 4930 3700
3760 2050 4940 3700
3770 2050 4940 3700
3770 2060 4940 3700
3760 2060 4940 3700
3770 2070 4950 3700
3770 2070 4950 3700
3760 2070 4940 3700
3760 2060 4940 3700
3760 2070 4940 3700
3760 2070 4950 3690
3760 2070 4940 3690
3760 2070 4940 3690
3750 2070 4940 3690
3760 2070 4950 3690
3760 2070 4940 3690
3760 2070 4940 3690
3750 2070 4940 3690
3750 2070 4950 3690
3760 2070 4940 3690
3760 2070 4940 3690
3760 2070 4940 3690
3760 2070 4930 3690
3760 2070 4930 3690
3760 2070 4930 3690
3760 2070 4920 3690
3760 2070 4920 3680
3760 2070 4920 3680
3760 2070 4920 3680
3760 2070 4930 3680
3750 2070 4940 3680
3750 2070 4940 3680
3750 2070 4940 3680
3760 2070 4940 3680
3760 2070 4940 3680
3760 2070 4940 3680
3780 2070 4940 3680
3770 2070 4940 3690
3770 2070 4940 3690
3770 2070 4940 3700
3770 2070 4940 3690
3760 2070 4950 3690
3760 2070 4940 3690
3760 2070 4940 3690
3760 2070 4930 3690
3770 2070 4920 3680
3770 2080 4930 3690
3770 2080 4920 3690
3770 2070 4930 3690
3770 2070 4930 3690
3780 2070 4920 3700
3770 2070 4920 3700
3780 2070 4930 3700
3780 2070 4940 3700
3770 2070 4940 3700
3770 2070 4950 3700
3770 2080 4940 3690
3770 2070 4950 3690
3770 2070 4950 3690
3770 2070 4950 3690
3770 2070 4940 3700
3770 2070 4940 3690
3770 2070 4950 3690
3770 2070 4950 3690
3770 2070 4950 3690
3770 2070 4950 3680
3770 2070 4940 3680
3770 2070 4950 3680
3770 2070 4950 3680
3770 2070 4950 3680
3770 2070 4950 3690
3770 2070 4960 3690
3780 2070 4960 3690
3760 2070 4950 3690
3760 2070 4930 3690
3770 2070 4940 3690
3770 2060 4940 3690
3770 2060 4950 3690
3770 2060 4940 3690
3760 2050 4930 3690
3760 2050 4930 3690
3760 2050 4940 3690
3760 2050 4940 3690
3750 2050 4940 3690
3760 2050 4940 3690
3760 2060 4940 3690
3770 2060 4950 3690
3770 2070 4950 3690
3760 2070 4950 3690
3770 2070 4950 3690
3770 2070 4950 3690
3770 2070 4950 3700
3770 2060 4940 3700
3770 2060 4940 3700
3760 2060 4940 3700
3750 2070 4950 3690
3750 2070 4950 3690
3750 2070 4950 3690
3750 2070 4950 3690
3760 2070 4940 3700
3770 2070 4940 3700
3760 2070 4950 3700
3770 2070 4950 3700
3770 2080 4940 3700
3770 2080 4940 3700
3770 2070 4940 3700
3770 2070 4940 3700
3770 2070 4940 3700
3770 2070 4930 3700
3760 2070 4930 3690
3760 2070 4930 3700
3760 2070 4930 3710
3760 2070 4940 3710
3760 2060 4950 3710
3770 2060 4950 3700
3770 2060 4950 3700
3760 2060 4950 3690
3760 2070 4950 3690
3760 2070 4960 3690
3770 2070 4960 3690
3760 2070 4950 3690
3760 2070 4950 3690
3760 2070 4950 3690
3760 2070 4960 3690
3770 2070 4970 3690
3770 2070 4960 3690
3770 2080 4960 3700
3770 2080 4960 3710
3760 2070 4950 3710
3770 2070 4950 3710
3770 2070 4950 3710
3770 2070 4950 3710
3770 2070 4940 3720
3770 2070 4940 3720
3770 2070 4940 3710
3770 2060 4940 3710
3770 2060 4940 3710
3760 2060 4930 3710
3780 2070 4920 3700
3770 2070 4930 3690
3760 2070 4940 3700
3750 2070 4950 3710
3750 2060 4940 3710
3770 2050 4940 3710
3770 2060 4940 3720
3770 2060 4940 3720
3770 2060 4940 3710
3770 2060 4950 3700
3780 2070 4950 3700
3770 2070 4940 3700
3770 2070 4940 3700
3780 2070 4950 3700
