4000 2480 4570 3270
3990 2480 4570 3280
3960 2480 4570 3280
3980 2480 4570 3280
3980 2480 4570 3280
3960 2480 4580 3280
3990 2480 4580 3280
4000 2480 4600 3270
3990 2480 4600 3270
3980 2480 4580 3280
3960 2480 4580 3280
3960 2480 4580 3270
3980 2480 4580 3270
3980 2470 4580 3270
3950 2470 4580 3270
3980 2470 4600 3280
3990 2470 4600 3280
4000 2480 4600 3270
3990 2480 4600 3270
3960 2480 4600 3270
3980 2470 4600 3280
3960 2470 4600 3280
3980 2470 4580 3270
3960 2470 4580 3280
3960 2470 4570 3280
3980 2470 4570 3280
3980 2470 4580 3270
3980 2470 4580 3270
3960 2470 4580 3280
3980 2470 4580 3280
3960 2470 4600 3290
3980 2480 4600 3290
3980 2490 4600 3290
3960 2500 4580 3280
3960 2470 4580 3280
3960 2480 4600 3280
3980 2480 4600 3280
3980 2490 4580 3280
3980 2490 4580 3280
3980 2480 4580 3280
3990 2480 4580 3280
3980 2480 4600 3280
3980 2480 4600 3290
3980 2480 4600 3290
3980 2470 4580 3290
3990 2480 4600 3280
3990 2480 4580 3280
3980 2480 4580 3270
3980 2490 4600 3270
3960 2490 4600 3260
3960 2490 4600 3270
3960 2490 4600 3280
3980 2490 4600 3270
3980 2500 4600 3260
3980 2490 4600 3280
3980 2490 4580 3280
3980 2490 4600 3270
3960 2490 4600 3270
3960 2500 4600 3270
3980 2510 4600 3270
3980 2500 4580 3280
3980 2510 4580 3280
3980 2510 4580 3270
3980 2510 4580 3270
3960 2510 4580 3270
3960 2510 4580 3270
3980 2490 4580 3270
3980 2480 4580 3270
3980 2480 4580 3280
3980 2480 4600 3270
3960 2480 4600 3280
3960 2480 4600 3270
3960 2480 4600 3270
3960 2490 4600 3280
3980 2490 4580 3290
3980 2490 4580 3280
3980 2490 4570 3280
3980 2490 4570 3280
3980 2480 4570 3280
3980 2480 4570 3280
3980 2490 4570 3290
3980 2490 4570 3290
3980 2490 4580 3290
3990 2480 4580 3290
3980 2480 4600 3280
3980 2470 4580 3260
3980 2480 4600 3270
3960 2480 4600 3260
3960 2470 4600 3280
3950 2480 4600 3280
3950 2490 4600 3280
3950 2500 4600 3270
3960 2500 4600 3280
3960 2500 4600 3280
3990 2500 4600 3250
3990 2510 4580 3250
4000 2510 4580 3250
3990 2490 4580 3260
3980 2490 4600 3260
3980 2490 4580 3260
3960 2490 4580 3260
3960 2490 4600 3260
3980 2490 4600 3280
3980 2490 4580 3280
3990 2490 4580 3270
3980 2500 4580 3270
3990 2500 4600 3270
3980 2500 4600 3270
3980 2500 4580 3290
3980 2500 4600 3280
3990 2500 4600 3260
3980 2500 4600 3270
3990 2520 4600 3270
4000 2510 4580 3280
4000 2510 4580 3290
3990 2510 4580 3290
3980 2510 4580 3290
3960 2510 4600 3290
3980 2510 4580 3290
3960 2510 4600 3290
3960 2510 4600 3290
3980 2510 4580 3280
3990 2510 4600 3280
3980 2510 4580 3280
3960 2500 4580 3280
3940 2490 4600 3280
3960 2480 4600 3270
3980 2490 4580 3280
3980 2490 4600 3290
3980 2490 4600 3290
3980 2490 4600 3270
3980 2480 4580 3260
3980 2490 4580 3260
3980 2500 4600 3260
3960 2500 4600 3260
3950 2480 4600 3280
3950 2470 4600 3280
3960 2480 4600 3270
3980 2480 4600 3270
3980 2480 4600 3280
3980 2480 4600 3280
3990 2470 4600 3280
3980 2480 4600 3280
3980 2480 4600 3280
3980 2480 4600 3280
3960 2480 4580 3280
3980 2480 4600 3280
3980 2490 4600 3280
3980 2490 4600 3280
3980 2490 4600 3280
3980 2490 4600 3290
3980 2490 4600 3280
3990 2490 4600 3280
3980 2490 4600 3280
3960 2490 4600 3270
3940 2490 4600 3270
3950 2490 4580 3280
3980 2490 4580 3280
3960 2480 4580 3290
3950 2480 4580 3290
3940 2480 4600 3300
3940 2480 4600 3280
3960 2490 4580 3280
3950 2490 4580 3280
3950 2490 4600 3290
3980 2470 4610 3280
3980 2470 4610 3290
3960 2480 4600 3290
3960 2470 4600 3290
3960 2470 4600 3290
3960 2480 4600 3280
3980 2480 4600 3280
3980 2480 4610 3280
3960 2480 4610 3280
3980 2480 4610 3280
4000 2490 4610 3280
3980 2490 4610 3260
3950 2500 4610 3270
3940 2510 4600 3280
3940 2510 4600 3290
3950 2510 4600 3290
3960 2510 4600 3280
3960 2510 4610 3280
3960 2510 4610 3290
3950 2510 4610 3290
3940 2530 4610 3280
3940 2520 4610 3280
3950 2510 4600 3280
3940 2510 4610 3280
