2650 4700 2770 4620
2640 4700 2800 4630
2650 4700 2790 4630
2660 4710 2780 4630
2650 4700 2770 4620
2640 4700 2770 4610
2640 4700 2770 4610
2640 4710 2770 4610
2640 4710 2770 4610
2640 4710 2770 4620
2630 4720 2770 4610
2630 4710 2780 4610
2630 4710 2780 4610
2620 4710 2780 4610
2620 4710 2770 4620
2620 4710 2770 4620
2620 4710 2770 4620
2620 4710 2770 4610
2620 4700 2770 4610
2620 4700 2770 4610
2630 4700 2770 4620
2630 4700 2770 4620
2620 4700 2770 4610
2620 4700 2780 4610
2630 4700 2780 4600
2630 4700 2780 4610
2620 4700 2780 4610
2610 4710 2780 4610
2620 4700 2780 4620
2620 4700 2780 4610
2620 4700 2780 4600
2630 4700 2780 4610
2630 4710 2780 4600
2630 4710 2780 4600
2630 4710 2780 4600
2620 4710 2780 4600
2630 4700 2780 4600
2620 4710 2770 4610
2620 4700 2770 4620
2630 4700 2770 4620
2630 4710 2770 4620
2630 4710 2770 4610
2630 4710 2770 4620
2630 4710 2760 4610
2630 4710 2760 4610
2630 4710 2760 4610
2630 4710 2760 4610
2630 4710 2760 4610
2620 4710 2770 4610
2620 4710 2770 4620
2620 4710 2760 4620
2610 4720 2760 4620
2610 4710 2760 4620
2610 4710 2760 4620
2610 4710 2760 4610
2620 4710 2760 4620
2620 4710 2760 4610
2630 4710 2760 4620
2640 4710 2770 4620
2640 4710 2780 4610
2630 4710 2780 4620
2620 4710 2780 4620
2630 4710 2780 4620
2630 4710 2770 4610
2630 4710 2770 4610
2620 4710 2780 4620
2620 4710 2780 4610
2620 4710 2770 4610
2620 4700 2770 4620
2620 4700 2780 4610
2610 4700 2780 4610
2600 4710 2780 4610
2610 4710 2770 4610
2610 4710 2770 4600
2620 4710 2770 4600
2630 4710 2780 4600
2630 4710 2780 4600
2620 4710 2780 4610
2620 4710 2770 4610
2600 4700 2770 4610
2600 4690 2770 4610
2600 4700 2780 4620
2600 4690 2780 4620
2620 4690 2780 4620
2620 4700 2770 4620
2620 4700 2770 4620
2610 4700 2770 4620
2620 4700 2770 4630
2610 4700 2770 4630
2620 4700 2770 4630
2620 4700 2770 4620
2610 4700 2770 4610
2610 4700 2770 4600
2620 4700 2770 4600
2620 4700 2770 4610
2620 4700 2780 4610
2620 4700 2780 4610
2620 4700 2760 4600
2610 4710 2760 4610
2610 4710 2770 4610
2620 4710 2770 4610
2620 4710 2780 4610
2620 4710 2780 4610
2620 4710 2780 4610
2620 4710 2770 4610
2620 4710 2770 4610
2620 4700 2770 4610
2620 4710 2780 4610
2620 4700 2770 4610
2620 4700 2770 4610
2620 4700 2770 4610
2620 4700 2770 4610
2620 4700 2770 4610
2630 4710 2770 4610
2630 4710 2770 4610
2640 4710 2770 4610
2640 4720 2770 4610
2640 4720 2780 4610
2630 4720 2780 4610
2630 4710 2780 4600
2630 4700 2780 4600
2630 4700 2770 4600
2630 4690 2770 4610
2630 4690 2770 4610
2630 4690 2770 4600
2620 4700 2770 4600
2620 4700 2770 4620
2620 4700 2770 4610
2620 4700 2770 4600
2620 4700 2770 4600
2620 4700 2770 4600
2620 4700 2770 4610
2620 4700 2770 4610
2620 4710 2770 4610
2610 4710 2770 4610
2620 4710 2770 4610
2620 4710 2770 4620
2620 4710 2770 4620
2620 4700 2770 4620
2620 4700 2770 4610
2620 4700 2770 4610
2620 4690 2760 4610
2620 4700 2760 4610
2620 4700 2770 4610
2630 4710 2770 4620
2630 4710 2770 4620
2630 4710 2760 4620
2640 4700 2760 4620
2640 4700 2770 4620
2640 4700 2780 4610
2630 4690 2780 4620
2630 4690 2780 4610
2630 4690 2780 4610
2630 4690 2780 4610
2630 4690 2780 4610
2630 4690 2780 4620
2630 4700 2780 4610
2630 4700 2780 4610
2630 4700 2780 4610
2620 4690 2780 4610
2620 4690 2780 4610
2620 4700 2780 4610
2620 4700 2780 4610
2620 4710 2780 4610
2620 4710 2780 4600
2620 4700 2770 4600
2620 4700 2770 4610
2620 4710 2770 4610
2620 4700 2770 4610
2620 4700 2780 4610
2630 4700 2780 4620
2630 4700 2780 4620
2620 4700 2770 4620
2620 4700 2770 4620
2620 4700 2770 4610
2620 4700 2770 4610
2620 4700 2770 4610
2620 4700 2770 4600
2620 4700 2760 4610
2620 4690 2760 4600
2620 4710 2760 4600
2620 4720 2760 4600
2620 4710 2760 4600
2620 4710 2770 4600
2620 4710 2770 4600
2610 4710 2770 4600
2600 4710 2770 4600
2610 4710 2770 4600
2620 4690 2780 4610
2620 4700 2780 4620
2610 4700 2780 4610
