4250 2890 4290 2780
4240 2890 4270 2780
4240 2890 4270 2780
4240 2870 4270 2780
4250 2860 4270 2780
4240 2860 4270 2770
4240 2860 4270 2770
4230 2850 4270 2770
4230 2850 4270 2770
4230 2860 4270 2770
4240 2860 4270 2760
4240 2850 4290 2760
4230 2870 4290 2760
4230 2870 4290 2760
4240 2880 4290 2760
4240 2880 4290 2760
4230 2880 4290 2770
4230 2880 4290 2770
4230 2880 4290 2760
4230 2890 4300 2760
4230 2880 4290 2760
4250 2880 4290 2770
4240 2880 4290 2760
4230 2880 4300 2770
4230 2880 4300 2770
4230 2880 4290 2770
4240 2880 4290 2770
4230 2880 4290 2760
4250 2870 4290 2760
4260 2870 4290 2760
4250 2860 4290 2770
4230 2870 4270 2760
4230 2880 4270 2780
4240 2880 4270 2760
4240 2880 4270 2750
4240 2890 4270 2760
4230 2890 4290 2760
4250 2880 4300 2770
4250 2880 4290 2760
4260 2860 4290 2760
4250 2870 4290 2760
4250 2870 4290 2770
4240 2860 4290 2770
4240 2860 4290 2760
4240 2870 4290 2760
4240 2880 4290 2770
4250 2880 4290 2780
4250 2880 4290 2780
4250 2880 4290 2780
4240 2870 4270 2780
4230 2870 4270 2770
4230 2860 4270 2770
4230 2860 4270 2780
4230 2860 4270 2780
4230 2850 4270 2770
4240 2850 4270 2750
4240 2860 4270 2740
4250 2860 4270 2740
4250 2870 4260 2720
4250 2860 4260 2740
4250 2870 4260 2720
4240 2870 4270 2740
4240 2870 4270 2750
4240 2860 4290 2760
4240 2870 4290 2760
4240 2880 4290 2770
4240 2890 4270 2770
4250 2890 4270 2770
4250 2890 4270 2770
4240 2890 4270 2760
4250 2890 4290 2770
4240 2890 4270 2770
4240 2890 4270 2770
4240 2880 4290 2770
4240 2860 4300 2770
4240 2860 4300 2770
4240 2850 4290 2770
4250 2840 4290 2780
4250 2850 4290 2770
4250 2860 4290 2760
4240 2870 4270 2760
4240 2860 4270 2760
4230 2860 4290 2750
4240 2860 4290 2760
4240 2870 4290 2760
4240 2880 4290 2760
4230 2860 4290 2760
4230 2860 4290 2770
4230 2860 4270 2770
4230 2860 4270 2750
4240 2880 4270 2760
4230 2870 4290 2750
4250 2880 4290 2750
4240 2880 4290 2770
4240 2880 4290 2770
4230 2880 4290 2770
4230 2870 4290 2770
4230 2870 4290 2770
4230 2880 4290 2770
4230 2880 4290 2770
4250 2870 4290 2770
4240 2860 4270 2780
4230 2870 4290 2770
4230 2870 4290 2770
4230 2870 4290 2770
4250 2850 4290 2770
4240 2860 4290 2770
4250 2860 4290 2760
4240 2860 4290 2770
4230 2860 4290 2770
4230 2870 4290 2770
4240 2870 4290 2780
4230 2870 4270 2780
4230 2870 4290 2780
4240 2870 4290 2780
4250 2870 4290 2780
4240 2880 4290 2780
4240 2890 4290 2770
4240 2890 4290 2770
4250 2880 4290 2780
4250 2870 4290 2770
4240 2880 4290 2770
4230 2890 4300 2760
4230 2890 4290 2770
4220 2890 4300 2770
4230 2860 4290 2770
4230 2850 4290 2770
4230 2860 4290 2770
4230 2870 4290 2770
4230 2870 4290 2760
4250 2870 4290 2760
4250 2870 4290 2760
4250 2880 4290 2760
4240 2890 4270 2760
4240 2880 4290 2760
4240 2880 4270 2770
4240 2880 4270 2770
4240 2880 4270 2760
4240 2880 4270 2760
4240 2890 4270 2760
4240 2890 4290 2760
4240 2890 4290 2770
4240 2890 4270 2760
4240 2890 4270 2760
4240 2880 4270 2770
4240 2880 4270 2760
4240 2870 4270 2760
4230 2860 4290 2780
4230 2870 4290 2780
4230 2880 4290 2780
4230 2880 4290 2780
4230 2880 4290 2780
4240 2880 4290 2780
4230 2870 4300 2780
4230 2870 4300 2780
4230 2870 4310 2770
4230 2870 4300 2770
4230 2870 4290 2760
4230 2870 4290 2770
4230 2870 4290 2770
4230 2870 4290 2780
4240 2860 4290 2760
4260 2860 4290 2740
4250 2870 4290 2750
4250 2870 4290 2750
4240 2870 4290 2750
4240 2880 4290 2760
4250 2870 4290 2770
4240 2860 4290 2770
4240 2860 4290 2770
4240 2880 4290 2770
4240 2880 4290 2770
4230 2870 4290 2750
4240 2890 4300 2750
4240 2890 4300 2750
