4550 3300 4020 2390
4550 3290 4020 2390
4540 3280 4040 2400
4550 3280 4030 2400
4550 3280 4030 2420
4560 3280 4030 2390
4550 3280 4030 2390
4550 3280 4030 2390
4550 3280 4030 2390
4550 3280 4040 2390
4540 3280 4040 2390
4550 3280 4030 2390
4550 3280 4020 2400
4550 3280 4020 2400
4550 3280 4020 2400
4550 3280 4020 2400
4550 3290 4020 2400
4550 3280 4010 2400
4550 3280 4010 2430
4550 3280 4010 2430
4540 3280 4020 2400
4540 3290 4020 2380
4540 3290 4030 2380
4540 3290 4020 2390
4540 3290 4020 2380
4560 3290 4030 2380
4560 3290 4020 2400
4560 3290 4020 2390
4560 3290 4020 2390
4560 3290 4030 2390
4560 3280 4040 2390
4550 3280 4030 2400
4560 3280 4030 2390
4550 3290 4030 2390
4550 3290 4030 2380
4550 3300 4020 2390
4550 3300 4030 2380
4550 3290 4030 2380
4550 3300 4030 2380
4550 3290 4030 2380
4550 3290 4040 2380
4550 3290 4030 2380
4550 3290 4030 2390
4540 3290 4030 2400
4550 3290 4030 2390
4550 3290 4030 2390
4550 3290 4030 2400
4550 3290 4030 2400
4550 3290 4020 2420
4550 3290 4020 2400
4550 3290 4020 2400
4560 3290 4020 2400
4570 3290 4020 2420
4550 3300 4020 2400
4550 3290 4030 2400
4550 3290 4020 2420
4560 3290 4020 2400
4550 3290 4020 2400
4550 3280 4020 2400
4560 3280 4010 2390
4560 3290 4020 2390
4570 3290 4010 2380
4570 3280 4020 2380
4560 3290 4020 2390
4560 3290 4020 2390
4560 3290 4030 2390
4550 3300 4020 2400
4550 3300 4020 2400
4550 3300 4030 2400
4550 3300 4020 2390
4550 3300 4020 2390
4540 3290 4030 2380
4540 3290 4030 2380
4540 3300 4030 2380
4550 3300 4030 2380
4550 3290 4030 2390
4560 3300 4030 2390
4550 3290 4030 2390
4550 3290 4030 2390
4540 3290 4030 2400
4550 3290 4040 2400
4550 3290 4020 2390
4550 3280 4020 2400
4550 3290 4010 2420
4550 3300 4010 2420
4550 3300 4010 2400
4550 3300 4010 2400
4550 3300 4010 2420
4550 3300 4010 2400
4550 3300 4010 2390
4550 3290 4010 2390
4550 3290 4020 2390
4560 3290 4020 2380
4570 3280 4020 2390
4570 3280 4020 2390
4560 3290 4010 2370
4560 3300 4010 2370
4550 3290 4010 2380
4560 3300 4010 2380
4560 3300 4010 2380
4560 3300 4010 2390
4560 3300 4010 2390
4550 3300 4020 2380
4550 3300 4010 2390
4550 3300 4010 2400
4550 3270 4020 2380
4550 3280 4020 2390
4550 3280 4020 2390
4560 3280 4020 2390
4560 3280 4030 2380
4550 3280 4030 2380
4550 3280 4030 2390
4560 3290 4040 2390
4550 3290 4030 2390
4550 3290 4030 2390
4550 3290 4030 2390
4550 3290 4030 2400
4550 3290 4030 2400
4550 3290 4030 2400
4550 3300 4020 2400
4540 3290 4030 2390
4550 3280 4030 2390
4550 3290 4030 2390
4550 3290 4030 2390
4550 3290 4020 2380
4550 3290 4010 2420
4540 3290 4020 2430
4530 3290 4020 2440
4530 3290 4020 2440
4540 3290 4020 2440
4550 3290 4020 2440
4550 3280 4020 2400
4550 3290 4020 2400
4550 3280 4020 2380
4550 3280 4020 2400
4550 3290 4020 2390
4550 3290 4020 2390
4550 3290 4020 2390
4560 3300 4020 2390
4550 3280 4010 2390
4550 3290 4020 2400
4550 3300 4020 2390
4550 3290 4020 2390
4550 3290 4020 2390
4550 3290 4020 2400
4550 3290 4020 2400
4550 3290 4010 2390
4550 3300 4010 2400
4550 3300 4010 2400
4550 3290 4020 2400
4550 3290 4020 2400
4550 3300 4030 2400
4550 3290 4020 2430
4550 3300 4020 2430
4540 3290 4010 2440
4540 3290 4010 2430
4550 3290 4010 2420
4550 3290 4010 2420
4550 3290 4010 2420
4550 3290 4000 2420
4550 3300 4000 2420
4550 3290 4000 2420
4550 3290 4000 2400
4550 3290 4000 2390
4550 3290 4010 2420
4550 3290 4010 2430
4550 3300 4010 2420
4550 3290 4020 2430
4560 3280 4020 2390
4550 3270 4020 2420
4550 3270 4010 2400
4560 3280 4010 2400
4560 3270 4010 2400
4550 3280 4020 2400
4550 3290 4030 2400
4550 3300 4020 2390
4550 3300 4020 2390
4550 3290 4020 2390
4550 3290 4020 2390
4540 3290 4020 2390
4540 3290 4010 2390
4550 3290 4010 2390
4550 3290 4020 2390
4550 3290 4020 2400
4550 3290 4020 2400
4550 3290 4030 2420
4560 3290 4020 2400
4550 3280 4020 2400
4550 3280 4010 2400
4550 3280 4010 2390
4550 3290 4010 2390
4550 3290 4010 2400
4550 3290 4010 2430
4550 3290 4020 2430
4550 3290 4020 2390
4550 3290 4020 2400
4550 3290 4020 2390
4550 3290 4020 2390
4550 3290 4010 2380
4550 3290 4010 2390
4540 3290 4010 2400
4550 3290 4010 2420
4550 3290 4000 2420
4550 3290 4000 2400
4540 3290 4000 2420
4540 3290 4000 2400
4540 3290 4010 2400
4530 3290 4010 2430
4530 3290 4020 2420
4540 3290 4020 2400
4540 3280 4010 2390
4540 3290 4020 2390
4540 3290 4020 2380
4540 3290 4020 2390
4540 3290 4030 2390
4540 3290 4030 2390
4540 3290 4030 2390
4550 3290 4030 2400
4550 3290 4020 2400
4550 3290 4010 2400
4550 3290 4010 2400
4550 3280 4010 2400
4530 3280 4020 2390
4540 3280 4020 2390
4540 3280 4020 2390
4540 3290 4020 2390
4540 3280 4020 2400
4540 3280 4020 2400
4540 3280 4020 2400
4550 3280 4020 2400
4550 3280 4010 2400
4550 3290 4010 2400
4560 3290 4010 2400
4550 3300 4010 2400
4550 3290 4020 2420
4550 3300 4020 2420
4550 3290 4020 2420
4550 3280 4020 2420
