4840 3730 3800 1980
4830 3740 3800 1990
4840 3730 3800 1990
4840 3740 3800 1980
4840 3730 3800 1990
4840 3730 3800 1980
4830 3740 3790 1970
4830 3730 3790 1980
4840 3720 3790 1990
4830 3720 3780 1990
4840 3720 3770 1990
4840 3720 3770 1980
4860 3720 3770 1990
4840 3720 3770 1970
4830 3720 3770 1970
4840 3720 3770 1960
4840 3720 3770 1990
4840 3730 3770 1990
4840 3730 3770 1990
4840 3740 3770 2000
4840 3740 3770 2000
4850 3740 3770 1980
4850 3730 3770 70
4850 3730 3770 1990
4850 3720 3770 1990
4850 3720 3770 1990
4850 3720 3780 2000
4850 3730 3780 2010
4840 3720 3770 2000
4840 3720 3770 2010
4840 3720 3770 2010
4850 3730 3770 2010
4840 3720 3770 2010
4840 3730 3770 1990
4830 3720 3780 1990
4830 3720 3780 2000
4840 3720 3780 2000
4850 3730 3780 1990
4840 3730 3770 2000
4850 3720 3770 1990
4840 3720 3770 1970
4840 3710 3770 1970
4840 3710 3770 1980
4850 3720 3770 1980
4850 3730 3770 1970
4850 3730 3770 1960
4850 3730 3770 1970
4840 3730 3770 1980
4840 3720 3770 1990
4840 3720 3770 1980
4830 3720 3770 1970
4840 3720 3770 1960
4840 3720 3770 1970
4850 3730 3770 1970
4850 3730 3770 1990
4850 3720 3770 1980
4840 3720 3780 1970
4840 3710 3770 1970
4840 3720 3770 1970
4840 3720 3770 1970
4840 3710 3770 1970
4850 3720 3780 1950
4850 3730 3780 1970
4850 3730 3770 1980
4850 3730 3760 1980
4850 3720 3760 1990
4850 3720 3760 1980
4840 3720 3770 1950
4840 3720 3770 1940
4840 3720 3770 1940
4840 3720 3770 1940
4840 3720 3770 1950
4830 3740 3770 1960
4820 3730 3770 1970
4840 3730 3770 1990
4840 3720 3770 1970
4850 3720 3770 1980
4840 3730 3770 1990
4840 3720 3770 1980
4850 3720 3770 1990
4860 3720 3770 1990
4850 3720 3770 1990
4850 3720 3770 1990
4860 3720 3770 2000
4860 3730 3770 1990
4860 3720 3770 1980
4870 3730 3770 1990
4870 3720 3770 2010
4860 3720 3770 1990
4860 3720 3780 1990
4840 3730 3780 1990
4830 3720 3790 1980
4840 3720 3780 1980
4840 3720 3800 1990
4840 3720 3790 1980
4850 3730 3790 1970
4850 3740 3800 1960
4850 3730 3790 1960
4850 3730 3800 1970
4850 3720 3800 1990
4850 3720 3790 1990
4850 3720 3790 1970
4850 3730 3790 1960
4850 3720 3790 1970
4840 3720 3780 1980
4840 3720 3780 1980
4840 3720 3770 1990
4840 3720 3770 1990
4850 3720 3770 1980
4850 3720 3770 1990
4850 3720 3770 2000
4840 3720 3780 1980
4850 3730 3780 1980
4840 3720 3780 1990
4830 3720 3780 1980
4840 3720 3770 1970
4850 3730 3780 1990
4860 3720 3780 1980
4870 3720 3770 70
4880 3720 3770 1990
4880 3720 3770 1990
4860 3720 3770 1990
4850 3720 3760 2000
4850 3730 3760 2000
4850 3720 3770 1990
4850 3720 3790 1990
4850 3730 3790 1990
4860 3740 3790 1970
4860 3740 3800 1980
4850 3740 3790 1990
4850 3740 3790 1970
4850 3740 3780 1970
4860 3730 3770 1980
4860 3730 3770 1990
4860 3730 3770 2000
4850 3730 3780 1990
4850 3730 3780 2000
4850 3730 3800 1980
4850 3730 3790 1990
4840 3720 3790 1990
4840 3720 3770 1990
4850 3720 3770 1990
4850 3720 3770 1980
4850 3720 3770 2000
4840 3720 3770 2010
4830 3710 3770 1990
4830 3710 3780 1990
4840 3710 3780 2000
4850 3710 3780 2000
4850 3720 3780 1980
4850 3730 3770 1990
4860 3730 3770 1970
4870 3730 3770 1950
4860 3720 3770 1940
4860 3720 3770 1950
4840 3720 3780 1980
4850 3730 3780 1970
4870 3730 3770 1970
4860 3740 3770 1960
4870 3730 3770 1980
4860 3730 3770 1980
4860 3740 3780 1980
4860 3730 3770 1980
4860 3720 3780 1990
4840 3720 3780 1990
4840 3720 3780 1970
4840 3720 3780 1980
4830 3730 3780 1980
4830 3720 3780 1990
4830 3730 3770 1990
4830 3740 3780 1990
4840 3730 3780 1970
4840 3730 3780 1970
4870 3720 3760 1990
4870 3720 3760 1990
4860 3720 3770 1970
4870 3730 3770 1970
4860 3730 3780 1970
4860 3730 3780 1980
4850 3720 3770 1980
4850 3730 3790 1970
4850 3740 3790 1980
4860 3740 3790 1980
4860 3730 3790 1980
4860 3730 3790 1990
4860 3730 3790 1990
4860 3730 3790 1970
4840 3730 3790 1960
4850 3730 3790 1980
4850 3730 3800 1970
4850 3730 3800 1960
4850 3730 3810 1960
4850 3730 3800 1970
4850 3750 3810 1970
4850 3730 3800 1970
4850 3730 3790 1970
4850 3730 3800 1980
4840 3730 3800 1970
4860 3720 3800 1980
4860 3720 3810 1980
4860 3720 3810 1980
4850 3720 3800 1990
4850 3720 3800 2000
4850 3720 3790 1980
4850 3720 3790 1970
4850 3730 3790 1970
4850 3730 3790 1980
4850 3730 3790 1980
4860 3730 3790 1970
4860 3730 3790 1970
4860 3720 3800 1970
4870 3720 3800 1970
4860 3710 3810 1990
4850 3710 3810 1970
4850 3710 3800 1990
4850 3710 3790 2000
4860 3710 3800 1980
4860 3720 3800 1990
4850 3710 3790 1990
4850 3710 3800 1990
4850 3710 3800 1990
4840 3720 3780 2000
4830 3720 3780 2000
4830 3720 3790 1980
4840 3720 3780 1970
4840 3720 3800 1950
4830 3720 3800 1970
