5290 4190 3640 1630
5280 4180 3630 1640
5280 4190 3620 1640
5280 4200 3610 1650
5270 4190 3610 1650
5280 4200 3610 1650
5280 4190 3610 1650
5290 4200 3620 1650
5290 4190 3610 1650
5290 4190 3620 1660
5290 4190 3630 1660
5270 4180 3640 1640
5280 4180 3640 1640
5290 4190 3640 1640
5290 4180 3650 1640
5290 4180 3630 1620
5270 4190 3630 1640
5270 4190 3640 1640
5280 4190 3630 1650
5280 4190 3630 1650
5280 4190 3630 1640
5270 4190 3620 1650
5270 4200 3630 1640
5280 4190 3630 1650
5290 4200 3620 1670
5290 4200 3640 1670
5290 4190 3630 1670
5280 4190 3640 1650
5290 4200 3640 1630
5290 4190 3650 1630
5290 4210 3630 1650
5290 4210 3640 1660
5290 4210 3640 1660
5290 4210 3630 1660
5290 4210 3630 1640
5290 4210 3640 1640
5290 4210 3630 1650
5290 4200 3640 1630
5290 4200 3640 1650
5290 4200 3640 1650
5280 4200 3630 1650
5280 4200 3630 1640
5290 4210 3630 1640
5280 4200 3630 1640
5270 4190 3630 1650
5270 4190 3630 1640
5270 4190 3630 1640
5270 4200 3630 1640
5280 4210 3620 1640
5280 4210 3620 1630
5280 4220 3620 1620
5290 4210 3610 1640
5290 4210 3610 1640
5290 4200 3620 1620
5290 4200 3630 1640
5290 4200 3640 1640
5280 4180 3620 1650
5280 4190 3620 1650
5280 4190 3630 1650
5280 4190 3630 1630
5280 4190 3630 1640
5280 4190 3630 1640
5290 4200 3640 1640
5280 4180 3630 1650
5270 4190 3630 1650
5290 4190 3620 1640
5280 4190 3640 1650
5280 4200 3630 1660
5280 4200 3630 1660
5290 4190 3630 1660
5290 4190 3630 1660
5290 4190 3620 1660
5290 4190 3620 1650
5300 4190 3640 1640
5300 4190 3640 1640
5300 4190 3640 1630
5290 4190 3630 1630
5290 4190 3630 1630
5290 4180 3630 1640
5290 4180 3650 1650
5290 4190 3650 1650
5290 4190 3650 1660
5290 4180 3650 1640
5280 4200 3650 1640
5280 4200 3640 1640
5290 4200 3630 1650
5290 4190 3630 1650
5290 4190 3630 1640
5290 4190 3650 1640
5290 4190 3640 1640
5300 4190 3620 1650
5290 4200 3640 1640
5300 4200 3620 1640
5300 4200 3620 1640
5300 4210 3630 1630
5290 4190 3640 1630
5290 4210 3630 1640
5290 4200 3630 1650
5290 4190 3630 1640
5290 4190 3640 1640
5290 4190 3640 1640
5290 4180 3640 1640
5290 4190 3630 1640
5280 4190 3650 1660
5290 4190 3640 1670
5290 4200 3630 1670
5290 4200 3640 1670
5290 4190 3630 1640
5290 4180 3640 1630
5290 4190 3650 1630
5290 4190 3650 1630
5280 4200 3640 1630
5290 4200 3640 1640
5290 4220 3640 1640
5290 4200 3640 1640
5290 4190 3640 1640
5290 4190 3650 1650
5290 4190 3630 1650
5280 4190 3640 1660
5270 4190 3650 1660
5280 4190 3630 1630
5280 4190 3630 1630
5280 4200 3640 1650
5280 4200 3630 1660
5280 4200 3630 1650
5280 4190 3630 1650
5280 4190 3620 1650
5280 4190 3630 1650
5280 4190 3640 1650
5290 4190 3630 1640
5280 4190 3630 1630
5270 4190 3630 1640
5270 4190 3640 1650
5290 4190 3640 1650
5290 4200 3650 1650
5290 4190 3640 1650
5280 4190 3640 1650
5280 4190 3640 1660
5290 4200 3630 1640
5290 4210 3640 1640
5290 4210 3640 1650
5290 4210 3630 1650
5290 4210 3630 1630
5280 4210 3630 1630
5280 4210 3640 1630
5270 4200 3630 1630
5280 4200 3620 1640
5280 4200 3630 1650
5280 4190 3630 1650
5280 4190 3630 1640
5290 4190 3630 1640
5300 4180 3620 1640
5290 4180 3630 1630
5290 4190 3650 1640
5290 4200 3620 1640
5290 4200 3630 1650
5280 4210 3630 1650
5280 4210 3640 1650
5280 4210 3650 1660
5280 4210 3650 1660
5280 4210 3650 1650
5280 4210 3630 1650
5290 4210 3630 1640
5290 4210 3640 1640
5290 4210 3630 1650
5280 4210 3630 1650
5280 4200 3630 1650
5280 4200 3640 1660
5290 4200 3640 1660
5290 4190 3650 1670
5290 4200 3650 1670
5290 4200 3640 1670
5290 4180 3640 1670
5290 4190 3650 1670
5280 4200 3630 1650
5280 4200 3640 1650
5280 4200 3640 1650
5280 4190 3630 1650
5280 4180 3630 1650
5290 4200 3630 1650
5290 4200 3650 1650
5290 4190 3650 1650
5280 4190 3650 1640
5280 4180 3640 1650
5290 4180 3620 1660
5280 4180 3620 1660
5280 4190 3620 1660
5280 4190 3630 1650
5290 4180 3640 1650
5290 4190 3640 1640
5290 4200 3640 1660
5280 4210 3640 1660
5280 4210 3640 1660
5280 4210 3630 1650
5280 4210 3640 1650
5290 4210 3620 1640
5280 4200 3630 1640
5270 4210 3630 1650
5280 4210 3630 1650
5280 4210 3650 1650
5290 4200 3650 1650
5290 4190 3650 1640
5290 4190 3670 1640
5290 4200 3670 1650
5290 4210 3640 1660
5290 4220 3630 1650
5290 4210 3630 1650
5290 4210 3630 1650
5290 4210 3630 1640
5280 4200 3640 1640
5280 4200 3630 1630
5280 4200 3620 1640
5290 4200 3630 1650
5290 4190 3630 1650
5300 4180 3620 1650
5300 4190 3620 1660
5300 4190 3620 1650
