5630 4660 3520 1440
5620 4660 3520 1460
5620 4670 3520 1470
5610 4660 3530 1450
5620 4680 3530 1460
5620 4690 3530 1470
5620 4690 3530 1470
5640 4690 3530 1470
5640 4700 3530 1460
5630 4700 3520 1460
5620 4690 3520 1460
5620 4680 3520 1450
5620 4670 3520 1460
5620 4660 3510 1450
5640 4660 3510 1450
5640 4660 3510 1450
5640 4660 3520 1450
5640 4680 3510 1460
5640 4680 3510 1460
5640 4690 3510 1470
5640 4680 3520 1450
5630 4680 3510 1450
5630 4670 3510 1450
5630 4660 3520 1460
5630 4670 3530 1450
5630 4660 3530 1450
5630 4670 3530 1460
5620 4670 3530 1450
5610 4670 3530 1430
5610 4660 3530 1440
5620 4660 3530 1450
5620 4680 3520 1450
5650 4700 3510 1470
5640 4690 3510 1490
5640 4680 3520 1470
5650 4700 3520 1470
5640 4710 3520 1460
5640 4690 3520 1460
5630 4700 3520 1450
5630 4690 3510 1470
5620 4690 3510 1490
5620 4690 3520 1490
5620 4690 3520 1470
5620 4690 3530 1460
5630 4690 3530 1440
5620 4690 3540 1450
5620 4670 3540 1460
5620 4660 3530 1470
5620 4670 3530 1460
5620 4680 3520 1470
5620 4650 3510 1490
5620 4670 3510 1470
5610 4680 3510 1470
5620 4680 3510 1490
5630 4670 3520 1490
5630 4670 3520 1490
5620 4680 3510 1460
5630 4680 3510 1470
5640 4680 3520 1460
5630 4680 3530 1460
5620 4690 3530 1450
5630 4670 3520 1440
5630 4670 3530 1450
5640 4660 3530 1440
5640 4650 3520 1440
5630 4650 3530 1440
5630 4670 3530 1460
5630 4650 3530 1450
5650 4670 3530 1470
5640 4680 3540 1490
5640 4670 3530 1460
5630 4660 3540 1450
5630 4660 3530 1470
5630 4670 3520 1470
5630 4680 3510 1470
5640 4670 3510 1470
5630 4680 3510 1470
5630 4680 3520 1460
5630 4690 3520 1460
5630 4700 3510 1460
5640 4680 3520 1460
5640 4680 3530 1460
5630 4680 3510 1450
5640 4680 3510 1440
5640 4680 3520 1440
5640 4670 3530 1430
5650 4670 3540 1440
5640 4670 3540 1450
5640 4680 3530 1460
5640 4690 3530 1450
5650 4690 3530 1450
5640 4690 3530 1460
5660 4700 3530 1460
5660 4700 3520 1460
5650 4700 3530 1450
5650 4700 3530 1460
5640 4690 3530 1440
5640 4700 3530 1450
5640 4690 3530 1450
5650 4680 3530 1450
5640 4680 3530 1460
5630 4680 3530 1450
5640 4690 3530 1470
5630 4710 3530 1460
5630 4710 3530 1460
5620 4690 3530 1470
5620 4690 3520 1470
5620 4690 3510 1490
5630 4700 3510 1460
5640 4710 3520 1460
5640 4680 3510 1450
5630 4670 3520 1440
5630 4680 3520 1450
5620 4700 3510 1470
5620 4690 3510 1450
5620 4680 3510 1450
5620 4680 3520 1460
5640 4670 3520 1450
5630 4660 3510 1460
5630 4650 3520 1450
5630 4640 3530 1460
5620 4640 3530 1470
5620 4660 3520 1470
5620 4660 3520 1470
5630 4670 3520 1470
5640 4680 3510 1470
5630 4690 3510 1470
5630 4690 3500 1450
5630 4680 3510 1430
5630 4680 3510 1440
5620 4690 3510 1450
5640 4690 3510 1460
5640 4690 3510 1470
5630 4690 3510 1460
5630 4690 3520 1450
5640 4670 3520 1460
5640 4660 3520 1470
5630 4660 3520 1490
5630 4650 3520 1500
5630 4660 3510 1470
5620 4670 3520 1440
5620 4690 3520 1440
5620 4670 3520 1450
5630 4680 3520 1460
5630 4670 3530 1470
5630 4680 3530 1470
5630 4660 3530 1460
5630 4660 3520 1450
5620 4670 3520 1470
5620 4670 3510 1450
5620 4680 3510 1460
5620 4670 3510 1460
5620 4660 3510 1470
5630 4650 3510 1460
5630 4650 3510 1470
5620 4670 3510 1470
5620 4690 3510 1450
5620 4690 3510 1460
5620 4690 3510 1460
5630 4690 3520 1450
5630 4700 3520 1460
5630 4700 3520 1460
5630 4680 3510 1470
5640 4690 3510 1470
5630 4700 3510 1470
5640 4700 3510 1490
5640 4680 3510 1490
5640 4680 3510 1490
5640 4690 3510 1490
5630 4680 3510 1490
5630 4680 3520 1460
5630 4670 3520 1470
5650 4680 3520 1460
5640 4680 3530 1470
5640 4690 3530 1460
5630 4690 3540 1450
5620 4690 3530 1450
5630 4690 3520 1460
5630 4670 3530 1450
5630 4680 3530 1460
5630 4660 3520 1460
5640 4670 3520 1460
5630 4690 3530 1450
5630 4690 3540 1450
5630 4670 3530 1440
5630 4670 3530 1440
5620 4680 3530 1460
5620 4670 3520 1460
5640 4680 3520 1450
5640 4680 3520 1440
5640 4670 3520 1430
5640 4670 3520 1430
5630 4680 3520 1430
5630 4690 3520 1440
5630 4690 3530 1450
5640 4680 3540 1460
5640 4690 3540 1450
5640 4680 3540 1440
5640 4690 3530 1460
5630 4690 3530 1460
5620 4690 3510 1460
5630 4690 3520 1470
5630 4670 3520 1450
5640 4680 3520 1470
5640 4690 3530 1460
5640 4700 3520 1450
5620 4680 3520 1450
5620 4670 3530 1470
5620 4670 3530 1460
5640 4670 3520 1470
5640 4680 3510 1470
5630 4690 3520 1460
5620 4680 3520 1470
5620 4680 3510 1490
5630 4680 3510 1450
5630 4670 3510 1460
5630 4670 3520 1470
5640 4690 3520 1470
5640 4690 3510 1490
5640 4680 3530 1460
5640 4680 3520 1460
5640 4660 3520 1460
5650 4660 3520 1460
5640 4670 3520 1460
5650 4650 3520 1460
5650 4650 3520 1490
5650 4670 3520 1460
5650 4680 3530 1460
5640 4680 3530 1450
5640 4670 3530 1460
5630 4670 3530 1450
5640 4670 3530 1450
5650 4670 3520 1440
5640 4690 3520 1450
5630 4710 3530 1450
5620 4690 3530 1450
5630 4670 3530 1460
5640 4680 3520 1470
5640 4690 3520 1470
5640 4670 3520 1440
5630 4670 3520 1440
5630 4660 3520 1460
5630 4670 3520 1460
5650 4680 3530 1460
5630 4680 3520 1470
5630 4660 3530 1450
5630 4680 3540 1460
5630 4680 3540 1460
5640 4670 3540 1470
5650 4680 3540 1470
5650 4690 3530 1470
5640 4690 3530 1450
5650 4690 3520 1450
5650 4680 3520 1460
5660 4670 3520 1460
5660 4660 3520 1460
5630 4690 3530 1440
5630 4700 3530 1450
5640 4700 3530 1460
5640 4680 3520 1460
5640 4680 3520 1470
5650 4670 3530 1470
5650 4670 3520 1470
5650 4680 3520 1460
5660 4680 3530 1450
5660 4680 3540 1450
5650 4700 3540 1450
5660 4700 3540 1450
5660 4700 3530 1460
5640 4690 3520 1460
5630 4690 3520 1470
5630 4700 3510 1490
5640 4690 3500 1500
5640 4690 3510 1490
5640 4690 3510 1490
5640 4690 3510 1490
5640 4690 3510 1490
5640 4690 3520 1490
5640 4690 3510 1470
5640 4680 3520 1500
5640 4690 3520 1470
5660 4690 3520 1460
5660 4690 3510 1470
5660 4690 3510 1470
5660 4690 3530 1470
