5940 4550 4020 1010
5950 4550 4040 1010
5940 4540 4030 1030
5940 4550 4030 1020
5940 4550 4030 1020
5930 4550 4020 1010
5940 4550 4020 990
5930 4550 4020 1010
5930 4550 4020 1010
5940 4550 4020 1020
5940 4550 4030 1000
5940 4550 4030 1000
5940 4550 4030 1000
5950 4550 4030 1020
5950 4550 4030 1020
5950 4550 4020 1020
5940 4550 4020 1000
5930 4550 4020 1000
5940 4560 4020 1000
5920 4560 4020 1010
5930 4550 4020 1020
5930 4550 4020 1030
5940 4550 4020 1030
5940 4550 4020 1040
5940 4550 4030 1030
5930 4550 4020 1030
5940 4540 4020 1020
5930 4550 4030 1030
5940 4550 4030 1030
5940 4550 4030 1020
5940 4550 4030 1030
5940 4550 4030 1030
5930 4550 4030 1030
5920 4550 4030 1020
5950 4550 4020 1010
5950 4560 4020 1020
5950 4560 4010 1030
5950 4550 4010 1010
5950 4550 4010 1010
5950 4550 4010 1010
5940 4560 4020 1010
5940 4570 4020 1010
5940 4570 4020 1020
5940 4570 4030 1040
5950 4560 4030 1020
5950 4560 4020 1020
5940 4560 4020 1030
5940 4550 4020 1020
5950 4550 4020 1020
5950 4550 4010 1010
5950 4550 4010 1020
5940 4560 4020 1010
5930 4560 4020 1020
5940 4560 4010 1010
5940 4570 4010 1010
5940 4570 4020 1020
5940 4570 4020 1010
5940 4560 4020 1020
5940 4570 4020 1010
5940 4560 4020 1010
5940 4550 4030 1000
5930 4540 4030 1020
5930 4550 4030 1040
5930 4550 4030 1040
5940 4550 4030 1030
5960 4560 4020 1020
5960 4560 4020 1040
5960 4550 4020 1040
5950 4570 4010 1040
5940 4560 4010 1030
5940 4560 4010 1030
5940 4570 4020 1030
5950 4560 4020 1030
5950 4560 4030 1030
5960 4560 4020 1040
5950 4550 4020 1010
5950 4550 4030 1010
5950 4550 4030 1010
5940 4560 4020 1030
5950 4560 4020 1030
5950 4560 4020 1020
5950 4560 4010 1030
5940 4580 4010 1020
5940 4580 4010 1010
5940 4550 4020 1000
5930 4570 4020 1020
5940 4560 4020 1010
5940 4560 4020 1020
5940 4560 4020 1010
5940 4560 4020 1000
5930 4570 4020 1000
5930 4570 4020 1000
5940 4570 4030 990
5940 4570 4030 1000
5940 4560 4020 1000
5920 4560 4020 1000
5920 4570 4020 1020
5920 4560 4020 1020
5940 4560 4020 1040
5940 4560 4030 1040
5940 4560 4030 1040
5950 4570 4020 1020
5950 4570 4020 1000
5960 4560 4030 1010
5960 4580 4030 1010
5950 4570 4040 1010
5950 4580 4030 1000
5950 4570 4020 1020
5930 4570 4020 1030
5930 4570 4020 1030
5940 4570 4020 1010
5950 4560 4020 1020
5950 4580 4020 1030
5950 4570 4020 1010
5950 4570 4020 1030
5950 4570 4030 1030
5950 4570 4030 1010
5950 4550 4020 970
5960 4550 4020 990
5950 4550 4020 1030
5930 4570 4020 1000
5930 4570 4020 1010
5950 4560 4040 1020
5950 4550 4040 1010
5950 4550 4010 1030
5940 4560 4020 1030
