5560 4030 4090 1310
5560 4040 4120 1330
5560 4040 4120 1320
5570 4040 4100 1320
5570 4030 4110 1310
5570 4030 4110 1310
5570 4030 4100 1320
5570 4030 4100 1310
5570 4020 4110 1320
5570 4020 4110 1320
5570 4030 4110 1320
5570 4040 4100 1320
5560 4030 4130 1320
5570 4030 4090 1310
5570 4040 4110 1330
5570 4030 4110 1340
5570 4040 4120 1330
5570 4030 4130 1320
5560 4030 4130 1310
5570 4040 4130 1330
5570 4020 4110 1320
5570 4030 4110 1310
5560 4050 4110 1300
5560 4060 4110 1290
5560 4060 4120 1300
5560 4050 4110 1320
5560 4050 4110 1330
5560 4040 4110 1330
5560 4040 4110 1320
5560 4040 4120 1320
5560 4040 4120 1310
5560 4040 4120 1310
5570 4050 4130 1310
5570 4040 4120 1310
5570 4050 4120 1300
5570 4040 4120 1290
5570 4030 4100 1300
5570 4050 4090 1310
5570 4060 4090 1310
5570 4060 4100 1310
5560 4050 4090 1310
5570 4050 4110 1310
5570 4050 4110 1320
5570 4040 4100 1310
5560 4050 4110 1310
5560 4060 4120 1330
5560 4040 4120 1320
5560 4060 4110 1320
5550 4060 4110 1340
5560 4060 4100 1320
5560 4060 4110 1310
5560 4060 4090 1330
5570 4060 4120 1320
5560 4050 4110 1300
5560 4050 4120 1310
5560 4050 4120 1320
5570 4040 4120 1320
5570 4050 4130 1320
5570 4050 4130 1310
5570 4050 4110 1310
5570 4060 4110 1310
5570 4060 4110 1310
5570 4060 4120 1310
5570 4060 4110 1320
5570 4060 4100 1320
5560 4060 4100 1310
5560 4060 4110 1320
5570 4060 4090 1320
5570 4060 4090 1320
5570 4060 4110 1310
5560 4060 4100 1310
5560 4060 4100 1320
5560 4060 4110 1330
5570 4060 4110 1320
5570 4060 4120 1330
5570 4060 4110 1330
5570 4060 4120 1320
5560 4060 4120 1340
5570 4060 4130 1340
5570 4060 4130 1340
5570 4060 4120 1330
5570 4060 4120 1330
5570 4060 4110 1310
5570 4060 4110 1310
5570 4060 4110 1310
5570 4060 4100 1310
5570 4060 4120 1320
5560 4060 4120 1330
5560 4060 4120 1320
5570 4050 4120 1320
5570 4050 4120 1320
5570 4060 4120 1320
5570 4060 4110 1310
5570 4060 4120 1320
5560 4060 4110 1330
5560 4060 4120 1330
5560 4060 4120 1320
5570 4060 4110 1310
5570 4060 4120 1320
5570 4060 4120 1320
5560 4060 4130 1310
5560 4060 4120 1310
5560 4050 4120 1310
5550 4050 4120 1310
5550 4050 4110 1320
5560 4040 4100 1330
5560 4030 4080 1320
5560 4040 4100 1330
5560 4040 4110 1330
5550 4040 4120 1330
5560 4030 4120 1320
5570 4030 4110 1320
5570 4030 4120 1320
5560 4030 4100 1330
5560 4040 4110 1330
5560 4040 4120 1340
5570 4040 4110 1320
5570 4040 4100 1320
5560 4040 4110 1310
5560 4030 4110 1300
5550 4030 4120 1310
5550 4030 4110 1310
5560 4030 4110 1300
5550 4030 4100 1320
5560 4030 4120 1310
5560 4030 4120 1320
5550 4030 4130 1330
5550 4040 4130 1340
5560 4040 4120 1330
5560 4060 4130 1320
5570 4060 4100 1330
