5200 3580 4240 1730
5190 3590 4240 1730
5180 3590 4230 1740
5190 3600 4230 1740
5200 3590 4230 1740
5190 3570 4230 1730
5200 3570 4240 1730
5190 3580 4250 1730
5180 3580 4250 1740
5190 3580 4250 1740
5190 3580 4250 1740
5190 3580 4240 1740
5200 3580 4230 1730
5200 3580 4240 1720
5200 3580 4230 1720
5200 3580 4230 1720
5200 3570 4230 1720
5210 3580 4230 1720
5200 3580 4230 1720
5200 3580 4240 1720
5200 3590 4230 1720
5200 3580 4240 1730
5200 3580 4250 1730
5190 3580 4260 1720
5190 3580 4250 1710
5200 3580 4240 1710
5200 3580 4240 1720
5200 3580 4250 1720
5200 3580 4240 1730
5200 3580 4240 1730
5190 3590 4250 1720
5190 3580 4260 1720
5190 3580 4250 1720
5200 3570 4250 1720
5200 3580 4230 1740
5180 3580 4230 1740
5190 3570 4230 1730
5190 3570 4250 1740
5180 3570 4250 1740
5180 3570 4250 1730
5190 3570 4240 1740
5190 3580 4240 1740
5190 3580 4240 1740
5190 3580 4240 1750
5200 3590 4230 1740
5200 3580 4230 1740
5180 3590 4240 1730
5190 3580 4230 1730
5190 3580 4230 1730
5190 3580 4230 1720
5200 3580 4240 1730
5200 3580 4230 1740
5200 3580 4230 1740
5190 3570 4230 1720
5170 3570 4250 1730
5180 3570 4250 1730
5180 3570 4260 1730
5180 3570 4240 1720
5180 3570 4230 1700
5190 3570 4240 1700
5190 3580 4240 1710
5190 3580 4250 1710
5200 3580 4240 1710
5190 3580 4240 1710
5190 3580 4240 1710
5190 3580 4250 1710
5190 3570 4230 1730
5200 3570 4230 1740
5200 3570 4250 1730
5200 3570 4260 1730
5200 3570 4230 1730
5200 3590 4250 1730
5200 3590 4240 1720
5200 3590 4240 1730
5190 3580 4240 1720
5190 3580 4230 1720
5190 3590 4230 1720
5200 3580 4240 1730
5200 3580 4230 1720
5200 3580 4230 1720
5200 3580 4230 1720
5190 3580 4230 1720
5190 3590 4240 1730
5190 3590 4240 1730
5190 3580 4240 1730
5190 3580 4240 1730
5190 3580 4250 1730
5200 3580 4240 1730
5200 3580 4240 1730
5200 3580 4230 1730
5200 3590 4240 1720
5200 3590 4250 1730
5190 3580 4250 1730
5190 3570 4260 1730
5200 3570 4260 1730
5200 3570 4250 1730
5190 3570 4240 1720
5190 3580 4240 1720
5200 3590 4250 1720
5200 3590 4260 1730
5200 3580 4240 1730
5190 3560 4240 1740
5200 3570 4240 1740
5200 3580 4240 1740
5200 3580 4230 1740
5200 3580 4230 1730
5200 3580 4230 1730
5210 3580 4230 1730
5210 3580 4220 1740
5210 3580 4220 1730
5200 3580 4220 1730
5200 3590 4230 1730
5210 3570 4230 1730
5200 3570 4240 1720
5210 3570 4260 1720
5210 3570 4240 1720
5210 3580 4240 1720
5200 3590 4240 1720
5200 3590 4240 1720
5200 3580 4240 1720
5200 3580 4240 1730
5210 3580 4240 1720
5230 3580 4230 1710
5250 3580 4230 1720
5230 3590 4240 1730
5210 3580 4240 1720
5200 3580 4240 1730
5200 3580 4240 1730
5200 3580 4250 1720
5190 3570 4240 1730
5200 3570 4240 1730
5200 3570 4230 1730
5200 3590 4240 1730
5210 3580 4240 1730
5210 3580 4240 1730
5200 3580 4240 1730
5190 3590 4240 1720
5180 3590 4250 1720
5180 3580 4260 1710
5180 3580 4260 1720
5190 3570 4250 1720
5200 3570 4240 1710
5200 3570 4250 1710
5210 3570 4260 1720
5200 3580 4250 1730
5200 3580 4240 1730
5190 3580 4230 1730
5190 3590 4230 1730
5200 3580 4230 1730
5200 3580 4240 1720
5190 3580 4250 1720
5210 3580 4240 1730
5200 3580 4240 1730
5200 3580 4230 1730
5200 3580 4230 1740
5210 3580 4230 1730
5200 3580 4230 1720
5200 3580 4230 1730
5190 3580 4230 1720
5210 3580 4240 1710
5210 3580 4240 1710
5200 3570 4240 1710
5210 3580 4230 1710
5210 3580 4230 1710
5200 3580 4230 1720
5180 3580 4230 1720
5180 3570 4250 1720
5190 3580 4240 1720
5190 3600 4240 1710
5190 3590 4240 1710
5190 3590 4240 1710
5200 3580 4240 1720
5190 3580 4230 1720
5190 3580 4230 1720
