4860 3120 4410 2200
4860 3110 4400 2190
4870 3100 4410 2180
4860 3100 4400 2180
4860 3120 4400 2180
4860 3120 4400 2180
4860 3130 4400 2180
4860 3130 4410 2180
4870 3120 4410 2180
4870 3120 4420 2190
4860 3120 4420 2190
4860 3130 4420 2190
4860 3120 4400 2190
4860 3120 4410 2200
4870 3120 4410 2200
4860 3120 4400 2190
4860 3110 4400 2190
4860 3110 4400 2190
4860 3120 4400 2190
4860 3110 4380 2200
4860 3120 4380 2190
4850 3120 4380 2190
4860 3110 4390 2180
4860 3120 4410 2190
4860 3110 4410 2200
4860 3110 4410 2200
4860 3120 4410 2200
4860 3130 4420 2200
4860 3130 4420 2200
4860 3130 4430 2200
4860 3120 4420 2200
4860 3120 4430 2190
4860 3110 4410 2190
4860 3110 4400 2190
4870 3100 4430 2190
4870 3100 4410 2190
4860 3100 4420 2190
4850 3100 4420 2180
4850 3100 4430 2180
4850 3100 4420 2180
4860 3100 4400 2180
4860 3100 4410 2190
4870 3090 4420 2190
4860 3100 4420 2190
4870 3090 4420 2190
4870 3120 4420 2200
4860 3110 4430 2200
4860 3090 4440 2190
4860 3090 4430 2190
4860 3090 4420 2190
4860 3090 4420 2190
4860 3090 4420 2190
4870 3130 4400 2200
4860 3140 4400 2190
4870 3140 4410 2190
4860 3150 4400 2200
4860 3140 4410 2200
4860 3150 4400 2190
4870 3150 4400 2190
4880 3150 4390 2180
4870 3130 4410 2190
4870 3120 4400 2180
4860 3120 4410 2180
4860 3120 4420 2190
4860 3110 4420 2190
4860 3110 4410 2190
4860 3110 4400 2190
4860 3110 4410 2190
4860 3110 4410 2190
4870 3120 4410 2180
4870 3120 4420 2180
4860 3110 4420 2190
4860 3110 4420 2190
4870 3110 4420 2190
4880 3120 4430 2190
4880 3120 4410 2190
4870 3120 4410 2190
4860 3110 4420 2190
4860 3120 4420 2190
4860 3100 4420 2190
4860 3110 4400 2190
4860 3110 4410 2190
4860 3120 4410 2190
4860 3130 4410 2200
4860 3120 4400 2200
4850 3110 4410 2200
4850 3110 4400 2200
4850 3110 4390 2200
4850 3110 4400 2200
4860 3100 4410 2190
4860 3110 4410 2190
4860 3130 4410 2190
4860 3100 4410 2190
4860 3100 4410 2190
4860 3090 4420 2180
4860 3090 4420 2190
4860 3100 4420 2190
4860 3110 4420 2190
4860 3110 4420 2190
4860 3110 4420 2180
4860 3120 4430 2180
4860 3120 4430 2180
4860 3120 4420 2180
4860 3130 4410 2180
4860 3140 4410 2180
4860 3140 4420 2180
4870 3130 4410 2180
4860 3120 4410 2190
4860 3120 4420 2190
4860 3110 4420 2190
4860 3110 4420 2190
4860 3130 4420 2190
4860 3110 4420 2190
4860 3110 4410 2190
4860 3110 4410 2190
4860 3120 4410 2190
4860 3100 4410 2190
4860 3110 4400 2200
4860 3110 4410 2200
4860 3100 4400 2200
4850 3100 4410 2200
4850 3110 4400 2200
4860 3120 4410 2200
4860 3110 4410 2200
4860 3120 4400 2190
4860 3110 4400 2190
4880 3100 4400 2200
4870 3080 4410 2200
4860 3090 4420 2200
4860 3100 4430 2200
4860 3090 4430 2200
4860 3110 4400 2200
4860 3120 4400 2200
4840 3120 4400 2190
4840 3100 4400 2190
4850 3120 4410 2190
4860 3110 4410 2190
4860 3100 4410 2190
4860 3100 4420 2190
4870 3120 4420 2180
4870 3130 4420 2180
4870 3120 4410 2180
4870 3110 4400 2190
4860 3120 4410 2200
4870 3110 4420 2200
4880 3110 4410 2190
4870 3090 4410 2190
4860 3090 4410 2190
4860 3090 4420 2190
4860 3120 4420 2190
4860 3130 4420 2190
4860 3110 4420 2190
4850 3090 4420 2190
4850 3100 4420 2190
4850 3130 4420 2190
4850 3110 4420 2190
4850 3110 4420 2200
4850 3120 4410 2200
4850 3110 4420 2190
4850 3120 4430 2190
4850 3120 4420 2200
4840 3120 4410 2190
4850 3120 4400 2190
4850 3110 4420 2190
4850 3130 4420 2190
4860 3120 4420 2190
4860 3100 4420 2190
4860 3090 4420 2190
4860 3090 4410 2190
4850 3080 4420 2190
4850 3080 4410 2190
4850 3090 4400 2190
4850 3080 4410 2190
4860 3080 4400 2200
4860 3080 4410 2200
4860 3090 4410 2200
4850 3080 4420 2200
4850 3090 4420 2200
4850 3100 4410 2200
4850 3120 4430 2200
4860 3080 4440 2200
4860 3090 4430 2200
4850 3090 4420 2200
