4580 2600 4660 2650
4580 2600 4680 2660
4580 2590 4680 2660
4580 2580 4680 2660
4570 2570 4670 2670
4570 2570 4670 2670
4570 2570 4670 2660
4570 2570 4670 2660
4580 2580 4670 2650
4580 2590 4670 2660
4580 2580 4680 2650
4580 2590 4670 2650
4580 2590 4660 2640
4600 2590 4650 2650
4600 2590 4650 2660
4600 2600 4650 2650
4600 2590 4660 2660
4580 2580 4670 2660
4570 2580 4680 2660
4570 2580 4680 2670
4570 2580 4680 2670
4570 2570 4680 2670
4570 2560 4680 2660
4570 2580 4690 2670
4570 2580 4690 2670
4570 2580 4690 2660
4580 2580 4670 2660
4580 2580 4680 2660
4580 2580 4700 2660
4580 2580 4700 2660
4600 2590 4680 2660
4600 2580 4680 2660
4580 2570 4680 2660
4570 2570 4690 2670
4570 2570 4700 2670
4560 2570 4700 2670
4560 2560 4690 2660
4550 2570 4690 2660
4570 2580 4690 2670
4570 2590 4700 2680
4580 2580 4700 2670
4580 2590 4700 2680
4580 2600 4690 2680
4580 2600 4690 2670
4580 2580 4690 2670
4580 2570 4670 2640
4580 2570 4660 2640
4580 2570 4670 2640
4580 2570 4670 2640
4580 2570 4670 2640
4600 2570 4680 2650
4580 2570 4680 2650
4580 2570 4680 2660
4580 2570 4680 2670
4580 2570 4670 2670
4570 2590 4660 2660
4570 2590 4660 2660
4580 2590 4670 2670
4600 2580 4670 2670
4600 2580 4660 2670
4600 2580 4680 2650
4600 2580 4680 2650
4580 2580 4670 2660
4600 2580 4670 2650
4600 2580 4670 2650
4580 2580 4670 2660
4580 2590 4680 2660
4600 2580 4680 2650
4580 2570 4660 2660
4580 2570 4670 2660
4580 2570 4660 2660
4600 2580 4660 2660
4580 2580 4670 2660
4600 2590 4660 2660
4600 2580 4670 2660
4600 2580 4660 2650
4580 2580 4660 2660
4580 2560 4680 2660
4580 2560 4680 2660
4580 2560 4680 2660
4580 2560 4680 2660
4580 2560 4680 2650
4580 2570 4680 2660
4580 2570 4670 2660
4600 2570 4670 2670
4600 2570 4680 2670
4580 2570 4670 2660
4580 2560 4680 2660
4580 2560 4680 2660
4580 2570 4680 2650
4580 2570 4680 2670
4580 2570 4680 2660
4580 2580 4670 2660
4580 2580 4670 2660
4580 2600 4660 2660
4580 2570 4660 2650
4580 2570 4670 2650
4580 2560 4680 2650
4580 2580 4680 2660
4600 2580 4670 2660
4600 2570 4670 2660
4600 2570 4680 2660
4600 2570 4680 2660
4600 2590 4680 2670
4600 2600 4680 2680
4600 2600 4680 2670
4580 2590 4680 2660
4580 2580 4680 2660
4570 2580 4680 2650
4580 2590 4680 2650
4580 2580 4690 2650
4580 2580 4680 2650
4580 2580 4660 2660
4580 2590 4660 2660
4600 2590 4670 2660
4600 2590 4670 2650
4600 2590 4660 2650
4600 2600 4650 2640
4600 2590 4650 2640
4610 2580 4660 2660
4610 2590 4680 2650
4610 2590 4680 2660
4570 2570 4680 2660
4570 2590 4680 2660
4570 2580 4690 2660
4570 2580 4670 2670
4570 2580 4670 2670
4570 2570 4680 2670
4580 2570 4670 2670
4600 2570 4660 2670
4600 2550 4650 2670
4600 2570 4650 2670
4610 2570 4660 2670
4610 2590 4670 2660
4600 2590 4670 2660
4580 2620 4660 2660
4580 2620 4670 2660
4580 2620 4660 2660
4580 2620 4680 2660
4580 2610 4670 2660
4580 2600 4680 2660
4580 2590 4670 2660
4580 2580 4680 2660
4580 2580 4700 2660
4570 2580 4680 2660
4560 2580 4680 2660
4550 2580 4690 2660
4560 2580 4690 2660
4560 2570 4690 2660
4570 2590 4700 2660
4580 2600 4690 2650
4600 2600 4680 2660
4580 2610 4690 2650
4580 2600 4690 2650
4600 2590 4690 2660
4610 2590 4670 2660
4600 2580 4670 2670
4600 2580 4680 2680
4600 2590 4680 2660
4610 2590 4680 2660
4620 2580 4680 2660
4580 2570 4680 2660
4580 2570 4670 2660
4600 2570 4670 2650
4580 2570 4690 2670
4570 2580 4690 2690
4580 2580 4690 2690
4570 2570 4690 2680
4580 2590 4680 2670
4580 2580 4680 2670
4600 2580 4680 2670
4600 2590 4690 2670
4600 2600 4680 2670
4600 2580 4680 2670
4580 2600 4690 2670
4610 2590 4680 2670
4610 2570 4700 2670
4600 2560 4700 2670
4600 2560 4700 2670
4560 2560 4690 2670
4570 2560 4690 2670
4580 2560 4700 2670
4600 2560 4700 2650
4600 2560 4690 2660
4610 2560 4690 2670
4610 2570 4690 2670
4610 2590 4680 2670
4600 2600 4670 2670
4580 2600 4680 2670
4580 2570 4690 2680
4580 2580 4690 2670
4600 2580 4700 2670
4600 2580 4690 2660
4600 2600 4690 2660
4600 2600 4690 2660
4600 2590 4690 2660
4610 2600 4670 2660
4610 2610 4690 2660
4600 2600 4690 2660
4580 2580 4700 2660
4600 2580 4690 2660
4610 2580 4690 2650
4600 2570 4690 2660
4600 2570 4700 2670
4580 2580 4710 2670
4580 2580 4670 2670
4580 2590 4670 2680
4580 2600 4680 2680
4580 2600 4680 2670
4600 2600 4690 2670
4610 2600 4670 2660
4610 2580 4690 2650
4600 2580 4690 2660
4600 2580 4680 2660
4610 2590 4680 2670
4610 2580 4680 2670
4610 2590 4680 2670
4610 2580 4670 2660
4600 2580 4680 2660
4580 2600 4670 2670
4600 2580 4670 2690
4610 2590 4660 2690
4600 2580 4670 2690
4600 2580 4660 2680
4600 2580 4670 2680
4600 2580 4670 2690
4600 2580 4690 2680
4600 2580 4690 2680
4600 2580 4690 2680
4600 2580 4680 2670
4600 2580 4690 2660
4600 2570 4690 2650
4580 2570 4690 2670
4570 2560 4680 2680
4570 2560 4690 2670
4570 2560 4680 2670
4570 2580 4690 2660
4570 2590 4690 2660
4580 2600 4680 2670
4580 2600 4680 2660
4580 2590 4670 2660
4600 2580 4670 2670
4600 2580 4670 2670
4600 2580 4690 2670
4580 2570 4700 2660
4580 2570 4700 2660
4580 2580 4700 2660
4580 2580 4700 2660
4580 2580 4700 2660
4580 2580 4680 2660
4600 2590 4680 2660
4580 2600 4680 2660
4580 2580 4680 2650
4580 2580 4680 2640
4580 2580 4680 2640
4600 2580 4690 2660
4610 2580 4680 2660
4600 2570 4680 2660
4600 2580 4670 2670
4600 2580 4680 2680
4580 2580 4670 2670
4600 2580 4660 2660
4600 2570 4670 2670
4600 2590 4690 2660
4600 2580 4680 2660
4610 2580 4680 2660
4600 2580 4680 2660
4600 2580 4690 2670
4600 2590 4690 2670
4600 2580 4680 2670
4600 2580 4680 2660
4580 2590 4690 2670
4580 2600 4680 2670
4580 2600 4680 2670
4580 2600 4670 2670
4580 2590 4660 2680
