2130 4500 3250 4920
2120 4500 3250 4930
2120 4510 3260 4920
2130 4510 3250 4920
2140 4510 3260 4930
2140 4500 3260 4930
2120 4500 3250 4930
2110 4500 3250 4930
2110 4500 3250 4930
2110 4500 3260 4930
2130 4490 3250 4930
2120 4490 3250 4930
2120 4480 3250 4920
2130 4480 3250 4930
2130 4480 3250 4930
2140 4470 3250 4930
2140 4480 3250 4920
2120 4480 3250 4920
2120 4480 3250 4920
2110 4490 3250 4920
2120 4490 3250 4920
2110 4490 3250 4920
2110 4480 3250 4920
2110 4480 3250 4920
2120 4480 3250 4920
2120 4500 3250 4920
2120 4490 3250 4920
2140 4490 3240 4920
2130 4490 3240 4930
2130 4500 3240 4920
2140 4510 3240 4920
2140 4500 3230 4920
2130 4500 3230 4920
2110 4490 3240 4920
2120 4500 3230 4920
2120 4490 3230 4920
2120 4500 3220 4920
2120 4500 3230 4930
2120 4490 3230 4930
2090 4490 3230 4930
2120 4490 3230 4920
2130 4500 3240 4920
2120 4500 3240 4920
2130 4490 3240 4930
2140 4490 3250 4930
2140 4500 3250 4920
2130 4500 3240 4930
2140 4500 3240 4920
2140 4490 3240 4920
2150 4500 3230 4920
2140 4500 3230 4930
2140 4510 3240 4930
2140 4500 3240 4920
2140 4500 3240 4920
2120 4490 3250 4920
2110 4480 3250 4920
2090 4490 3240 4920
2110 4480 3250 4930
2110 4490 3250 4920
2120 4490 3240 4930
2120 4500 3240 4920
2110 4510 3240 4920
2120 4500 3240 4920
2120 4510 3240 4930
2090 4510 3240 4920
2090 4500 3240 4920
2080 4500 3250 4920
2110 4510 3250 4920
2120 4510 3250 4920
2130 4510 3250 4930
2130 4500 3240 4930
2110 4500 3240 4930
2090 4500 3240 4930
2120 4490 3240 4920
2110 4480 3240 4920
2110 4490 3240 4920
2120 4490 3250 4920
2110 4500 3260 4920
2110 4490 3250 4920
2090 4490 3250 4920
2110 4490 3240 4930
2110 4500 3230 4930
2090 4500 3240 4930
2090 4490 3240 4930
2110 4490 3240 4930
2120 4480 3240 4920
2120 4490 3240 4930
2120 4490 3240 4930
2130 4490 3240 4920
2140 4490 3240 4920
2140 4500 3250 4920
2140 4490 3240 4930
2140 4490 3250 4920
2130 4500 3250 4920
2140 4500 3260 4920
2150 4500 3250 4920
2140 4490 3260 4920
2160 4480 3250 4930
2130 4480 3240 4930
2130 4490 3240 4920
2120 4490 3240 4920
2130 4490 3250 4910
2140 4490 3250 4920
2130 4490 3250 4920
2130 4490 3250 4920
2140 4500 3240 4930
2140 4490 3240 4930
2130 4490 3240 4930
2110 4490 3240 4920
2120 4490 3250 4930
2110 4490 3250 4930
2140 4500 3240 4930
2160 4500 3230 4930
2140 4500 3230 4930
2140 4500 3230 4930
2140 4510 3230 4930
2140 4500 3230 4930
2140 4500 3230 4920
2150 4500 3230 4930
2140 4500 3230 4930
2150 4510 3230 4930
2140 4510 3230 4930
2140 4510 3220 4930
2150 4510 3210 4930
2150 4500 3220 4930
2150 4510 3230 4930
2150 4510 3240 4930
2150 4510 3230 4930
2150 4500 3230 4940
2140 4510 3230 4940
2130 4510 3220 4930
2130 4500 3240 4930
2150 4500 3230 4930
