4320 2160 4980 3190
4340 2160 4980 3180
4340 2160 4980 3180
4340 2160 4990 3180
4330 2160 4990 3180
4330 2160 4990 3180
4340 2170 4990 3180
4330 2170 4990 3180
4320 2180 4990 3170
4310 2180 4980 3170
4300 2190 4970 3170
4320 2190 4980 3170
4320 2170 4970 3180
4310 2160 4980 3190
4310 2160 4980 3190
4320 2180 4990 3190
4320 2180 4990 3190
4320 2190 4980 3190
4320 2190 4970 3190
4320 2190 4970 3200
4320 2170 4980 3200
4320 2160 4980 3200
4320 2160 4980 3200
4320 2190 4980 3200
4300 2180 4980 3200
4300 2160 4980 3180
4310 2150 4980 3180
4320 2150 4980 3180
4330 2160 4980 3190
4330 2160 4980 3190
4330 2160 4980 3190
4330 2170 4990 3190
4330 2180 4980 3190
4330 2170 4980 3190
4330 2170 4980 3190
4330 2170 4990 3190
4340 2160 4990 3190
4340 2170 4990 3190
4340 2160 4990 3180
4340 2170 4990 3200
4340 2160 4990 3200
4330 2170 4990 3190
4330 2170 4990 3190
4330 2150 4990 3190
4320 2150 4990 3200
4330 2150 4990 3190
4330 2160 4990 3200
4340 2160 4990 3190
4330 2160 4990 3190
4330 2160 4970 3190
4330 2160 4980 3180
4330 2160 4980 3180
4340 2160 4980 3180
4340 2170 4980 3180
4340 2170 4970 3180
4340 2160 4980 3180
4340 2170 4980 3180
4340 2160 4980 3180
4340 2160 4970 3180
4340 2170 4980 3180
4330 2170 4980 3180
4310 2170 4990 3180
4310 2170 4990 3180
4310 2160 4990 3180
4310 2150 4990 3180
4310 2150 4990 3180
4310 2170 4990 3190
4310 2180 4990 3190
4320 2180 4990 3200
4320 2180 4990 3200
4330 2180 4980 3190
4330 2170 4980 3190
4340 2160 4980 3190
4340 2150 4980 3180
4340 2170 4970 3180
4340 2160 4970 3180
4340 2160 4970 3180
4340 2160 4960 3180
4340 2170 4970 3180
4330 2150 4970 3180
4330 2160 4970 3180
4330 2150 4980 3180
4330 2150 4970 3180
4350 2170 4990 3170
4350 2160 4990 3180
4340 2160 4990 3180
4340 2170 4980 3180
4340 2160 4980 3180
4340 2160 4970 3180
4340 2160 4980 3180
4350 2160 4970 3180
4340 2150 4970 3180
4350 2170 4980 3190
4340 2170 4970 3190
4340 2170 4970 3190
4340 2180 4970 3190
4350 2170 4980 3190
4340 2180 4980 3190
4340 2180 4970 3190
4350 2180 4970 3190
4340 2170 4970 3190
4330 2180 4980 3200
4340 2170 4970 3190
4340 2160 4970 3190
4330 2150 4970 3190
4330 2150 4970 3190
4330 2140 4970 3190
4330 2150 4980 3190
4330 2160 4970 3190
4330 2160 4970 3190
4330 2170 4970 3180
4330 2160 4970 3180
4330 2180 4980 3190
4340 2180 4980 3190
4340 2160 4970 3180
4340 2150 4970 3180
4340 2150 4970 3180
4340 2160 4970 3180
4340 2160 4980 3180
4340 2150 4980 3180
4340 2140 4980 3190
4340 2150 4980 3190
4340 2160 4970 3180
4340 2170 4970 3190
4340 2160 4970 3200
4340 2160 4970 3200
4330 2170 4970 3190
4330 2160 4980 3190
4330 2160 4970 3190
4330 2160 4970 3190
4330 2160 4970 3190
4320 2170 4970 3180
4320 2160 4970 3190
4320 2160 4980 3180
4330 2160 4980 3180
4330 2160 4980 3190
4330 2170 4980 3190
4330 2170 4980 3190
4330 2170 4980 3190
4340 2160 4980 3200
4340 2160 4970 3190
4340 2160 4980 3190
4340 2170 4980 3190
4330 2170 4970 3180
4330 2160 4970 3190
4340 2160 4970 3190
4340 2150 4970 3180
4340 2160 4970 3180
4330 2160 4980 3180
4330 2150 4990 3190
4340 2150 4990 3190
4350 2150 4990 3190
4350 2150 4990 3190
4350 2150 4990 3190
4350 2160 4990 3190
4350 2160 4990 3190
4350 2170 4980 3200
4340 2170 4980 3200
4350 2170 4980 3190
4350 2170 4970 3200
4350 2180 4970 3190
4340 2180 4960 3190
4340 2180 4970 3190
4340 2180 4970 3190
4330 2170 4970 3190
4340 2160 4970 3200
4340 2160 4970 3190
4340 2160 4970 3180
4340 2170 4970 3180
4340 2170 4970 3180
4340 2170 4970 3180
4330 2170 4970 3180
4340 2180 4970 3180
4350 2180 4970 3180
4340 2180 4970 3180
4340 2170 4980 3180
4350 2170 4980 3180
4350 2160 4980 3170
4340 2160 4970 3200
4340 2170 4970 3200
4340 2170 4970 3200
4340 2170 4970 3180
4340 2170 4960 3180
4340 2180 4960 3180
4340 2180 4960 3180
4330 2180 4960 3170
4330 2170 4960 3170
4330 2160 4960 3170
4330 2160 4960 3170
4330 2160 4980 3190
4330 2160 4980 3180
4320 2150 4980 3180
4340 2160 4970 3170
4340 2150 4980 3180
4340 2170 4970 3180
4330 2170 4970 3180
4330 2160 4970 3190
4330 2160 4980 3190
4330 2160 4980 3190
4330 2160 4980 3180
4350 2160 4980 3180
