4120 1750 5290 3630
4120 1750 5290 3630
4120 1770 5290 3620
4120 1750 5290 3640
4120 1750 5280 3640
4110 1760 5270 3640
4110 1750 5280 3630
4120 1750 5290 3620
4120 1770 5290 3600
4120 1770 5290 3590
4120 1780 5290 3600
4120 1780 5290 3620
4110 1750 5280 3610
4110 1760 5290 3590
4110 1760 5290 3590
4110 1760 5290 3590
4110 1750 5290 3610
4110 1760 5290 3610
4120 1780 5290 3620
4120 1800 5290 3610
4110 1800 5290 3610
4110 1800 5280 3610
4110 1800 5280 3610
4110 1800 5290 3610
4110 1800 5290 3610
4110 1800 5290 3610
4110 1780 5280 3610
4110 1770 5280 3600
4110 1780 5280 3590
4110 1800 5280 3590
4110 1800 5280 3610
4110 1780 5280 3610
4120 1780 5280 3600
4110 1770 5290 3590
4100 1780 5290 3590
4110 1770 5280 3600
4110 1760 5290 3600
4110 1770 5290 3600
4110 1760 5290 3610
4110 1760 5290 3610
4120 1770 5290 3610
4110 1780 5290 3620
4110 1780 5290 3630
4110 1800 5280 3640
4110 1800 5280 3640
4100 1780 5280 3630
4100 1760 5280 3630
4100 1760 5280 3630
4090 1770 5280 3630
4100 1760 5280 3630
4110 1770 5280 3640
4100 1770 5280 3630
4100 1760 5280 3620
4110 1770 5280 3620
4100 1770 5280 3600
4110 1770 5280 3600
4120 1760 5270 3600
4110 1760 5270 3590
4110 1750 5280 3600
4110 1770 5280 3610
4120 1770 5280 3610
4120 1780 5280 3610
4120 1770 5290 3620
4120 1750 5280 3600
4120 1740 5270 3590
4120 1740 5270 3590
4120 1740 5280 3600
4120 1750 5280 3620
4120 1760 5280 3630
4120 1760 5290 3620
4110 1770 5290 3640
4120 1760 5300 3630
4120 1760 5300 3630
4120 1760 5300 3630
4120 1760 5290 3620
4090 1780 5290 3610
4090 1780 5280 3610
4100 1770 5290 3620
4110 1770 5280 3600
4120 1760 5290 3600
4120 1750 5290 3600
4110 1750 5290 3620
4110 1750 5290 3610
4110 1770 5280 3610
4110 1760 5280 3610
4110 1770 5280 3610
4110 1760 5280 3610
4110 1760 5280 3620
4120 1770 5290 3620
4120 1770 5300 3610
4110 1760 5290 3620
4100 1760 5290 3630
4110 1760 5290 3630
4120 1760 5290 3630
4120 1770 5290 3620
4130 1760 5290 3640
4130 1750 5290 3650
4120 1770 5280 3650
4120 1760 5280 3650
4120 1750 5280 3630
4120 1750 5280 3620
4120 1760 5280 3620
4120 1760 5290 3620
4120 1750 5290 3620
4120 1760 5290 3610
4110 1770 5290 3620
4110 1760 5290 3620
4120 1760 5290 3620
4120 1760 5280 3610
4130 1770 5280 3610
4110 1760 5280 3630
4120 1760 5280 3620
4120 1760 5280 3620
4120 1760 5290 3620
4110 1760 5300 3620
4110 1770 5300 3620
4110 1760 5290 3630
4120 1760 5290 3630
4110 1750 5280 3630
4120 1750 5280 3630
4130 1760 5290 3620
4130 1770 5290 3630
4130 1780 5290 3620
4140 1780 5290 3630
4130 1760 5280 3620
4130 1760 5280 3630
4130 1760 5280 3610
4130 1760 5280 3620
4130 1750 5290 3620
4140 1770 5290 3610
4130 1770 5290 3620
4130 1770 5290 3610
4120 1760 5280 3630
4120 1760 5270 3630
4130 1760 5270 3620
4130 1760 5280 3630
4130 1770 5280 3620
4130 1770 5280 3630
4120 1770 5270 3630
4120 1770 5280 3630
4120 1760 5280 3630
4110 1760 5280 3630
4110 1760 5290 3610
4110 1770 5290 3610
4120 1800 5290 3620
4120 1780 5280 3610
4120 1770 5270 3610
4110 1770 5270 3620
4110 1770 5280 3630
4110 1770 5280 3640
4120 1780 5280 3640
4130 1780 5280 3630
4130 1780 5280 3630
4130 1780 5280 3620
4130 1780 5280 3610
4130 1800 5280 3610
4130 1780 5280 3600
4130 1780 5280 3590
4130 1770 5280 3590
4120 1770 5280 3600
4120 1760 5280 3610
4120 1770 5290 3620
4130 1780 5280 3610
4130 1780 5280 3620
4130 1770 5280 3620
4130 1780 5280 3610
4130 1770 5280 3610
4120 1780 5270 3620
4130 1800 5280 3620
4130 1780 5300 3620
4130 1780 5290 3620
4130 1780 5300 3610
4130 1760 5290 3620
4120 1760 5290 3610
4120 1760 5280 3620
4120 1760 5270 3610
4130 1750 5280 3630
4120 1740 5280 3620
4120 1740 5280 3630
4120 1740 5280 3620
4130 1750 5280 3630
4120 1770 5270 3630
4120 1770 5280 3620
4110 1760 5270 3620
4110 1760 5270 3620
4110 1770 5270 3630
4110 1770 5290 3620
4110 1770 5290 3630
4120 1780 5290 3640
4120 1770 5290 3630
4120 1780 5290 3640
4120 1770 5290 3630
4130 1780 5290 3630
4120 1780 5290 3630
4120 1780 5290 3640
4130 1800 5290 3640
4130 1780 5280 3610
4130 1800 5280 3630
4140 1810 5290 3630
4140 1810 5300 3620
4140 1800 5300 3630
4140 1800 5290 3620
4130 1770 5290 3620
4130 1760 5290 3620
4130 1750 5290 3610
4130 1750 5290 3620
4130 1770 5290 3630
4130 1770 5290 3620
4120 1770 5290 3620
4110 1780 5280 3630
4120 1800 5280 3640
4130 1800 5280 3640
4130 1770 5280 3620
4130 1770 5280 3610
4130 1760 5280 3620
4130 1760 5280 3620
4130 1750 5290 3610
4130 1780 5290 3610
4140 1780 5290 3620
4130 1770 5290 3630
4120 1770 5280 3630
4120 1760 5290 3640
4120 1760 5290 3640
4120 1770 5290 3630
4120 1780 5290 3630
4120 1800 5290 3630
4120 1780 5290 3620
4130 1760 5290 3630
4130 1750 5290 3640
4130 1750 5290 3630
4130 1760 5290 3620
4120 1760 5290 3620
4120 1760 5290 3630
4130 1770 5290 3620
4130 1760 5290 3620
4130 1750 5290 3600
4130 1760 5280 3610
4120 1750 5290 3620
4110 1750 5290 3620
4100 1770 5290 3600
4100 1770 5290 3600
4100 1780 5290 3620
4110 1780 5280 3630
4120 1770 5280 3640
4120 1780 5280 3640
4110 1770 5280 3650
4110 1760 5290 3650
4110 1750 5290 3630
4120 1760 5300 3620
4120 1770 5300 3620
4120 1750 5300 3610
4120 1750 5290 3620
4120 1750 5290 3630
4140 1770 5290 3640
4140 1760 5280 3640
4140 1760 5280 3620
4130 1760 5290 3640
4130 1770 5300 3650
4130 1770 5300 3630
4130 1760 5300 3630
4120 1770 5300 3630
4120 1780 5290 3630
4130 1770 5290 3620
4130 1770 5290 3610
4130 1760 5290 3600
4130 1760 5290 3600
4120 1770 5290 3610
4110 1770 5290 3610
4110 1760 5290 3600
4120 1750 5290 3620
4120 1760 5280 3630
4120 1760 5280 3620
4110 1750 5280 3620
4120 1740 5290 3630
4120 1760 5280 3640
4120 1770 5280 3630
4130 1760 5270 3620
4140 1760 5270 3620
