4020 1370 5710 4120
4010 1370 5710 4120
4010 1370 5710 4120
4010 1360 5700 4120
4010 1350 5700 4110
4010 1350 5710 4110
4010 1350 5720 4110
4010 1350 5730 4100
4020 1350 5720 4110
4000 1350 5720 4110
4010 1340 5720 4110
4010 1340 5720 4100
4010 1350 5720 4100
4010 1350 5720 4100
4020 1330 5720 4100
4020 1350 5720 4110
4020 1340 5720 4110
4010 1340 5720 4110
4010 1350 5710 4110
4010 1340 5710 4120
4000 1330 5710 4110
4020 1350 5710 4100
4020 1370 5710 4120
4020 1350 5710 4110
4020 1340 5720 4110
4010 1360 5720 4100
4010 1340 5720 4100
4010 1330 5710 4100
4020 1340 5710 4100
4030 1340 5710 4110
4020 1330 5710 4110
4020 1330 5710 4110
4020 1320 5710 4110
4020 1330 5710 4110
4020 1330 5710 4110
4020 1340 5710 4110
4010 1330 5720 4110
4010 1330 5720 4110
4010 1340 5720 4110
4010 1320 5710 4110
4010 1340 5710 4120
4020 1340 5710 4110
4020 1330 5720 4110
4010 1350 5710 4110
4010 1360 5710 4110
4020 1330 5710 4110
4020 1320 5700 4110
4020 1320 5710 4110
4020 1320 5710 4100
4010 1340 5710 4090
4010 1340 5710 4090
4000 1330 5710 4090
4000 1320 5710 4090
4000 1350 5710 4080
4000 1360 5710 4090
4000 1360 5710 4090
4000 1350 5720 4090
4000 1350 5720 4100
4020 1370 5720 4100
4030 1370 5710 4100
4020 1350 5700 4100
4010 1350 5710 4110
4010 1370 5710 4110
4010 1350 5710 4110
4010 1340 5710 4110
4010 1340 5710 4110
4010 1340 5710 4120
4020 1340 5710 4120
4020 1350 5710 4110
4020 1340 5710 4100
4020 1330 5710 4100
4020 1330 5710 4110
4020 1360 5710 4110
4020 1370 5710 4110
4020 1360 5700 4110
4020 1350 5700 4120
4020 1350 5700 4120
4020 1360 5700 4120
4020 1380 5700 4120
4020 1390 5710 4120
4020 1390 5700 4120
4030 1380 5700 4110
4030 1360 5700 4110
4020 1360 5700 4110
4010 1340 5710 4110
4010 1340 5710 4110
4010 1350 5710 4110
4010 1340 5710 4110
4010 1360 5710 4100
4020 1380 5700 4100
4020 1360 5700 4110
4020 1350 5700 4110
4020 1380 5700 4120
4020 1390 5700 4120
4020 1350 5700 4090
4020 1340 5700 4090
4020 1330 5700 4100
4020 1320 5700 4100
4030 1320 5700 4100
4030 1320 5700 4100
4030 1320 5690 4100
4020 1320 5690 4100
4020 1320 5690 4100
4020 1320 5690 4090
4020 1320 5710 4100
4010 1330 5710 4100
4010 1330 5710 4100
4020 1330 5710 4100
4020 1330 5710 4100
4020 1320 5710 4120
4020 1320 5700 4110
4020 1320 5690 4110
4020 1340 5680 4110
4020 1330 5660 4110
4020 1340 5650 4090
4020 1350 5660 4100
4020 1340 5670 4110
4010 1340 5670 4100
4010 1340 5670 4100
4010 1340 5670 4100
4010 1340 5660 4100
4010 1330 5660 4090
4010 1330 5670 4100
4010 1320 5680 4090
4010 1320 5680 4090
4010 1320 5680 4110
4010 1330 5680 4110
4010 1330 5690 4110
4010 1330 5700 4120
4000 1340 5710 4130
4000 1340 5710 4130
4000 1330 5710 4140
4010 1320 5710 4140
4010 1320 5710 4130
4000 1350 5710 4110
4010 1340 5710 4100
4010 1330 5710 4110
4020 1340 5710 4110
4020 1320 5700 4110
4010 1350 5690 4120
4010 1360 5690 4120
4010 1350 5690 4120
4010 1360 5690 4120
4010 1360 5690 4110
4020 1350 5690 4100
4010 1340 5710 4080
4010 1340 5700 4080
4010 1350 5700 4090
4010 1340 5700 4100
4020 1330 5700 4120
4020 1360 5700 4120
4010 1330 5700 4130
4010 1350 5700 4130
4020 1340 5700 4140
4010 1330 5700 4150
4010 1350 5700 4150
4010 1360 5700 4150
4020 1370 5700 4140
4020 1350 5700 4150
4020 1370 5700 4170
4010 1330 5710 4130
4010 1350 5710 4130
4010 1340 5710 4140
4010 1340 5710 4130
4010 1340 5710 4140
4010 1340 5710 4140
4020 1350 5720 4130
4020 1360 5710 4130
4030 1370 5710 4150
4030 1370 5710 4150
