3910 1120 6050 4580
3910 1130 6040 4580
3920 1110 6040 4580
3930 1120 6040 4580
3920 1120 6050 4580
3910 1120 6050 4580
3930 1110 6050 4600
3930 1120 6060 4600
3920 1130 6060 4600
3930 1120 6050 4600
3920 1120 6050 4600
3930 1120 6060 4600
3920 1120 6060 4600
3910 1120 6060 4600
3910 1110 6040 4600
3920 1120 6040 4600
3910 1120 6050 4600
3920 1120 6050 4600
3930 1120 6050 4600
3930 1120 6050 4600
3920 1120 6040 4600
3930 1120 6040 4600
3920 1130 6050 4600
3930 1130 6040 4600
3920 1130 6040 4600
3910 1130 6050 4580
3910 1140 6060 4580
3930 1130 6060 4580
3920 1130 6050 4580
3920 1130 6030 4580
3910 1120 6030 4580
3920 1130 6030 4600
3930 1130 6040 4600
3930 1140 6050 4600
3930 1130 6040 4600
3920 1130 6040 4600
3910 1150 6040 4600
3900 1140 6030 4600
3900 1140 6050 4600
3910 1140 6030 4600
3910 1140 6030 4600
3910 1140 6030 4610
3910 1150 6030 4610
3900 1140 6040 4610
3910 1140 6040 4610
3910 1140 6040 4610
3920 1140 6040 4610
3920 1130 6050 4610
3910 1130 6060 4610
3890 1130 6060 4600
3910 1130 6060 4600
3910 1130 6060 4600
3910 1130 6060 4600
3910 1120 6050 4600
3900 1110 6060 4600
3910 1110 6060 4600
3910 1120 6060 4600
3900 1120 6070 4600
3910 1120 6060 4600
3910 1110 6050 4600
3900 1110 6040 4600
3900 1110 6040 4600
3910 1110 6050 4600
3900 1130 6050 4600
3900 1120 6050 4600
3910 1120 6050 4600
3910 1120 6050 4600
3900 1120 6050 4600
3900 1120 6040 4600
3910 1120 6030 4600
3910 1120 6030 4600
3910 1120 6030 4600
3910 1110 6030 4600
3900 1110 6030 4600
3900 1120 6020 4580
3900 1120 6030 4600
3900 1110 6040 4580
3890 1110 6040 4580
3890 1120 6030 4600
3890 1120 6040 4600
3900 1120 6030 4600
3910 1110 6030 4600
3900 1110 6030 4600
3900 1110 6040 4600
3910 1140 6040 4600
3900 1130 6040 4600
3890 1130 6040 4600
3890 1120 6040 4600
3890 1110 6040 4600
3890 1110 6030 4600
3900 1110 6020 4600
3910 1110 6020 4600
3910 1110 6030 4600
3910 1120 6030 4600
3920 1120 6030 4600
3920 1120 6030 4600
3910 1110 6030 4600
3900 1110 6030 4600
3900 1110 6030 4600
3890 1110 6050 4610
3920 1120 6050 4610
3910 1120 6050 4610
3910 1130 6030 4610
3900 1130 6040 4610
3910 1130 6030 4610
3910 1130 6020 4600
3910 1120 6040 4580
3900 1140 6040 4580
3890 1130 6040 4580
3880 1120 6020 4580
3870 1120 6030 4600
3880 1110 6030 4600
3890 1120 6030 4600
3890 1140 6030 4600
3880 1130 6050 4600
3870 1120 6050 4600
3890 1120 6050 4600
3890 1120 6050 4600
3890 1140 6040 4600
3890 1130 6040 4600
3910 1130 6030 4600
3910 1130 6040 4580
3920 1120 6040 4580
3920 1120 6040 4580
3900 1110 6040 4600
3910 1120 6040 4600
3910 1120 6030 4600
3900 1110 6030 4600
3910 1110 6050 4600
3900 1120 6040 4600
3900 1110 6040 4600
3900 1120 6040 4600
3910 1130 6040 4600
3900 1130 6060 4600
3900 1130 6040 4600
3900 1120 6030 4600
3910 1130 6040 4600
3900 1130 6040 4600
3890 1120 6040 4600
3900 1120 6030 4610
3910 1120 6020 4610
3910 1110 6040 4610
3900 1120 6030 4610
3900 1140 6030 4610
3900 1140 6050 4610
3910 1110 6030 4580
3920 1100 6040 4600
3920 1110 6040 4600
3930 1120 6040 4580
3920 1130 6040 4580
3910 1130 6040 4580
3910 1140 6050 4580
3900 1120 6040 4600
3890 1140 6040 4600
3900 1130 6040 4600
3900 1120 6040 4600
3900 1110 6030 4600
3900 1120 6030 4600
3900 1110 6030 4600
3900 1120 6040 4600
3890 1110 6040 4600
3900 1120 6040 4600
3900 1130 6040 4600
3880 1120 6060 4600
3870 1120 6040 4580
3870 1120 6040 4600
3900 1120 6040 4600
3900 1120 6040 4600
3900 1110 6040 4600
3910 1110 6030 4600
3890 1110 6030 4580
3880 1100 6030 4580
3890 1110 6030 4600
3880 1110 6030 4600
3870 1120 6030 4600
3870 1130 6030 4600
3870 1130 6040 4600
3880 1110 6040 4600
3890 1100 6040 4600
3900 1120 6030 4600
3890 1100 6030 4600
3890 1110 6030 4600
3900 1100 6030 4600
3870 1110 6040 4600
3900 1120 6030 4580
3910 1110 6030 4580
3900 1110 6030 4600
3900 1130 6030 4600
3890 1120 6040 4600
