4430 710 6390 4530
4430 740 6390 4530
4420 730 6390 4520
4420 740 6400 4520
4420 750 6400 4520
4410 740 6400 4520
4410 760 6400 4510
4400 740 6400 4520
4400 740 6400 4520
4410 740 6400 4520
4420 740 6400 4530
4430 720 6400 4540
4430 720 6400 4530
4430 730 6400 4530
4430 730 6390 4530
4430 740 6390 4530
4430 740 6390 4530
4430 710 6390 4540
4420 720 6400 4530
4430 720 6400 4530
4420 720 6390 4520
4420 720 6390 4520
4410 710 6390 4520
4420 710 6390 4510
4420 700 6390 4500
4420 710 6390 4500
4420 700 6390 4500
4430 720 6390 4500
4430 720 6390 4520
4430 720 6400 4520
4430 720 6400 4520
4430 740 6390 4510
4430 740 6390 4510
4430 730 6400 4520
4420 700 6390 4520
4420 710 6390 4520
4420 720 6390 4520
4420 720 6400 4530
4430 730 6400 4530
4420 730 6390 4530
4420 730 6390 4530
4420 750 6390 4530
4420 760 6390 4530
4420 760 6390 4530
4410 760 6390 4540
4410 740 6390 4540
4410 740 6390 4540
4410 740 6390 4540
4410 750 6390 4540
4410 740 6390 4550
4410 750 6390 4550
4400 740 6390 4550
4400 720 6390 4550
4410 720 6390 4550
4420 720 6390 4530
4430 740 6380 4510
4430 740 6390 4510
4430 710 6390 4510
4430 730 6390 4510
4430 750 6390 4510
4430 740 6400 4510
4430 740 6400 4520
4420 740 6400 4520
4430 740 6390 4520
4430 750 6390 4520
4420 740 6390 4520
4420 730 6390 4520
4420 730 6390 4520
4420 730 6400 4530
4410 730 6390 4530
4410 720 6390 4530
4400 710 6390 4530
4400 720 6390 4530
4410 710 6400 4530
4420 720 6400 4530
4420 730 6400 4530
4420 730 6400 4530
4420 720 6400 4530
4420 730 6400 4530
4420 730 6400 4530
4420 720 6400 4530
4420 720 6400 4520
4420 730 6400 4530
4430 730 6390 4520
4430 740 6390 4520
4430 730 6390 4520
4430 740 6410 4520
4420 740 6410 4520
4420 740 6400 4520
4430 730 6400 4520
4430 730 6400 4520
4430 730 6400 4520
4430 730 6400 4520
4430 720 6400 4520
4430 730 6400 4520
4430 740 6400 4520
4430 740 6400 4520
4430 720 6400 4520
4430 720 6400 4510
4430 720 6400 4520
4430 730 6400 4530
4420 710 6400 4540
4420 710 6400 4530
4420 720 6400 4530
4420 740 6390 4530
4420 740 6380 4530
4410 750 6380 4540
4420 740 6390 4550
4430 740 6380 4540
4420 710 6380 4520
4430 710 6380 4520
4430 700 6380 4510
4430 700 6390 4490
4430 700 6390 4490
4410 710 6400 4510
4410 710 6400 4510
4420 730 6400 4520
4420 740 6400 4530
4420 720 6400 4530
4410 720 6390 4530
4410 710 6400 4530
4420 710 6400 4520
4430 710 6390 4520
4420 710 6390 4520
4410 720 6390 4520
4400 730 6390 4520
4410 740 6390 4510
4400 750 6390 4510
4400 750 6390 4510
4400 740 6390 4500
4410 750 6390 4500
4410 740 6390 4500
4420 740 6390 4500
4420 710 6390 4500
4420 700 6390 4500
4420 710 6390 4500
4420 720 6390 4510
4420 720 6390 4510
4420 720 6390 4510
4420 710 6390 4500
4430 720 6390 4510
4420 730 6390 4510
4420 730 6390 4510
4420 730 6390 4500
4410 730 6390 4500
4420 730 6390 4510
4410 740 6390 4510
4410 740 6380 4510
4410 720 6380 4500
4420 720 6380 4510
4410 730 6380 4500
4410 720 6380 4500
4410 730 6380 4500
4420 750 6380 4510
4410 730 6390 4510
4410 720 6390 4510
4410 720 6390 4510
4410 720 6390 4500
4410 710 6390 4510
4420 710 6390 4510
4420 710 6390 4510
4420 730 6390 4510
4420 720 6390 4520
4420 740 6390 4520
4430 720 6390 4520
4430 730 6390 4510
4430 730 6390 4500
4430 750 6390 4500
4430 730 6400 4510
4420 710 6410 4500
4430 720 6400 4500
4430 720 6390 4500
4420 720 6400 4520
4430 730 6400 4520
4430 730 6400 4520
4420 740 6400 4510
4420 740 6400 4500
4410 740 6400 4490
4410 740 6400 4480
4420 730 6400 4480
4410 730 6390 4490
4410 720 6390 4500
4420 730 6390 4510
4420 730 6390 4520
4420 740 6390 4520
4420 740 6390 4520
4420 740 6390 4520
4420 740 6390 4530
4420 740 6390 4530
4410 730 6400 4540
4410 720 6400 4540
4410 730 6390 4530
4420 740 6390 4530
4430 730 6390 4520
4420 710 6400 4520
4420 710 6400 4520
4420 710 6400 4530
4410 720 6390 4530
4420 710 6390 4530
4420 710 6400 4530
4420 720 6400 4530
4420 710 6400 4530
4410 720 6390 4530
4410 730 6400 4530
4420 720 6400 4530
4420 730 6400 4530
4420 740 6400 4550
4420 750 6410 4540
4430 750 6410 4550
4430 750 6400 4550
4440 760 6400 4550
4430 750 6400 4550
4430 760 6400 4550
4420 760 6400 4550
4430 740 6400 4550
4430 730 6400 4550
4430 740 6400 4540
4420 740 6400 4520
4420 750 6400 4530
4420 730 6400 4530
4430 730 6390 4520
4420 720 6390 4530
4430 730 6390 4530
4430 710 6390 4530
4430 720 6390 4540
4420 730 6390 4540
4420 720 6390 4540
