4460 1190 5980 3980
4460 1190 5980 3990
4470 1190 5980 3980
4490 1160 5980 3990
4480 1180 5990 3990
4480 1190 5990 3990
4480 1190 5990 3980
4480 1180 5990 3980
4480 1160 5990 3980
4480 1150 5990 3980
4480 1130 5980 3980
4480 1140 5980 3980
4480 1130 5980 3990
4480 1130 5980 3980
4490 1130 5980 3980
4490 1160 5980 3990
4490 1160 5980 3990
4490 1160 5980 3990
4500 1180 5980 3980
4490 1160 5980 3990
4490 1190 5980 3990
4480 1180 5980 3990
4490 1150 5990 4000
4480 1140 5990 3990
4480 1130 5980 3980
4480 1130 5980 3980
4480 1130 5980 3980
4480 1140 5970 3960
4500 1150 5970 3960
4500 1180 5970 3980
4500 1190 5970 3980
4500 1180 5970 3980
4500 1200 5970 3980
4490 1160 5970 3980
4490 1160 5970 3990
4500 1160 5970 3980
4500 1150 5970 3980
4500 1140 5970 3990
4490 1140 5970 3980
4500 1160 5970 3980
4500 1150 5960 3980
4500 1180 5960 3980
4500 1160 5960 3980
4500 1160 5960 3980
4480 1160 5960 3980
4480 1140 5970 3980
4480 1160 5970 3990
4480 1150 5970 3980
4490 1180 5970 3980
4490 1180 5980 3990
4490 1160 5980 3990
4490 1180 5980 3990
4490 1160 5980 3990
4490 1150 5980 3980
4490 1150 5980 3980
4490 1160 5970 3990
4490 1150 5980 3990
4490 1140 5980 3980
4480 1160 5980 3990
4480 1180 5970 3990
4490 1180 5970 3990
4490 1160 5970 3980
4490 1130 5980 3980
4490 1150 5990 3990
4480 1160 5980 4000
4490 1150 5980 3990
4500 1140 5980 3990
4500 1140 5980 3990
4500 1150 5980 3980
4490 1150 5980 3990
4480 1140 5980 3980
4480 1180 5970 3990
4480 1180 5970 4000
4490 1210 5970 3990
4490 1190 5970 3990
4480 1210 5980 3990
4480 1200 5980 3980
4470 1190 5970 3990
4470 1190 5980 3980
4470 1190 5990 3980
4470 1140 5980 3980
4480 1150 5980 3980
4480 1180 5980 3980
4490 1180 5980 3980
4490 1180 5980 3980
4480 1160 5970 3990
4490 1150 5970 3990
4490 1180 5970 3990
4490 1150 5970 3980
4490 1180 5970 3990
4500 1160 5970 3980
4500 1160 5970 3990
4500 1140 5980 3990
4480 1150 5980 3980
4480 1140 5980 3980
4470 1150 5980 3980
4470 1140 5980 3980
4470 1140 5980 3990
4470 1160 5980 3980
4470 1140 5980 3980
4480 1150 5980 3980
4480 1180 5980 3980
4480 1180 5980 3980
4490 1190 5980 3960
4490 1150 5980 3980
4490 1180 5980 3990
4510 1160 5980 4000
4510 1180 5980 3990
4500 1190 5980 4000
4510 1190 5980 3990
4500 1200 5990 3990
4500 1150 6000 3980
4500 1180 6000 3980
4510 1190 5990 3990
4510 1190 5990 3980
4500 1190 5980 3980
4490 1180 5970 3980
4490 1160 5970 3980
4490 1180 5970 3960
4490 1160 5970 3980
4490 1180 5970 3960
4490 1180 5970 3960
4480 1180 5970 3960
4480 1190 5970 3960
4480 1180 5970 3960
4480 1160 5970 3980
4480 1180 5970 3980
4480 1180 5970 3980
4480 1150 5970 3980
4480 1160 5970 3990
4480 1160 5970 3990
4470 1190 5970 3990
4480 1160 5970 3990
4490 1150 5980 3990
4490 1150 5980 3990
4500 1140 5980 3980
4500 1180 5970 3980
4510 1200 5970 3980
4500 1200 5980 3980
4490 1150 5970 3980
4480 1130 5970 3980
4470 1130 5970 3980
4480 1120 5970 3980
4490 1140 5980 3980
4490 1140 5980 3990
4490 1160 5980 3980
4490 1160 5980 3960
4500 1150 5970 3990
4500 1180 5960 3990
4500 1150 5960 3980
4500 1140 5970 3980
4500 1160 5960 3980
4500 1160 5960 3980
4490 1180 5960 3980
4490 1150 5960 3980
4490 1180 5970 3990
