4640 1580 5690 3470
4650 1580 5690 3470
4650 1600 5690 3470
4650 1590 5690 3470
4640 1590 5690 3470
4640 1590 5690 3470
4630 1590 5690 3470
4610 1600 5690 3470
4640 1590 5680 3480
4650 1600 5680 3470
4650 1590 5680 3470
4660 1590 5690 3460
4650 1590 5690 3460
4630 1600 5690 3460
4640 1600 5680 3460
4640 1600 5680 3470
4640 1590 5680 3460
4640 1590 5680 3460
4630 1590 5680 3460
4640 1590 5680 3460
4650 1600 5680 3470
4630 1610 5680 3470
4630 1610 5680 3470
4640 1600 5680 3470
4630 1600 5680 3480
4630 1600 5680 3470
4640 1600 5680 3470
4640 1600 5680 3470
4640 1600 5680 3470
4630 1600 5680 3470
4630 1600 5690 3470
4630 1600 5690 3480
4630 1600 5690 3480
4630 1600 5690 3480
4630 1590 5690 3470
4630 1590 5690 3470
4630 1600 5680 3480
4630 1600 5680 3480
4620 1590 5680 3470
4630 1590 5680 3470
4630 1600 5680 3460
4620 1610 5680 3470
4620 1610 5680 3470
4620 1610 5680 3470
4640 1600 5680 3470
4630 1610 5680 3470
4640 1600 5680 3470
4640 1610 5680 3480
4630 1600 5680 3480
4630 1610 5680 3480
4630 1610 5680 3470
4640 1610 5680 3480
4640 1620 5680 3480
4640 1610 5680 3470
4650 1610 5680 3470
4650 1600 5680 3470
4660 1610 5680 3480
4660 1610 5690 3480
4660 1610 5690 3480
4670 1610 5690 3480
4640 1610 5690 3470
4630 1600 5680 3470
4640 1600 5680 3470
4630 1620 5680 3470
4630 1620 5680 3470
4620 1610 5680 3470
4630 1620 5680 3470
4630 1600 5680 3470
4630 1610 5680 3470
4630 1600 5680 3470
4630 1600 5680 3470
4630 1600 5680 3470
4650 1620 5680 3470
4640 1610 5680 3470
4640 1600 5680 3470
4640 1590 5680 3470
4650 1600 5680 3480
4620 1610 5680 3480
4630 1610 5680 3480
4630 1610 5680 3480
4630 1600 5680 3480
4640 1590 5680 3470
4640 1580 5680 3470
4660 1590 5680 3470
4660 1580 5680 3470
4660 1590 5680 3470
4650 1600 5680 3470
4650 1610 5670 3470
4650 1610 5670 3480
4650 1620 5670 3480
4650 1610 5670 3480
4660 1610 5670 3470
4640 1600 5680 3460
4620 1610 5680 3460
4620 1610 5680 3460
4620 1610 5680 3460
4630 1610 5680 3460
4630 1600 5680 3460
4640 1610 5680 3470
4640 1600 5680 3470
4640 1600 5680 3470
4630 1610 5680 3470
4620 1610 5680 3480
4620 1610 5680 3470
4640 1590 5680 3480
4640 1590 5680 3480
4640 1590 5680 3480
4640 1590 5680 3480
4640 1590 5680 3480
4650 1600 5670 3480
4660 1620 5670 3480
4670 1610 5670 3480
4650 1610 5680 3470
4640 1600 5680 3470
4640 1600 5680 3470
4640 1600 5680 3470
4640 1600 5690 3460
4630 1600 5690 3470
4630 1600 5690 3470
4630 1610 5690 3480
4640 1610 5680 3480
4640 1610 5680 3480
4640 1610 5680 3470
4640 1610 5680 3480
4640 1600 5680 3470
4630 1600 5680 3470
4630 1600 5680 3470
4630 1610 5680 3470
4630 1610 5680 3470
4630 1610 5680 3460
4640 1600 5680 3460
4640 1590 5680 3460
4650 1590 5680 3460
4650 1590 5680 3460
4640 1600 5670 3460
4660 1590 5660 3460
4660 1590 5660 3470
4660 1590 5670 3470
4660 1590 5670 3460
4660 1600 5670 3460
4630 1600 5680 3460
4630 1600 5680 3460
4640 1610 5680 3460
4640 1610 5680 3460
4640 1610 5670 3460
4630 1610 5670 3470
4630 1610 5670 3480
4640 1610 5670 3480
4650 1610 5660 3480
4650 1610 5670 3480
4650 1610 5670 3480
4630 1610 5670 3480
4630 1600 5670 3470
4640 1610 5670 3470
4640 1600 5680 3470
4640 1600 5690 3470
4630 1600 5690 3470
4650 1600 5690 3470
4650 1600 5690 3470
4640 1590 5690 3470
4640 1600 5680 3480
4640 1600 5680 3480
4640 1590 5670 3480
4640 1590 5670 3480
4610 1590 5680 3470
4630 1590 5680 3460
4630 1590 5680 3460
4650 1600 5680 3460
4650 1600 5680 3460
4650 1600 5680 3460
4630 1610 5680 3470
4640 1610 5680 3480
4660 1610 5670 3480
4670 1610 5670 3480
4650 1610 5680 3490
4650 1620 5680 3490
4640 1620 5680 3490
4650 1620 5680 3480
4650 1610 5680 3470
4640 1610 5680 3470
4640 1610 5670 3480
4640 1610 5670 3480
4640 1610 5670 3480
4640 1610 5670 3480
4640 1600 5670 3480
4640 1610 5670 3480
4620 1610 5670 3480
4630 1600 5680 3470
4630 1600 5680 3470
4630 1600 5680 3470
4630 1600 5680 3470
4630 1600 5680 3480
4630 1600 5680 3470
4630 1600 5680 3470
4630 1600 5680 3470
4630 1600 5680 3470
4620 1600 5690 3470
4620 1590 5680 3480
4620 1590 5680 3480
4620 1590 5680 3480
4630 1600 5690 3470
4640 1610 5680 3460
4640 1610 5680 3460
