4860 2070 5340 2950
4850 2090 5330 2950
4860 2120 5330 2950
4850 2120 5340 2950
4850 2110 5350 2950
4850 2110 5340 2950
4860 2130 5340 2960
4850 2110 5330 2950
4860 2110 5350 2940
4860 2090 5340 2950
4860 2090 5340 2950
4850 2080 5360 2940
4850 2080 5370 2950
4850 2080 5360 2950
4850 2080 5360 2950
4850 2080 5360 2940
4850 2080 5360 2940
4850 2070 5340 2940
4860 2070 5340 2950
4850 2070 5350 2950
4880 2070 5340 2950
4880 2070 5350 2950
4880 2080 5340 2930
4880 2090 5330 2940
4860 2090 5340 2950
4880 2090 5350 2950
4870 2090 5350 2950
4860 2080 5340 2960
4840 2070 5360 2960
4840 2070 5340 2960
4830 2070 5350 2950
4820 2080 5330 2950
4840 2080 5320 2950
4850 2070 5330 2950
4860 2070 5340 2950
4850 2080 5340 2950
4850 2110 5340 2950
4840 2110 5340 2950
4840 2080 5340 2940
4850 2080 5340 2940
4840 2090 5330 2940
4830 2090 5330 2940
4820 2110 5330 2940
4820 2090 5340 2940
4820 2110 5340 2940
4830 2090 5340 2940
4850 2080 5340 2940
4840 2080 5350 2940
4830 2070 5360 2940
4820 2080 5360 2940
4850 2080 5330 2920
4880 2090 5320 2910
4890 2090 5320 2930
4890 2090 5320 2960
4890 2090 5340 2950
4870 2090 5340 2940
4860 2090 5340 2940
4850 2090 5320 2940
4860 2110 5320 2940
4860 2110 5330 2940
4840 2120 5350 2930
4860 2120 5360 2930
4860 2090 5360 2930
4860 2120 5350 2930
4840 2110 5330 2940
4830 2110 5340 2940
4830 2120 5330 2940
4850 2110 5340 2950
4840 2120 5340 2950
4840 2110 5340 2950
4860 2110 5340 2950
4870 2110 5340 2950
4860 2110 5330 2950
4860 2090 5320 2950
4850 2090 5330 2940
4840 2090 5340 2940
4870 2120 5320 2940
4870 2090 5330 2940
4870 2090 5320 2940
4870 2090 5320 2940
4880 2110 5320 2940
4870 2110 5340 2930
4860 2110 5340 2930
4860 2120 5330 2940
4860 2120 5320 2940
4870 2110 5320 2940
4850 2090 5330 2950
4850 2090 5320 2940
4860 2080 5320 2950
4850 2080 5330 2950
4860 2080 5320 2950
4850 2110 5340 2960
4860 2110 5330 2960
4860 2090 5330 2950
4850 2090 5330 2950
4840 2090 5330 2940
4850 2090 5330 2950
4860 2080 5350 2940
4870 2070 5340 2940
4870 2070 5350 2940
4890 2080 5330 2940
4910 2080 5330 2940
4920 2080 5340 2940
4920 2090 5340 2940
4890 2110 5360 2940
4880 2120 5340 2940
4890 2110 5340 2950
4890 2110 5350 2950
4870 2110 5340 2940
4870 2110 5350 2930
4870 2110 5360 2940
4850 2110 5360 2940
4860 2110 5320 2940
4850 2120 5340 2940
4850 2090 5320 2940
4860 2090 5330 2950
4860 2090 5340 2950
4870 2110 5340 2960
4870 2090 5340 2960
4860 2090 5340 2960
4880 2090 5350 2960
4870 2110 5350 2950
4870 2110 5360 2950
4890 2110 5350 2950
4890 2110 5340 2950
4890 2090 5350 2950
4910 2090 5330 2950
4890 2090 5320 2950
4890 2090 5320 2950
4880 2090 5340 2950
4860 2110 5350 2930
4860 2080 5340 2930
4860 2070 5340 2940
4870 2070 5350 2940
4860 2080 5350 2940
4850 2090 5350 2940
4850 2090 5360 2940
4870 2090 5370 2950
4890 2090 5350 2950
4910 2080 5340 2940
4920 2080 5350 2950
4920 2090 5350 2950
4910 2080 5330 2950
4910 2070 5320 2950
4880 2070 5350 2950
4890 2070 5350 2940
4880 2080 5350 2940
4850 2080 5360 2940
4840 2080 5360 2940
4860 2080 5330 2940
4870 2080 5340 2940
4870 2080 5350 2940
4860 2090 5330 2940
4880 2090 5340 2940
4890 2080 5340 2940
4890 2080 5340 2940
4880 2070 5350 2950
4860 2080 5340 2950
4860 2070 5320 2940
4880 2090 5310 2940
4880 2080 5340 2950
4890 2080 5350 2950
4890 2110 5330 2950
4880 2090 5330 2950
4850 2090 5340 2940
4850 2090 5340 2940
4860 2110 5340 2940
4850 2110 5330 2950
4860 2090 5330 2950
4860 2090 5340 2950
4850 2080 5330 2950
4850 2080 5330 2950
4870 2080 5350 2950
4880 2070 5350 2950
4890 2080 5350 2950
4890 2090 5360 2940
4870 2120 5360 2950
4850 2090 5350 2950
4860 2090 5350 2950
4860 2090 5350 2950
4880 2110 5360 2960
4870 2110 5350 2960
4860 2090 5350 2960
4870 2090 5330 2960
4850 2090 5340 2970
4850 2070 5350 2970
4840 2070 5350 2960
