5080 2600 5140 2420
5080 2590 5140 2400
5070 2590 5140 2400
5070 2580 5120 2400
5090 2580 5120 2400
5080 2570 5120 2400
5070 2560 5120 2390
5070 2570 5120 2390
5070 2570 5120 2390
5070 2590 5130 2400
5070 2590 5130 2400
5080 2610 5130 2400
5100 2610 5130 2400
5100 2610 5120 2400
5100 2590 5120 2400
5090 2610 5110 2400
5090 2590 5120 2400
5080 2580 5120 2400
5070 2580 5120 2400
5060 2570 5120 2400
5070 2580 5130 2400
5070 2580 5120 2400
5080 2580 5120 2400
5070 2600 5130 2400
5070 2580 5130 2420
5070 2570 5130 2420
5080 2570 5130 2420
5090 2570 5130 2420
5100 2570 5120 2420
5090 2580 5120 2420
5080 2600 5120 2420
5070 2590 5120 2420
5070 2580 5120 2420
5070 2580 5130 2420
5070 2590 5130 2420
5070 2600 5140 2420
5070 2590 5130 2420
5070 2580 5120 2420
5070 2600 5110 2420
5070 2590 5120 2430
5070 2590 5130 2430
5070 2580 5130 2430
5070 2580 5120 2420
5070 2600 5120 2420
5070 2590 5130 2430
5070 2590 5130 2420
5070 2580 5120 2420
5070 2580 5120 2420
5070 2580 5120 2420
5070 2580 5120 2420
5070 2590 5120 2420
5070 2580 5110 2420
5070 2610 5120 2400
5070 2600 5120 2400
5070 2610 5120 2420
5070 2600 5130 2420
5080 2570 5120 2420
5080 2570 5130 2420
5070 2600 5120 2430
5080 2590 5120 2420
5070 2590 5120 2420
5070 2590 5120 2420
5080 2600 5120 2420
5080 2600 5120 2420
5070 2600 5120 2420
5070 2600 5130 2430
5070 2600 5130 2440
5080 2590 5120 2430
5070 2580 5130 2430
5070 2590 5130 2420
5070 2600 5130 2420
5080 2590 5130 2420
5080 2590 5130 2420
5080 2590 5130 2420
5080 2590 5130 2420
5090 2590 5120 2420
5090 2600 5130 2420
5090 2590 5140 2400
5080 2580 5140 2420
5080 2590 5130 2400
5080 2580 5130 2400
5080 2590 5140 2400
5080 2600 5130 2400
5080 2600 5120 2400
5080 2600 5130 2400
5070 2590 5130 2420
5070 2580 5130 2420
5070 2590 5130 2400
5070 2580 5130 2400
5070 2590 5120 2400
5070 2580 5120 2400
5070 2590 5130 2400
5070 2600 5120 2400
5070 2600 5130 2400
5070 2600 5130 2400
5070 2600 5130 2420
5070 2590 5130 2420
5070 2600 5130 2420
5070 2610 5130 2420
5070 2610 5130 2400
5060 2610 5120 2400
5060 2610 5120 2420
5070 2610 5130 2420
5080 2600 5130 2420
5080 2610 5130 2420
5070 2610 5130 2420
5070 2600 5130 2420
5080 2610 5120 2420
5070 2610 5120 2420
5070 2600 5130 2420
5070 2570 5120 2420
5080 2580 5120 2420
5070 2590 5120 2420
5060 2580 5120 2430
5060 2570 5130 2430
5060 2580 5120 2420
5060 2580 5110 2400
5060 2580 5110 2400
5060 2590 5110 2420
5060 2580 5120 2420
5070 2570 5120 2420
5080 2570 5120 2420
5080 2580 5120 2420
5080 2570 5130 2420
5090 2590 5130 2420
5090 2590 5130 2420
5090 2610 5120 2420
5100 2610 5110 2400
5090 2610 5110 2400
5090 2590 5090 2390
5100 2600 5110 2420
5090 2590 5110 2420
5090 2580 5110 2420
5090 2590 5120 2420
5090 2600 5120 2430
5090 2590 5120 2420
5090 2580 5130 2420
5090 2570 5110 2400
5090 2570 5100 2400
5090 2570 5090 2400
5090 2570 5090 2420
5090 2580 5090 2400
5090 2580 5090 2420
5090 2580 5090 2420
5090 2580 5090 2420
5090 2580 5110 2430
5080 2580 5110 2420
5080 2590 5120 2420
5090 2590 5130 2420
5090 2600 5130 2420
5090 2590 5120 2420
5080 2590 5110 2400
5080 2600 5120 2390
5070 2600 5120 2390
5070 2600 5120 2390
5070 2590 5150 2420
5070 2610 5140 2400
5080 2610 5150 2400
5070 2600 5140 2400
5070 2580 5120 2420
5070 2590 5120 2420
5080 2580 5120 2420
5080 2590 5120 2420
5080 2580 5130 2420
5080 2590 5120 2400
5070 2600 5120 2400
5070 2590 5120 2420
5080 2590 5130 2420
5080 2590 5130 2420
5080 2600 5130 2420
5080 2590 5130 2420
