5330 3070 4850 1900
5320 3080 4850 1910
5340 3080 4850 1900
5340 3070 4850 1900
5340 3070 4840 1910
5340 3090 4830 1920
5340 3090 4830 1920
5310 3090 4850 1900
5330 3080 4840 1910
5330 3080 4840 1920
5330 3080 4820 1910
5310 3080 4840 1910
5310 3080 4840 1910
5310 3080 4830 1900
5310 3080 4840 1900
5310 3080 4840 1910
5330 3080 4850 1930
5340 3090 4860 1910
5340 3080 4850 1910
5330 3080 4860 1900
5320 3070 4860 1900
5310 3070 4850 1900
5310 3070 4860 1910
5310 3070 4860 1900
5310 3070 4850 1900
5340 3080 4870 1910
5320 3080 4860 1900
5320 3080 4850 1900
5320 3080 4840 1910
5330 3080 4840 1910
5310 3080 4860 1920
5330 3080 4850 1920
5330 3100 4840 1910
5340 3090 4830 1910
5330 3090 4830 1910
5350 3090 4840 1910
5340 3090 4850 1920
5320 3090 4860 1910
5330 3090 4870 1900
5320 3090 4850 1920
5330 3080 4840 1920
5320 3080 4850 1920
5320 3080 4850 1920
5340 3070 4850 1920
5340 3060 4840 1920
5350 3070 4850 1930
5340 3080 4850 1930
5340 3090 4850 1920
5350 3090 4850 1920
5350 3080 4840 1920
5340 3090 4840 1930
5340 3090 4850 1920
5320 3070 4860 1920
5340 3070 4850 1920
5350 3060 4850 1920
5340 3070 4850 1920
5340 3070 4850 1920
5340 3080 4840 1920
5330 3080 4830 1920
5320 3070 4840 1930
5320 3070 4850 1930
5340 3090 4850 1930
5340 3080 4860 1920
5350 3080 4860 1920
5350 3080 4870 1920
5350 3080 4850 1930
5340 3080 4840 1910
5340 3080 4840 1910
5350 3080 4840 1900
5350 3070 4830 1920
5350 3070 4830 1930
5350 3080 4850 1920
5350 3090 4850 1920
5340 3090 4840 1920
5340 3090 4840 1910
5340 3080 4840 1900
5350 3080 4840 1900
5350 3080 4850 1900
5360 3080 4840 1900
5340 3090 4860 1900
5340 3090 4860 1910
5330 3090 4860 1920
5350 3090 4860 1910
5340 3090 4860 1920
5340 3100 4860 1930
5340 3090 4860 1930
5350 3080 4860 1930
5360 3080 4860 1930
5350 3070 4860 1920
5340 3060 4840 1930
5340 3070 4850 1910
5340 3070 4870 1910
5340 3080 4860 1920
5350 3090 4860 1920
5360 3090 4860 1900
5360 3090 4860 1910
5340 3080 4840 1910
5330 3090 4840 1910
5350 3080 4840 1920
5360 3090 4840 1920
5350 3090 4830 1910
5340 3090 4850 1910
5350 3090 4840 1910
5350 3090 4860 1920
5340 3090 4840 1920
5340 3080 4840 1900
5340 3090 4840 1890
5340 3090 4850 1900
5330 3090 4840 1900
5330 3090 4850 1910
5340 3080 4860 1910
5340 3070 4860 1920
5360 3060 4870 1910
5350 3070 4860 1910
5330 3070 4850 1910
5330 3080 4860 1910
5340 3080 4860 1910
5340 3080 4860 1910
5340 3080 4860 1920
5330 3070 4840 1930
5340 3080 4840 1920
5340 3080 4840 1910
5330 3080 4840 1910
5330 3080 4840 1910
5330 3080 4860 1900
5350 3080 4840 1890
5340 3080 4840 1890
5350 3080 4840 1890
5340 3070 4850 1900
5330 3080 4850 1900
5330 3080 4840 1910
5340 3090 4840 1910
5330 3100 4850 1920
5330 3100 4850 1910
5340 3110 4840 1910
5360 3110 4850 1910
5360 3110 4830 1920
5360 3100 4850 1930
5360 3100 4850 1930
5360 3100 4850 1930
5360 3100 4860 1920
5360 3100 4880 1920
5350 3090 4870 1910
5350 3080 4860 1920
5330 3070 4860 1920
5350 3070 4860 1920
5340 3080 4850 1920
5340 3080 4860 1900
5350 3080 4840 1890
5350 3090 4840 1900
5340 3090 4840 1890
5340 3090 4840 1910
5320 3090 4830 1900
5310 3090 4840 1900
5330 3080 4850 1890
5330 3090 4850 1890
5350 3100 4850 1900
5350 3110 4850 1900
5340 3110 4850 1900
5350 3110 4860 1910
5340 3100 4870 1920
5340 3100 4850 1920
5350 3100 4850 1920
5340 3100 4840 1910
5340 3080 4860 1900
5340 3080 4840 1900
5350 3090 4840 1910
5340 3090 4840 1910
5330 3090 4840 1900
5340 3080 4840 1910
5340 3080 4860 1920
5340 3070 4860 1930
5350 3070 4860 1920
5360 3070 4870 1930
5350 3070 4860 1920
5350 3070 4850 1920
5360 3080 4850 1920
5350 3080 4860 1910
5350 3080 4860 1920
5350 3090 4870 1920
5340 3090 4860 1920
5340 3080 4870 1920
5350 3080 4860 1920
5350 3080 4860 1920
5350 3080 4870 1910
5320 3080 4860 1920
5320 3080 4840 1920
5320 3090 4860 1920
5340 3100 4850 1920
5350 3100 4840 1920
5350 3100 4850 1930
5330 3100 4830 1920
5330 3110 4830 1920
5320 3110 4840 1920
5320 3080 4860 1930
5330 3080 4850 1920
5340 3080 4850 1930
5340 3090 4850 1920
