1770 4310 3720 5250
1770 4310 3740 5240
1760 4310 3750 5230
1770 4310 3760 5230
1780 4310 3760 5210
1780 4310 3770 5210
1770 4300 3770 5230
1770 4310 3770 5230
1770 4310 3760 5230
1770 4310 3750 5230
1750 4310 3760 5210
1750 4310 3750 5210
1750 4310 3760 5210
1760 4300 3760 5210
1760 4300 3760 5210
1760 4300 3760 5210
1760 4290 3770 5210
1760 4290 3770 5210
1760 4300 3770 5210
1760 4300 3770 5230
1760 4290 3770 5230
1750 4290 3760 5230
1760 4300 3760 5230
1770 4310 3760 5230
1760 4310 3760 5230
1750 4310 3760 5230
1750 4310 3750 5210
1750 4310 3760 5200
1760 4300 3760 5200
1750 4300 3760 5210
1740 4310 3760 5210
1740 4310 3760 5210
1750 4310 3760 5210
1750 4320 3760 5210
1760 4320 3760 5210
1760 4320 3760 5210
1750 4320 3760 5210
1760 4320 3770 5210
1760 4320 3770 5210
1750 4310 3770 5200
1740 4320 3770 5210
1740 4310 3770 5210
1750 4310 3760 5210
1740 4310 3760 5210
1740 4300 3760 5210
1760 4310 3750 5230
1760 4310 3750 5230
1760 4310 3760 5230
1750 4310 3770 5230
1750 4300 3770 5230
1750 4310 3780 5230
1770 4310 3780 5210
1770 4310 3780 5200
1760 4320 3770 5210
1770 4320 3770 5210
1760 4310 3770 5210
1780 4300 3770 5210
1780 4300 3770 5230
1800 4300 3760 5230
1800 4300 3760 5210
1770 4310 3760 5230
1780 4310 3760 5230
1800 4310 3760 5230
1780 4310 3750 5230
1780 4310 3750 5210
1770 4310 3750 5210
1760 4310 3750 5210
1760 4300 3750 5230
1750 4300 3760 5230
1750 4310 3760 5230
1760 4310 3770 5230
1770 4320 3770 5230
1780 4320 3770 5230
1780 4320 3750 5230
1770 4320 3750 5230
1760 4310 3750 5210
1760 4310 3750 5210
1770 4310 3760 5210
1760 4320 3760 5210
1770 4310 3760 5210
1770 4310 3760 5210
1780 4310 3760 5210
1780 4310 3760 5210
1780 4310 3760 5230
1760 4310 3760 5230
1760 4310 3760 5240
1770 4300 3760 5210
1770 4310 3760 5210
1780 4310 3770 5210
1780 4310 3760 5210
1780 4310 3760 5210
1780 4310 3750 5210
1770 4310 3760 5210
1760 4310 3760 5210
1760 4310 3760 5200
1760 4300 3760 5210
1770 4300 3760 5210
1760 4300 3760 5230
1740 4300 3760 5210
1740 4310 3760 5210
1750 4310 3760 5230
1750 4310 3760 5230
1780 4310 3760 5230
1780 4300 3760 5210
1770 4300 3760 5210
1760 4300 3760 5210
1770 4300 3760 5210
1760 4300 3760 5210
1760 4310 3760 5210
1760 4320 3760 5210
1760 4320 3750 5210
1760 4320 3760 5210
1760 4320 3760 5210
1760 4320 3760 5210
1770 4320 3760 5230
1760 4320 3760 5230
1760 4320 3760 5240
1760 4320 3760 5240
1750 4320 3770 5230
1740 4320 3760 5230
1740 4320 3760 5230
1740 4310 3760 5230
1740 4310 3770 5230
1760 4310 3770 5240
1760 4310 3760 5250
1750 4310 3770 5240
1750 4320 3770 5230
1760 4320 3770 5230
1760 4320 3770 5230
1750 4320 3770 5230
1740 4320 3770 5230
1740 4320 3760 5230
1740 4320 3750 5230
1750 4320 3760 5230
1760 4310 3770 5230
1770 4310 3760 5230
1780 4310 3760 5230
1770 4300 3750 5210
1770 4310 3750 5210
1760 4300 3760 5210
1760 4310 3760 5210
1750 4310 3770 5210
1740 4310 3770 5210
1740 4310 3770 5210
1740 4310 3770 5210
1740 4310 3770 5210
1750 4310 3770 5210
1750 4310 3770 5200
1760 4300 3770 5210
1770 4310 3770 5210
1770 4310 3770 5210
1760 4310 3770 5210
1750 4310 3770 5230
1760 4310 3770 5230
1770 4320 3770 5230
1780 4320 3760 5230
1780 4320 3760 5210
1760 4320 3760 5210
1760 4320 3760 5210
1760 4320 3760 5210
1750 4320 3760 5210
1750 4320 3770 5210
1770 4310 3770 5200
1760 4320 3770 5200
1770 4320 3780 5200
1780 4310 3770 5210
1780 4310 3770 5210
1780 4310 3770 5210
1800 4310 3760 5240
1800 4310 3760 5230
1780 4310 3780 5230
1770 4310 3770 5230
1760 4300 3770 5240
1770 4310 3770 5230
1770 4310 3780 5230
1770 4310 3780 5230
1770 4320 3780 5230
1770 4320 3780 5230
1750 4320 3770 5230
1750 4310 3760 5230
1760 4310 3750 5230
1760 4310 3750 5210
1750 4310 3760 5210
1750 4310 3760 5210
1750 4310 3770 5200
1750 4310 3770 5230
1750 4300 3770 5230
1760 4290 3770 5210
1760 4290 3770 5210
1760 4300 3770 5210
1770 4300 3770 5230
1760 4300 3770 5230
1770 4310 3760 5230
1760 4300 3760 5230
1770 4300 3770 5230
1760 4300 3770 5230
1780 4300 3770 5240
1770 4300 3760 5240
1760 4300 3770 5230
1760 4310 3770 5210
1770 4310 3750 5210
1760 4310 3750 5210
1750 4310 3760 5210
1750 4300 3760 5200
1740 4310 3760 5200
1760 4310 3770 5210
1760 4320 3760 5210
1750 4320 3770 5210
1750 4320 3770 5230
1750 4320 3760 5230
1750 4320 3770 5210
1750 4320 3760 5210
1750 4320 3760 5200
1750 4310 3760 5210
1760 4310 3760 5210
1760 4310 3770 5210
1760 4310 3770 5210
1750 4310 3770 5210
1740 4310 3760 5210
1760 4310 3760 5230
1760 4300 3750 5230
1770 4290 3750 5230
1770 4300 3760 5230
1760 4310 3760 5210
1770 4310 3760 5210
1760 4310 3770 5230
1750 4300 3770 5230
1770 4300 3770 5230
1780 4310 3770 5230
1780 4310 3770 5230
1770 4300 3760 5230
1770 4310 3760 5230
1750 4310 3760 5230
1750 4320 3770 5230
1760 4320 3770 5240
1750 4320 3760 5240
1750 4320 3760 5230
1760 4320 3760 5210
1760 4320 3750 5210
1750 4320 3750 5210
