5630 3570 4690 1370
5630 3590 4690 1350
5620 3570 4690 1350
5620 3570 4680 1360
5620 3580 4690 1350
5620 3590 4690 1370
5620 3590 4690 1370
5610 3590 4690 1360
5620 3590 4690 1380
5620 3590 4700 1370
5630 3600 4690 1380
5630 3590 4690 1360
5620 3580 4680 1360
5620 3580 4690 1350
5620 3580 4690 1350
5620 3580 4690 1350
5620 3580 4680 1360
5620 3580 4690 1350
5620 3580 4690 1340
5620 3570 4690 1340
5650 3570 4690 1360
5640 3580 4680 1360
5640 3580 4680 1370
5630 3580 4690 1350
5630 3580 4690 1350
5640 3580 4690 1340
5630 3580 4690 1350
5630 3580 4690 1370
5630 3590 4690 1370
5630 3590 4690 1360
5620 3600 4690 1360
5630 3590 4690 1380
5630 3590 4690 1360
5640 3590 4690 1360
5650 3590 4690 1370
5650 3580 4690 1370
5640 3570 4690 1360
5640 3570 4690 1370
5640 3590 4680 1370
5630 3590 4680 1370
5630 3590 4690 1370
5630 3580 4690 1360
5620 3580 4690 1370
5620 3590 4690 1380
5620 3580 4690 1390
5620 3580 4690 1380
5630 3580 4690 1380
5630 3590 4690 1380
5640 3590 4690 1380
5630 3580 4680 1360
5630 3580 4680 1370
5620 3580 4690 1360
5630 3580 4690 1370
5630 3580 4690 1350
5630 3580 4690 1360
5640 3580 4690 1350
5630 3580 4690 1350
5620 3580 4690 1360
5630 3570 4690 1350
5640 3570 4690 1350
5630 3580 4690 1350
5630 3580 4690 1350
5640 3580 4680 1340
5630 3580 4690 1350
5630 3570 4700 1340
5630 3570 4700 1350
5640 3580 4690 1350
5630 3580 4690 1350
5630 3580 4690 1360
5630 3580 4690 1370
5620 3580 4690 1370
5620 3590 4690 1360
5630 3590 4680 1380
5630 3580 4680 1360
5640 3580 4680 1370
5640 3580 4680 1350
5640 3580 4680 1350
5640 3580 4680 1350
5630 3570 4690 1360
5630 3570 4690 1370
5630 3570 4690 1370
5650 3570 4690 1370
5630 3580 4680 1370
5630 3580 4690 1380
5630 3580 4690 1370
5650 3570 4690 1370
5650 3580 4690 1370
5640 3580 4690 1360
5650 3580 4690 1370
5640 3590 4690 1350
5630 3590 4700 1370
5620 3590 4700 1360
5620 3590 4700 1370
5630 3590 4700 1360
5630 3600 4690 1360
5630 3590 4700 1370
5620 3580 4700 1370
5620 3580 4700 1370
5630 3580 4700 1350
5620 3580 4700 1340
5610 3580 4690 1360
5620 3590 4690 1370
5620 3590 4690 1370
5620 3580 4690 1370
5630 3590 4690 1370
5650 3600 4690 1380
5640 3590 4690 1370
5630 3590 4690 1370
5630 3590 4700 1360
5650 3590 4700 1350
5640 3590 4710 1360
5640 3610 4700 1340
5650 3600 4700 1360
5650 3590 4700 1360
5650 3590 4700 1360
5650 3600 4690 1370
5650 3600 4690 1360
5660 3600 4690 1370
5660 3590 4700 1370
5660 3580 4700 1370
5650 3580 4700 1380
5640 3580 4690 1370
5650 3580 4690 1380
5650 3590 4690 1390
5650 3600 4690 1390
5650 3580 4690 1400
5650 3580 4690 1400
5640 3580 4680 1390
5640 3580 4680 1390
5640 3580 4680 1390
5630 3590 4690 1380
5630 3590 4690 1390
5630 3580 4690 1400
5630 3590 4690 1400
5620 3580 4700 1380
5620 3580 4700 1370
5620 3580 4700 1370
5630 3580 4700 1360
5650 3570 4710 1370
5640 3580 4710 1370
5640 3580 4700 1370
5640 3570 4680 1350
5630 3570 4680 1370
5630 3570 4680 1360
5620 3570 4680 1350
5620 3570 4680 1350
5640 3570 4690 1360
5630 3570 4690 1350
5640 3570 4690 1360
5640 3570 4680 1350
5630 3570 4680 1360
5650 3580 4690 1380
5620 3590 4690 1370
5620 3590 4700 1380
5620 3600 4700 1390
5620 3590 4690 1390
5630 3580 4690 1390
5650 3580 4690 1390
5640 3590 4680 1390
5640 3590 4680 1400
5630 3590 4680 1390
5640 3590 4690 1390
5640 3600 4680 1390
5640 3590 4690 1400
5650 3590 4690 1380
5650 3580 4690 1370
5640 3580 4680 1390
5630 3590 4680 1410
5630 3580 4680 1410
5630 3590 4680 1410
5630 3590 4680 1410
5650 3590 4680 1410
5650 3600 4680 1410
5660 3590 4680 1400
5670 3580 4690 1390
5670 3580 4690 1400
5650 3580 4700 1390
5650 3590 4700 1400
5640 3580 4700 1390
5630 3580 4700 1380
5640 3570 4690 1380
5640 3570 4690 1380
5640 3590 4680 1370
5640 3590 4680 1380
5640 3580 4680 1410
5640 3580 4680 1410
5650 3580 4680 1400
5650 3580 4690 1390
5650 3580 4690 1400
5640 3590 4690 1380
5650 3590 4690 1380
5640 3580 4690 1380
5640 3590 4710 1390
5640 3590 4710 1390
5630 3590 4700 1380
5630 3580 4700 1370
