5930 4070 4550 910
5910 4050 4550 910
5930 4060 4550 910
5920 4060 4550 910
5930 4070 4550 910
5930 4060 4550 910
5910 4060 4550 910
5940 4060 4550 900
5920 4070 4550 910
5930 4070 4550 910
5910 4070 4550 910
5900 4070 4550 920
5930 4070 4550 920
5940 4070 4550 920
5920 4070 4550 910
5920 4070 4550 920
5910 4070 4550 910
5920 4070 4550 910
5930 4070 4560 900
5950 4070 4560 900
5940 4070 4560 900
5940 4070 4560 910
5930 4080 4560 910
5920 4080 4560 920
5930 4070 4550 910
5920 4070 4550 910
5940 4060 4550 920
5920 4070 4530 900
5930 4070 4540 910
5920 4070 4550 910
5930 4070 4550 910
5940 4070 4540 910
5930 4060 4540 910
5910 4070 4550 910
5890 4070 4550 900
5910 4070 4550 910
5920 4080 4550 900
5940 4080 4550 910
5930 4080 4550 900
5930 4080 4550 900
5940 4070 4550 900
5920 4070 4550 910
5920 4070 4550 910
5910 4070 4550 920
5910 4070 4550 920
5920 4070 4550 920
5900 4070 4550 920
5900 4070 4550 910
5920 4080 4550 920
5930 4080 4550 900
5950 4070 4550 900
5940 4070 4550 900
5960 4070 4550 910
5950 4070 4560 910
5950 4060 4560 910
5930 4070 4550 910
5920 4070 4550 910
5930 4070 4550 910
5920 4070 4550 910
5930 4070 4550 910
5920 4070 4550 910
5930 4070 4550 910
5930 4070 4550 900
5930 4070 4550 900
5920 4070 4550 910
5900 4070 4550 920
5890 4060 4550 930
5920 4060 4550 930
5920 4060 4550 920
5920 4060 4550 920
5940 4060 4550 920
5920 4060 4550 920
5920 4060 4550 920
5920 4060 4550 910
5950 4040 4550 920
5950 4030 4550 920
5930 4050 4550 920
5940 4050 4550 910
5930 4050 4550 910
5930 4060 4550 910
5930 4060 4550 920
5920 4070 4550 920
5910 4070 4550 920
5910 4070 4550 930
5910 4090 4550 940
5910 4070 4560 930
5930 4070 4550 910
5910 4070 4550 910
5900 4070 4550 910
5910 4070 4550 910
5910 4070 4550 910
5920 4070 4550 900
5920 4070 4550 900
5910 4070 4550 890
5900 4080 4550 900
5900 4080 4550 900
5910 4080 4550 900
5900 4080 4550 900
5900 4080 4540 910
5900 4080 4540 910
5910 4080 4540 910
5910 4070 4550 910
5910 4070 4550 910
5910 4070 4550 890
5910 4060 4550 910
5900 4070 4550 910
5910 4070 4540 910
5940 4070 4540 910
5930 4070 4540 910
5920 4070 4550 910
5920 4070 4550 910
5910 4070 4550 910
5910 4070 4560 910
5900 4070 4560 910
5900 4080 4560 910
5900 4070 4560 910
5920 4070 4560 900
5910 4080 4570 900
5920 4080 4560 900
5920 4080 4560 900
5920 4080 4550 900
5920 4080 4550 900
5920 4080 4550 900
5910 4090 4550 900
5930 4080 4550 900
5940 4080 4550 900
5920 4080 4550 900
5920 4090 4550 900
5920 4080 4550 900
5930 4080 4550 910
5920 4080 4550 910
5920 4080 4550 910
5910 4080 4550 910
5930 4070 4550 910
5930 4060 4550 910
5920 4070 4550 910
5940 4070 4550 900
5950 4070 4550 890
5940 4060 4550 890
5940 4060 4550 890
5930 4070 4560 890
5930 4080 4560 900
5930 4090 4560 910
5930 4090 4560 900
5930 4090 4560 900
5930 4080 4560 900
5920 4080 4560 900
5920 4070 4550 900
5910 4070 4550 900
5910 4070 4550 900
5900 4060 4550 900
5920 4070 4550 900
5930 4070 4550 910
5950 4080 4550 910
5960 4080 4540 910
5960 4070 4540 910
5940 4080 4540 890
5910 4080 4550 910
5940 4070 4550 910
5920 4070 4550 920
5940 4070 4550 910
5940 4070 4550 910
5940 4070 4550 910
5930 4070 4550 910
5930 4070 4540 910
5930 4070 4540 910
5920 4070 4530 910
5920 4060 4540 910
5920 4060 4540 910
5930 4060 4540 910
5920 4070 4540 910
5920 4070 4550 920
5920 4070 4550 920
5940 4080 4550 920
5930 4080 4560 910
5940 4080 4550 920
