6270 4570 4480 570
6270 4560 4480 580
6270 4560 4480 570
6260 4560 4470 540
6270 4560 4480 560
6280 4550 4470 560
6270 4550 4470 570
6270 4550 4480 570
6280 4560 4480 570
6270 4560 4460 580
6270 4560 4460 580
6270 4560 4460 580
6260 4560 4460 570
6260 4550 4450 570
6260 4550 4450 570
6260 4550 4450 560
6260 4560 4450 560
6270 4560 4470 560
6270 4560 4480 560
6270 4560 4480 560
6280 4560 4480 570
6280 4560 4480 570
6280 4560 4480 570
6270 4560 4480 570
6270 4560 4490 570
6280 4560 4480 570
6260 4560 4480 570
6260 4560 4480 580
6280 4570 4470 570
6280 4570 4460 560
6270 4560 4470 570
6270 4560 4470 580
6260 4560 4470 580
6270 4570 4480 570
6270 4570 4480 570
6270 4570 4480 580
6270 4570 4480 580
6270 4570 4480 580
6290 4600 4490 580
6270 4580 4480 570
6270 4580 4480 570
6270 4580 4480 560
6270 4580 4480 570
6270 4570 4480 570
6250 4570 4480 570
6250 4570 4480 570
6260 4570 4490 570
6260 4570 4490 570
6260 4570 4480 560
6250 4570 4480 560
6250 4570 4480 540
6250 4580 4480 560
6260 4570 4470 570
6270 4570 4470 570
6260 4570 4480 570
6260 4570 4480 580
6270 4570 4480 570
6260 4570 4480 570
6270 4570 4480 570
6270 4560 4480 570
6270 4560 4480 570
6280 4560 4480 570
6270 4570 4460 570
6270 4560 4460 570
6270 4560 4470 570
6260 4570 4480 570
6250 4570 4480 570
6250 4570 4480 570
6260 4570 4480 570
6260 4570 4490 570
6270 4570 4480 570
6260 4570 4480 570
6260 4570 4480 580
6250 4570 4480 590
6260 4580 4480 570
6270 4580 4480 570
6260 4580 4480 580
6270 4570 4480 570
6270 4560 4480 570
6280 4570 4460 570
6280 4570 4460 570
6270 4570 4480 540
6270 4570 4470 560
6260 4570 4480 560
6260 4570 4470 570
6270 4570 4470 570
6270 4570 4470 570
6260 4570 4480 540
6260 4570 4470 560
6260 4570 4470 570
6260 4570 4470 570
6240 4570 4470 570
6240 4570 4470 570
6240 4570 4470 570
6260 4570 4480 570
6270 4560 4480 580
6270 4570 4480 580
6280 4570 4480 580
6270 4570 4470 570
6270 4570 4470 570
6260 4580 4470 570
6260 4580 4470 560
6260 4580 4470 560
6260 4570 4470 540
6260 4580 4470 560
6270 4580 4480 570
6280 4580 4480 570
6270 4570 4480 560
6260 4570 4470 570
6260 4570 4470 570
6260 4570 4470 570
6260 4570 4470 570
6270 4560 4470 570
6290 4560 4470 570
6290 4570 4470 570
6290 4570 4470 580
6290 4570 4480 580
6280 4570 4480 570
6270 4570 4480 570
6260 4570 4490 570
6270 4570 4490 580
6260 4570 4480 580
6260 4560 4480 580
6260 4570 4470 580
6270 4570 4470 580
6260 4570 4470 580
6260 4570 4470 580
6260 4570 4480 580
6270 4560 4480 570
6260 4560 4480 580
6270 4560 4470 570
6270 4560 4480 580
6270 4570 4470 580
6280 4570 4480 580
6260 4570 4480 570
6250 4570 4480 580
6260 4560 4470 570
6260 4560 4470 580
6260 4550 4480 580
6270 4550 4490 570
6270 4550 4500 570
6260 4560 4490 570
6250 4560 4480 570
6250 4560 4490 560
6260 4550 4490 540
6270 4550 4480 540
6280 4550 4480 530
6270 4560 4470 560
6270 4560 4470 560
6270 4550 4470 570
6270 4550 4470 580
6270 4560 4470 580
6260 4560 4470 570
6260 4560 4480 570
6260 4560 4480 580
6240 4560 4480 560
6270 4580 4480 570
6270 4580 4480 570
6260 4570 4480 570
6270 4570 4480 570
6270 4570 4490 580
6280 4580 4480 570
6280 4580 4480 580
6270 4580 4480 580
6290 4580 4490 580
6290 4580 4500 570
6270 4570 4500 570
6270 4570 4490 580
6250 4570 4490 580
6250 4570 4490 570
6250 4570 4490 570
6250 4570 4490 570
6260 4570 4480 570
6260 4570 4490 580
6260 4570 4460 570
6260 4560 4460 570
6260 4560 4460 580
6250 4550 4460 570
6260 4560 4460 570
6260 4560 4450 570
6270 4560 4460 570
6270 4560 4450 570
6290 4560 4470 560
6300 4550 4480 570
6270 4550 4480 580
6270 4560 4470 580
6260 4560 4480 580
6250 4560 4480 570
