620 4510 4450 6370
620 4500 4460 6400
650 4500 4450 6380
630 4510 4450 6380
630 4510 4450 6380
620 4530 4450 6380
650 4520 4450 6400
660 4520 4450 6390
650 4520 4460 6390
620 4520 4440 6400
640 4520 4440 6390
620 4540 4450 6390
630 4530 4450 6390
630 4530 4450 6390
620 4530 4460 6390
610 4540 4460 6390
610 4540 4460 6380
620 4530 4460 6380
610 4530 4460 6380
610 4540 4460 6380
640 4530 4470 6380
620 4530 4460 6380
620 4530 4460 6380
630 4510 4460 6400
630 4520 4470 6400
630 4500 4460 6380
630 4510 4460 6390
640 4520 4460 6400
660 4520 4460 6390
660 4520 4460 6390
640 4520 4460 6410
640 4520 4470 6410
650 4510 4450 6390
630 4530 4440 6390
620 4520 4440 6390
620 4520 4440 6390
640 4520 4440 6390
630 4520 4440 6390
660 4520 4450 6400
640 4520 4450 6410
630 4530 4450 6400
650 4540 4450 6400
630 4540 4460 6400
640 4530 4450 6400
650 4540 4440 6390
640 4530 4450 6390
650 4520 4460 6390
640 4520 4450 6380
640 4520 4450 6380
630 4520 4450 6380
640 4520 4450 6380
650 4510 4450 6390
660 4510 4450 6390
660 4530 4450 6390
640 4540 4440 6390
650 4530 4430 6400
660 4520 4430 6390
640 4510 4430 6390
640 4520 4440 6380
630 4520 4450 6400
630 4540 4450 6400
630 4540 4450 6390
630 4540 4440 6390
630 4530 4440 6400
620 4520 4450 6390
610 4520 4440 6410
630 4520 4460 6400
650 4510 4460 6400
630 4510 4450 6400
640 4500 4460 6400
640 4520 4460 6390
660 4520 4450 6390
640 4510 4460 6380
640 4540 4460 6380
630 4540 4450 6390
620 4530 4460 6380
610 4520 4470 6390
630 4530 4470 6400
630 4530 4470 6400
630 4520 4470 6390
670 4520 4470 6390
640 4530 4460 6380
630 4520 4450 6380
630 4520 4450 6390
650 4520 4460 6390
640 4530 4470 6390
640 4530 4470 6370
630 4520 4470 6380
630 4530 4470 6390
650 4510 4450 6380
630 4510 4450 6380
650 4520 4440 6380
630 4530 4440 6380
630 4520 4440 6400
660 4520 4450 6390
660 4530 4450 6400
640 4530 4460 6390
640 4540 4460 6390
660 4530 4460 6390
650 4530 4450 6400
650 4520 4450 6400
630 4530 4450 6390
640 4530 4450 6390
650 4530 4460 6390
650 4530 4470 6400
670 4520 4470 6390
640 4530 4470 6400
660 4530 4460 6390
650 4540 4460 6370
650 4540 4450 6380
640 4540 4450 6390
640 4540 4450 6390
650 4540 4450 6390
650 4540 4450 6390
630 4530 4450 6390
630 4530 4450 6390
650 4530 4450 6390
630 4540 4450 6390
640 4550 4450 6390
630 4550 4450 6400
610 4530 4450 6380
640 4530 4450 6380
630 4540 4450 6400
630 4530 4460 6400
630 4520 4470 6400
630 4530 4470 6400
630 4530 4470 6400
640 4530 4460 6400
640 4540 4450 6390
620 4540 4460 6400
610 4530 4460 6400
610 4530 4460 6390
630 4520 4460 6390
620 4550 4460 6390
650 4540 4460 6400
680 4550 4460 6390
660 4550 4460 6410
660 4550 4470 6410
680 4550 4460 6390
660 4550 4460 6390
640 4550 4450 6390
650 4530 4450 6400
640 4530 4450 6400
620 4540 4440 6390
600 4540 4460 6390
620 4550 4450 6400
620 4540 4450 6410
640 4540 4440 6420
650 4530 4440 6420
660 4520 4450 6410
660 4520 4460 6400
660 4520 4450 6400
660 4520 4460 6400
660 4510 4470 6390
660 4520 4470 6390
680 4540 4460 6400
660 4550 4470 6390
640 4550 4470 6390
630 4540 4460 6390
640 4540 4450 6400
630 4540 4450 6410
650 4530 4450 6390
650 4540 4450 6390
640 4550 4450 6390
650 4550 4450 6380
650 4550 4460 6380
630 4540 4470 6390
620 4540 4470 6380
620 4550 4460 6380
630 4550 4460 6370
620 4560 4460 6380
650 4550 4460 6370
630 4540 4460 6370
620 4540 4450 6390
610 4550 4450 6380
600 4540 4450 6380
600 4540 4450 6390
610 4550 4450 6390
620 4550 4450 6390
620 4550 4440 6400
630 4540 4450 6400
660 4530 4440 6390
670 4530 4440 6400
650 4530 4450 6400
