1040 4570 4010 6050
1040 4570 4010 6050
1040 4560 4010 6060
1050 4560 4010 6050
1050 4560 4010 6040
1050 4560 4010 6040
1060 4560 4010 6030
1040 4570 4010 6030
1040 4570 4010 6040
1040 4570 4010 6050
1040 4570 4000 6050
1030 4570 4000 6050
1030 4560 3990 6040
1040 4560 4010 6030
1040 4560 4000 6030
1040 4570 4010 6030
1050 4570 4010 6050
1050 4560 4000 6050
1050 4580 4010 6030
1050 4600 4020 6030
1060 4580 4010 6030
1060 4580 4010 6030
1050 4580 4010 6040
1050 4570 4000 6050
1040 4570 4010 6040
1030 4570 4000 6030
1030 4570 4000 6040
1030 4550 4000 6030
1040 4560 4010 6030
1040 4570 4000 6030
1040 4560 4010 6030
1050 4550 4010 6040
1050 4550 4010 6040
1050 4560 4010 6050
1050 4570 4020 6050
1050 4570 4010 6040
1060 4570 4020 6040
1060 4560 4010 6030
1050 4560 4010 6030
1040 4560 4010 6030
1040 4560 4000 6030
1040 4560 4000 6030
1040 4550 4010 6040
1040 4550 4010 6020
1040 4560 4000 6030
1040 4550 4010 6030
1060 4550 4010 6020
1020 4550 4010 6030
1030 4560 4000 6040
1050 4550 3990 6050
1020 4560 4000 6050
1030 4550 4000 6050
1030 4560 3990 6040
1060 4570 4000 6040
1020 4570 4000 6040
1040 4570 4000 6040
1030 4560 4010 6030
1050 4570 4000 6030
1060 4550 4010 6050
1060 4550 4010 6030
1050 4550 4020 6030
1050 4550 4010 6040
1050 4550 4010 6050
1050 4560 4000 6050
1040 4570 4000 6040
1050 4550 3990 6030
1060 4550 4000 6040
1060 4560 3990 6040
1050 4550 3990 6050
1060 4550 4000 6050
1050 4550 4000 6040
1050 4560 4000 6030
1050 4560 4010 6040
1040 4550 4010 6040
1040 4550 4000 6040
1040 4560 3990 6040
1040 4550 3990 6030
1040 4550 3990 6030
1040 4560 4010 6030
1050 4570 4010 6030
1050 4570 4020 6030
1040 4570 4020 6040
1040 4570 4020 6030
1040 4570 4010 6030
1020 4560 4010 6030
1060 4550 4000 6040
1010 4550 4010 6040
1010 4560 4010 6040
1020 4560 4010 6040
1060 4560 4000 6040
1040 4560 3990 6030
1040 4560 4000 6030
1040 4560 3990 6030
1040 4550 3980 6030
1040 4560 3980 6040
1040 4570 4010 6040
1050 4560 4010 6040
1050 4560 4000 6040
1040 4550 4010 6030
1040 4550 4010 6030
1030 4550 4010 6040
1030 4550 4010 6040
1050 4550 4010 6040
1050 4550 4010 6040
1050 4550 4010 6040
1060 4550 4010 6030
1040 4560 4020 6020
1030 4560 4020 6020
1030 4560 4020 6030
1040 4560 4020 6030
1050 4560 4010 6040
1060 4560 4010 6030
1060 4560 4010 6030
1050 4550 4010 6030
1040 4550 4000 6020
1030 4550 4000 6030
1050 4550 4000 6030
1050 4550 4000 6040
1050 4550 4000 6040
1050 4550 4000 6030
1030 4560 4010 6030
1030 4560 4010 6030
1050 4560 4010 6040
1060 4560 4010 6040
1060 4550 4000 6030
1060 4550 3990 6030
1060 4560 3990 6030
1060 4560 3990 6030
1060 4570 4000 6030
1060 4570 4000 6030
1060 4570 4000 6030
1060 4570 4000 6030
1050 4570 4000 6040
1040 4570 4000 6050
1040 4550 4010 6040
1040 4550 4000 6030
1040 4550 4000 6040
1030 4550 4000 6030
1040 4560 3990 6050
1040 4560 3990 6060
1040 4570 4000 6060
1030 4570 3990 6050
1040 4570 4000 6050
1040 4570 4010 6050
1040 4570 4010 6050
1040 4570 4010 6050
1040 4570 4010 6040
1030 4570 3990 6040
1030 4570 4000 6040
1040 4570 3990 6050
1030 4560 4000 6050
1040 4560 3990 6040
1040 4560 3980 6040
1050 4560 3980 6040
1060 4550 4010 6040
1040 4550 4010 6040
1050 4550 4010 6040
