1470 4720 3540 5740
1460 4720 3540 5740
1450 4720 3540 5740
1450 4720 3540 5740
1430 4720 3540 5740
1420 4720 3540 5750
1420 4720 3540 5760
1420 4710 3540 5760
1420 4710 3540 5760
1420 4710 3540 5760
1420 4710 3550 5760
1440 4720 3540 5750
1450 4720 3540 5740
1450 4720 3540 5750
1450 4720 3540 5760
1440 4720 3540 5760
1450 4720 3540 5760
1430 4720 3540 5750
1440 4710 3540 5750
1430 4710 3540 5750
1430 4710 3530 5750
1430 4710 3530 5740
1440 4720 3530 5740
1440 4720 3530 5740
1420 4730 3550 5740
1430 4730 3550 5750
1430 4730 3540 5750
1450 4730 3530 5750
1440 4730 3530 5740
1450 4730 3520 5740
1450 4720 3520 5750
1450 4710 3550 5750
1460 4730 3520 5750
1460 4730 3520 5750
1460 4740 3530 5750
1450 4740 3530 5740
1440 4730 3530 5750
1450 4730 3530 5750
1450 4730 3540 5740
1450 4730 3540 5750
1460 4720 3540 5750
1470 4720 3540 5740
1450 4720 3530 5730
1450 4710 3530 5740
1460 4710 3530 5740
1450 4720 3530 5740
1450 4720 3530 5740
1450 4710 3530 5740
1460 4710 3530 5740
1470 4720 3540 5750
1460 4710 3530 5760
1450 4710 3530 5760
1440 4710 3530 5760
1440 4710 3530 5760
1440 4710 3530 5760
1430 4720 3520 5760
1430 4720 3520 5760
1420 4710 3530 5760
1440 4710 3530 5760
1440 4710 3520 5770
1420 4710 3520 5760
1430 4710 3530 5770
1450 4710 3530 5770
1450 4710 3530 5760
1450 4710 3530 5760
1450 4710 3530 5760
1450 4710 3540 5760
1460 4720 3530 5750
1460 4710 3530 5760
1460 4720 3540 5740
1450 4720 3530 5740
1460 4720 3530 5750
1460 4720 3540 5750
1460 4710 3540 5740
1450 4720 3540 5740
1460 4730 3550 5760
1460 4730 3540 5760
1460 4720 3530 5750
1460 4710 3530 5740
1460 4710 3530 5740
1450 4720 3540 5730
1450 4730 3530 5730
1460 4730 3530 5740
1460 4710 3520 5740
1450 4710 3530 5740
1440 4720 3530 5740
1440 4720 3530 5750
1440 4730 3530 5740
1450 4720 3530 5740
1450 4710 3530 5740
1460 4710 3530 5740
1440 4710 3530 5750
1450 4720 3530 5760
1450 4720 3530 5750
1450 4720 3540 5750
1450 4710 3540 5760
1450 4710 3550 5760
1450 4720 3550 5750
1440 4710 3550 5740
1440 4710 3540 5740
1440 4710 3530 5750
1450 4710 3540 5750
1440 4720 3540 5750
1440 4720 3530 5740
1450 4720 3540 5750
1450 4720 3540 5750
1450 4730 3540 5750
1450 4730 3540 5750
1450 4720 3540 5750
1440 4720 3530 5740
1440 4720 3540 5740
1450 4720 3530 5740
1450 4720 3520 5760
1440 4720 3530 5750
1440 4720 3530 5750
1440 4720 3540 5750
1440 4720 3540 5750
1450 4720 3540 5750
1450 4720 3540 5750
1450 4720 3530 5740
1450 4720 3520 5740
1460 4720 3520 5750
1450 4720 3520 5750
1450 4720 3530 5750
1450 4720 3540 5750
1440 4730 3530 5750
1430 4730 3530 5750
1430 4730 3520 5750
1430 4730 3530 5750
1440 4730 3520 5750
1450 4740 3530 5750
1440 4740 3530 5750
1440 4740 3520 5750
1430 4730 3520 5750
1440 4730 3530 5750
1440 4730 3540 5750
1430 4730 3540 5750
1440 4730 3540 5740
1450 4730 3540 5740
1450 4730 3550 5740
1450 4730 3550 5750
1440 4730 3550 5740
1440 4720 3540 5750
1440 4720 3540 5750
1440 4730 3530 5750
1440 4730 3530 5750
1440 4730 3530 5740
1440 4730 3520 5740
1440 4710 3530 5740
1440 4710 3530 5740
1440 4720 3530 5740
1420 4720 3520 5740
1430 4720 3530 5740
1430 4720 3530 5740
1430 4720 3540 5740
1430 4730 3540 5740
1440 4720 3550 5740
1450 4720 3550 5740
1430 4720 3540 5740
1440 4720 3530 5740
1440 4720 3530 5740
1450 4710 3530 5750
1450 4710 3530 5750
1450 4720 3530 5740
1450 4730 3530 5740
1450 4730 3530 5740
1440 4730 3530 5740
1460 4730 3530 5740
1440 4720 3530 5750
1450 4710 3530 5750
1440 4720 3540 5750
1450 4730 3540 5750
1450 4720 3540 5750
1450 4720 3540 5750
1450 4720 3540 5750
