1960 4910 3000 5410
1950 4890 3010 5410
1940 4880 3010 5400
1940 4880 3010 5400
1940 4890 3010 5410
1940 4880 3010 5410
1930 4890 3010 5410
1940 4890 3010 5420
1940 4890 3010 5410
1930 4910 3010 5410
1930 4910 3010 5410
1930 4880 3000 5400
1940 4890 3000 5420
1950 4880 3000 5410
1950 4890 3000 5410
1930 4880 2990 5420
1940 4890 3010 5420
1930 4890 3010 5420
1950 4910 3020 5430
1930 4890 3020 5420
1930 4890 3010 5420
1940 4880 3000 5420
1940 4880 2990 5410
1940 4880 3010 5410
1940 4880 3010 5410
1940 4880 3010 5410
1920 4890 3010 5410
1930 4890 3010 5410
1950 4890 3010 5410
1950 4890 3010 5410
1940 4880 3000 5410
1940 4890 3000 5410
1940 4890 3000 5410
1930 4890 3000 5410
1950 4890 3000 5400
1940 4890 3010 5400
1950 4910 3010 5400
1950 4910 3010 5400
1950 4890 3000 5400
1960 4890 3000 5400
1960 4890 3000 5410
1940 4890 3000 5410
1940 4910 3000 5420
1950 4910 3000 5420
1950 4910 3000 5420
1940 4890 3000 5420
1940 4890 3000 5430
1940 4890 2990 5430
1930 4890 2990 5430
1940 4890 3000 5430
1960 4890 3010 5430
1960 4890 2990 5420
1950 4910 3000 5420
1950 4890 3000 5420
1950 4890 3010 5420
1950 4910 2990 5420
1950 4890 2990 5410
1950 4890 2990 5410
1930 4890 3000 5420
1930 4890 3000 5430
1930 4890 3000 5430
1930 4890 3000 5440
1940 4880 3000 5430
1940 4880 2990 5430
1930 4880 3000 5420
1940 4880 3020 5410
1940 4910 3010 5410
1950 4910 3010 5410
1960 4910 3010 5410
1960 4910 3010 5410
1950 4910 3010 5410
1940 4890 3000 5420
1940 4890 3000 5420
1940 4910 2990 5410
1930 4910 3000 5410
1930 4910 3000 5400
1950 4910 3000 5410
1950 4920 3000 5410
1940 4920 3010 5420
1940 4910 3000 5420
1950 4910 3000 5420
1940 4910 3000 5430
1930 4890 3010 5420
1930 4890 2990 5420
1930 4910 3000 5410
1930 4910 3000 5410
1920 4920 2990 5410
1930 4920 2990 5410
1940 4920 3000 5410
1940 4920 3000 5420
1940 4910 3000 5420
1940 4890 3000 5420
1920 4890 3010 5420
1930 4890 3020 5430
1950 4890 3020 5430
1940 4890 3010 5420
1940 4890 3010 5420
1940 4890 3010 5430
1940 4910 3010 5420
1930 4920 3010 5430
1950 4920 3020 5430
1950 4920 3020 5430
1940 4910 3020 5420
1930 4910 3010 5420
1930 4890 3010 5430
1940 4890 3000 5430
1960 4890 2990 5440
1950 4890 2980 5430
1940 4890 2990 5430
1940 4890 3000 5420
1940 4890 3010 5420
1930 4890 3010 5420
1940 4890 3020 5420
1940 4910 3010 5420
1940 4910 3010 5420
1940 4910 3000 5420
1940 4910 3010 5430
1950 4910 3010 5420
1960 4890 3010 5420
1940 4920 2990 5430
1930 4910 3010 5430
1930 4910 3010 5420
1950 4910 3010 5420
1950 4910 3000 5420
1930 4910 3000 5420
1940 4910 3000 5420
1930 4910 3000 5430
1940 4910 3000 5430
1950 4910 2990 5440
1950 4910 3000 5410
1950 4910 3000 5410
1950 4890 2990 5420
1950 4890 3000 5420
1970 4890 3000 5410
1940 4890 2990 5420
1960 4880 2990 5410
1960 4890 2990 5410
1950 4910 3000 5410
1950 4890 3010 5420
1940 4890 3010 5420
1940 4890 3010 5420
1950 4910 3010 5420
1940 4910 3000 5420
1940 4910 3010 5430
1940 4910 3010 5420
1950 4910 3010 5420
1940 4910 3010 5420
1940 4910 3000 5420
1930 4910 2990 5420
1930 4890 2980 5430
1940 4890 2990 5430
1940 4890 2990 5420
1950 4910 2990 5410
1940 4910 3000 5420
1940 4890 3000 5410
1940 4910 2990 5400
1940 4890 3000 5420
1940 4880 3000 5420
1940 4890 3010 5410
1950 4910 3010 5410
1960 4910 3000 5430
1970 4890 3000 5430
1960 4910 2990 5430
1950 4910 2990 5430
1950 4890 2990 5430
1950 4890 2980 5430
1960 4880 2970 5410
1950 4880 2980 5430
1940 4890 2990 5420
1950 4890 2980 5420
1950 4890 2980 5420
1960 4880 3000 5410
1950 4880 3020 5420
