2430 5090 2510 5140
2440 5100 2510 5140
2450 5100 2520 5140
2430 5090 2520 5130
2420 5080 2510 5120
2420 5100 2520 5120
2440 5100 2520 5130
2440 5090 2520 5120
2440 5090 2520 5110
2450 5090 2520 5120
2450 5090 2520 5120
2450 5090 2520 5120
2450 5090 2510 5120
2450 5080 2510 5120
2450 5090 2520 5120
2440 5090 2520 5110
2440 5100 2520 5110
2460 5090 2530 5110
2450 5090 2530 5120
2450 5110 2520 5120
2440 5090 2530 5120
2450 5090 2520 5120
2440 5090 2520 5120
2440 5090 2520 5130
2430 5080 2520 5130
2420 5070 2510 5130
2430 5070 2530 5130
2430 5070 2530 5130
2420 5090 2530 5130
2420 5070 2530 5120
2420 5080 2540 5120
2420 5080 2530 5120
2440 5100 2540 5130
2440 5100 2550 5130
2440 5090 2520 5110
2420 5050 2520 5130
2420 5050 2510 5130
2430 5060 2510 5130
2420 5060 2520 5130
2420 5070 2520 5130
2430 5060 2500 5110
2430 5060 2510 5110
2450 5080 2520 5120
2450 5070 2520 5130
2450 5080 2520 5120
2450 5090 2530 5110
2450 5100 2530 5120
2440 5070 2520 5110
2440 5070 2510 5120
2440 5080 2500 5120
2430 5070 2510 5120
2420 5090 2520 5120
2430 5080 2530 5110
2420 5080 2520 5120
2400 5100 2520 5130
2420 5110 2520 5130
2420 5110 2520 5120
2420 5110 2520 5120
2460 5100 2500 5120
2440 5060 2510 5130
2450 5070 2500 5120
2430 5060 2500 5120
2440 5060 2490 5130
2440 5060 2500 5130
2440 5070 2500 5110
2460 5060 2510 5120
2450 5060 2520 5110
2450 5060 2510 5100
2450 5050 2520 5110
2450 5050 2510 5110
2450 5050 2490 5110
2440 5060 2510 5120
2430 5060 2500 5120
2430 5050 2500 5130
2430 5070 2510 5130
2420 5080 2510 5130
2430 5060 2530 5120
2420 5060 2540 5140
2420 5080 2540 5130
2430 5070 2530 5140
2430 5060 2530 5140
2430 5060 2520 5140
2430 5080 2530 5140
2430 5110 2530 5130
2420 5090 2510 5120
2430 5080 2520 5110
2440 5070 2510 5100
2440 5070 2510 5110
2430 5080 2520 5110
2420 5090 2510 5120
2430 5080 2510 5120
2440 5070 2520 5110
2440 5090 2510 5130
2440 5090 2510 5120
2440 5110 2520 5120
2430 5110 2520 5120
2420 5100 2520 5120
2420 5090 2520 5120
2430 5070 2510 5120
2420 5070 2510 5120
2430 5080 2520 5130
2440 5070 2520 5130
2440 5090 2520 5130
2430 5090 2520 5130
2430 5070 2520 5120
2420 5060 2520 5130
2440 5060 2530 5140
2430 5070 2530 5140
2450 5090 2510 5130
2450 5090 2510 5120
2450 5090 2510 5120
2440 5090 2530 5120
2440 5090 2530 5120
2440 5070 2510 5120
2440 5070 2520 5130
2430 5070 2500 5120
2450 5070 2510 5130
2450 5070 2510 5120
2450 5080 2510 5120
2450 5100 2500 5110
2450 5090 2510 5120
2440 5090 2510 5110
2440 5070 2500 5130
2430 5050 2510 5120
2430 5060 2520 5120
2440 5070 2530 5130
2450 5060 2520 5130
2450 5060 2520 5120
2450 5080 2520 5120
2450 5090 2510 5120
2440 5090 2520 5120
2430 5070 2520 5120
2430 5080 2520 5120
2450 5070 2510 5120
2440 5090 2500 5120
2430 5080 2500 5120
2430 5080 2510 5110
2430 5080 2520 5110
2440 5090 2520 5110
2440 5080 2520 5110
2440 5090 2520 5110
2440 5100 2520 5120
2440 5100 2520 5120
2440 5090 2500 5120
2440 5080 2510 5120
2430 5090 2520 5120
2430 5090 2520 5130
2440 5080 2520 5120
2440 5080 2530 5120
2440 5070 2490 5120
