2990 5380 1950 4940
2980 5370 1950 4920
2980 5360 1950 4920
2990 5380 1950 4920
2990 5380 1950 4920
3000 5370 1950 4920
2990 5360 1950 4910
3000 5360 1950 4910
2990 5370 1950 4910
3000 5370 1950 4910
2980 5390 1950 4920
2970 5370 1950 4920
2960 5380 1960 4920
2960 5380 1950 4920
2960 5380 1950 4910
2960 5380 1950 4920
2960 5380 1950 4940
2950 5390 1950 4940
2950 5390 1940 4940
2960 5370 1940 4930
2970 5370 1940 4930
2970 5380 1940 4940
2980 5370 1940 4940
2970 5370 1940 4930
2980 5370 1940 4920
2990 5360 1940 4940
2990 5360 1940 4930
3000 5380 1940 4940
2990 5390 1950 4920
2990 5390 1950 4930
3000 5390 1950 4930
3000 5380 1950 4930
2990 5390 1960 4940
2990 5350 1950 4920
2990 5350 1950 4930
2990 5350 1950 4920
2990 5350 1950 4910
2990 5360 1960 4920
2980 5350 1950 4910
2980 5370 1950 4920
2980 5370 1950 4920
3000 5380 1950 4920
2980 5390 1940 4920
2980 5370 1940 4930
2980 5370 1950 4930
2970 5370 1950 4940
2980 5370 1940 4940
2980 5370 1940 4940
3000 5360 1940 4950
3000 5360 1940 4950
2990 5360 1940 4940
2980 5340 1940 4930
3000 5350 1940 4930
3010 5360 1940 4930
2980 5370 1940 4920
2990 5370 1940 4920
2990 5350 1950 4940
2960 5370 1960 4930
2960 5380 1950 4920
2990 5370 1950 4920
2980 5370 1950 4920
3000 5380 1950 4930
2980 5390 1950 4940
2990 5370 1960 4940
2990 5370 1960 4940
2990 5380 1950 4940
2990 5370 1950 4940
2990 5380 1950 4920
2990 5370 1950 4920
2990 5370 1960 4920
2980 5370 1950 4920
2980 5370 1950 4930
2980 5360 1950 4940
2980 5370 1950 4930
2990 5390 1960 4940
2980 5380 1940 4920
2980 5360 1940 4920
2970 5370 1950 4910
2970 5390 1950 4910
2980 5380 1960 4940
2970 5370 1950 4930
2970 5370 1950 4920
2980 5370 1950 4940
2970 5370 1940 4940
2960 5390 1940 4950
2970 5380 1950 4950
2960 5370 1940 4940
2960 5370 1940 4940
2960 5370 1930 4940
2950 5360 1940 4940
2960 5350 1940 4940
2970 5350 1950 4910
2950 5370 1960 4930
2960 5370 1950 4940
2970 5370 1950 4940
2960 5370 1950 4930
2970 5380 1950 4930
2990 5390 1950 4940
2990 5380 1950 4940
2970 5370 1950 4940
2970 5370 1950 4930
2970 5370 1950 4920
2970 5370 1950 4920
2970 5380 1940 4930
2960 5380 1950 4940
2980 5390 1950 4950
2990 5370 1950 4950
2980 5360 1950 4930
2980 5380 1950 4930
2970 5370 1950 4930
2970 5370 1950 4940
2960 5370 1950 4940
2970 5360 1960 4940
2960 5360 1960 4930
2960 5360 1950 4930
2960 5370 1940 4930
2990 5370 1950 4930
3000 5370 1960 4940
3000 5380 1960 4930
2990 5380 1950 4930
2980 5380 1950 4920
2970 5390 1950 4930
2970 5390 1950 4930
2960 5390 1950 4930
2980 5410 1950 4920
2990 5390 1960 4920
2970 5380 1960 4920
2960 5370 1950 4930
2980 5370 1950 4920
2980 5370 1950 4930
2960 5370 1950 4910
2960 5390 1950 4930
2960 5380 1950 4930
2960 5390 1950 4930
2980 5380 1960 4930
3000 5380 1950 4930
2990 5370 1960 4910
2980 5370 1960 4890
2990 5370 1950 4890
2990 5360 1950 4920
2980 5370 1950 4920
2970 5360 1950 4940
2980 5360 1950 4920
2980 5360 1950 4930
2980 5360 1950 4930
2990 5380 1940 4940
3000 5370 1940 4930
2990 5380 1950 4940
2970 5380 1950 4920
2990 5390 1950 4930
2980 5370 1950 4940
2970 5380 1950 4940
2980 5370 1940 4950
2970 5370 1940 4950
2970 5370 1940 4950
2960 5380 1940 4930
2960 5380 1950 4920
2980 5380 1950 4920
2980 5410 1940 4930
2970 5400 1940 4940
2990 5400 1940 4930
