3420 5710 1450 4730
3420 5690 1450 4730
3420 5680 1450 4740
3430 5670 1460 4730
3420 5680 1450 4740
3420 5670 1450 4750
3420 5690 1460 4750
3410 5710 1460 4740
3420 5710 1460 4740
3430 5670 1460 4740
3420 5680 1450 4730
3420 5670 1450 4730
3420 5660 1440 4720
3420 5670 1450 4740
3430 5660 1450 4740
3430 5660 1440 4720
3430 5650 1440 4720
3430 5650 1440 4730
3430 5650 1440 4730
3440 5670 1440 4730
3430 5680 1440 4740
3430 5680 1440 4740
3430 5680 1440 4750
3430 5670 1440 4740
3430 5670 1440 4750
3430 5690 1440 4740
3430 5680 1440 4750
3430 5700 1440 4740
3420 5680 1440 4730
3430 5670 1430 4720
3440 5690 1440 4720
3430 5690 1440 4750
3430 5670 1440 4750
3440 5670 1430 4740
3430 5660 1430 4740
3420 5660 1450 4750
3420 5670 1440 4740
3430 5680 1440 4730
3430 5680 1440 4740
3440 5670 1440 4740
3440 5660 1440 4730
3420 5670 1440 4740
3430 5660 1440 4750
3430 5690 1440 4740
3430 5690 1440 4750
3420 5670 1440 4730
3420 5680 1440 4740
3420 5670 1440 4740
3430 5660 1450 4730
3430 5680 1440 4730
3430 5680 1440 4720
3430 5690 1440 4730
3430 5690 1440 4750
3430 5700 1440 4750
3430 5710 1440 4740
3430 5700 1450 4750
3430 5710 1450 4730
3430 5700 1460 4730
3430 5690 1460 4740
3430 5700 1450 4730
3430 5710 1440 4730
3430 5710 1450 4720
3430 5710 1450 4710
3440 5710 1450 4730
3430 5690 1450 4740
3430 5680 1440 4740
3430 5700 1440 4730
3440 5700 1430 4730
3440 5690 1430 4740
3440 5690 1430 4750
3450 5680 1450 4740
3440 5670 1440 4740
3440 5680 1440 4760
3430 5680 1450 4760
3420 5680 1450 4760
3420 5710 1430 4730
3420 5710 1430 4750
3420 5720 1440 4740
3430 5690 1430 4710
3430 5700 1430 4720
3430 5700 1440 4730
3440 5700 1440 4760
3440 5700 1450 4760
3440 5710 1440 4750
3440 5730 1440 4750
3440 5730 1440 4750
3430 5710 1440 4750
3430 5690 1440 4740
3430 5690 1440 4730
3430 5690 1440 4720
3440 5710 1440 4710
3430 5710 1440 4720
3430 5700 1440 4730
3440 5690 1440 4730
3440 5690 1440 4740
3440 5680 1430 4730
3440 5680 1440 4730
3440 5700 1440 4720
3440 5690 1440 4730
3440 5680 1440 4740
3440 5680 1450 4730
3450 5670 1450 4720
3450 5670 1440 4730
3440 5680 1440 4730
3430 5680 1440 4740
3430 5680 1440 4740
3430 5690 1440 4740
3430 5690 1440 4740
3430 5690 1440 4740
3430 5690 1440 4730
3430 5680 1440 4740
3440 5690 1440 4740
3440 5690 1440 4740
3440 5650 1440 4710
3440 5650 1440 4730
3430 5680 1430 4720
3420 5680 1430 4710
3420 5690 1440 4720
3420 5690 1440 4740
3420 5690 1440 4740
3420 5680 1450 4740
3430 5690 1450 4750
3430 5710 1440 4750
3430 5720 1450 4730
3430 5720 1450 4730
3430 5730 1450 4740
3440 5740 1450 4730
3430 5730 1450 4750
3430 5710 1450 4730
3440 5720 1450 4730
3440 5700 1440 4740
3430 5690 1440 4740
3430 5700 1440 4730
3430 5710 1440 4730
3430 5700 1440 4730
