1340 4160 4190 5620
1340 4150 4190 5620
1340 4140 4190 5610
1340 4150 4200 5610
1350 4140 4210 5600
1350 4160 4210 5600
1350 4170 4210 5600
1350 4170 4200 5600
1360 4170 4200 5600
1350 4160 4200 5610
1350 4160 4200 5600
1350 4170 4200 5600
1350 4170 4200 5610
1360 4170 4210 5610
1350 4160 4200 5600
1350 4160 4200 5600
1350 4150 4200 5600
1350 4140 4200 5590
1350 4150 4190 5590
1350 4140 4190 5600
1350 4140 4200 5590
1360 4140 4200 5590
1350 4130 4200 5590
1350 4130 4200 5590
1350 4150 4190 5580
1350 4150 4190 5600
1350 4150 4190 5590
1340 4150 4190 5590
1340 4140 4190 5590
1340 4130 4190 5600
1340 4140 4200 5600
1340 4130 4200 5600
1340 4150 4200 5600
1350 4140 4210 5590
1350 4150 4210 5580
1340 4160 4210 5580
1350 4150 4210 5570
1340 4140 4200 5570
1350 4150 4200 5570
1350 4150 4210 5580
1340 4140 4210 5590
1340 4130 4210 5590
1340 4130 4210 5580
1340 4130 4210 5590
1340 4150 4210 5580
1340 4150 4210 5570
1340 4160 4200 5590
1340 4160 4200 5600
1330 4160 4210 5600
1330 4160 4210 5600
1330 4160 4210 5590
1330 4150 4210 5600
1340 4150 4210 5590
1340 4150 4210 5580
1340 4140 4210 5600
1340 4150 4210 5580
1340 4160 4200 5590
1340 4150 4200 5590
1340 4150 4200 5580
1340 4150 4200 5580
1360 4150 4190 5580
1350 4150 4200 5590
1350 4160 4200 5600
1350 4150 4210 5600
1340 4150 4200 5600
1340 4160 4200 5600
1340 4160 4200 5580
1340 4170 4200 5590
1340 4160 4210 5580
1340 4160 4210 5590
1340 4150 4210 5580
1340 4160 4210 5590
1330 4160 4220 5580
1340 4150 4220 5590
1340 4140 4220 5590
1340 4140 4220 5590
1340 4150 4220 5590
1340 4150 4220 5600
1340 4140 4220 5590
1340 4130 4220 5580
1340 4140 4210 5600
1350 4140 4210 5590
1340 4160 4210 5600
1340 4150 4210 5590
1340 4150 4210 5590
1350 4150 4210 5580
1350 4150 4210 5580
1350 4150 4210 5570
1350 4140 4220 5570
1350 4130 4220 5590
1340 4140 4220 5580
1340 4150 4220 5580
1340 4130 4220 5570
1350 4150 4220 5570
1350 4150 4220 5560
1350 4140 4220 5570
1350 4140 4220 5570
1350 4140 4220 5570
1350 4140 4210 5580
1350 4150 4210 5600
1350 4150 4210 5590
1360 4140 4210 5600
1350 4150 4210 5600
1350 4160 4220 5600
1350 4160 4220 5590
1360 4160 4220 5590
1350 4150 4220 5580
1350 4150 4220 5590
1350 4150 4220 5590
1350 4150 4210 5590
1350 4150 4210 5600
1350 4160 4200 5590
1350 4160 4200 5580
1350 4160 4200 5580
1360 4160 4200 5600
1360 4160 4200 5610
1360 4160 4190 5590
1350 4140 4190 5580
1350 4140 4190 5590
1350 4140 4190 5590
1350 4140 4200 5590
1350 4150 4200 5580
1340 4140 4200 5580
1340 4150 4210 5600
1340 4150 4210 5610
1340 4150 4210 5590
1340 4150 4220 5590
1340 4150 4220 5590
1340 4150 4220 5590
1340 4150 4220 5580
1340 4150 4220 5580
1350 4150 4220 5570
1350 4150 4210 5590
1360 4140 4210 5590
1350 4130 4210 5590
1350 4130 4210 5580
1350 4130 4210 5580
1350 4140 4200 5580
1350 4160 4200 5600
1340 4150 4200 5580
1350 4150 4200 5580
1350 4150 4210 5580
1350 4150 4210 5580
1350 4150 4210 5580
1350 4160 4210 5580
1360 4170 4210 5590
1360 4160 4210 5580
1350 4170 4210 5590
1340 4170 4210 5590
1340 4160 4220 5590
1350 4150 4210 5590
1350 4150 4200 5590
1350 4150 4210 5590
1340 4150 4210 5590
1340 4150 4200 5600
1340 4170 4200 5600
1340 4170 4210 5600
1340 4160 4210 5580
1340 4160 4210 5580
1340 4160 4220 5570
1350 4160 4220 5580
1360 4160 4210 5580
1350 4160 4210 5580
1350 4160 4210 5580
1350 4170 4200 5580
1340 4170 4190 5580
1350 4170 4200 5580
1350 4170 4200 5600
1350 4160 4190 5600
1340 4150 4200 5600
1340 4150 4210 5600
1340 4150 4210 5600
1340 4160 4210 5600
1330 4160 4210 5600
1320 4160 4210 5600
1330 4160 4210 5590
1330 4170 4210 5580
1330 4180 4210 5580
1330 4180 4210 5580
1340 4150 4210 5580
1350 4150 4210 5590
1370 4150 4210 5580
1360 4150 4220 5580
1350 4160 4220 5580
1350 4160 4220 5570
1340 4150 4210 5580
1340 4160 4220 5580
1350 4160 4210 5590
1350 4170 4210 5590
1340 4170 4210 5590
1340 4170 4220 5590
1340 4150 4220 5590
1340 4160 4220 5580
1340 4160 4220 5570
1340 4160 4220 5570
1340 4160 4220 5570
1340 4150 4210 5580
1340 4150 4210 5580
1340 4160 4210 5600
1340 4160 4200 5600
1340 4160 4200 5590
1340 4160 4200 5590
1340 4160 4200 5600
1340 4150 4200 5600
1340 4160 4200 5590
1340 4170 4200 5580
1340 4170 4200 5580
1340 4160 4210 5580
1340 4160 4210 5570
1340 4170 4210 5580
1340 4150 4210 5570
1340 4150 4210 5590
1340 4160 4210 5580
1340 4160 4210 5580
1340 4160 4210 5580
1340 4160 4210 5590
1340 4160 4210 5590
1340 4150 4210 5580
1340 4160 4210 5580
1340 4140 4220 5580
1340 4130 4210 5580
1340 4140 4220 5570
1340 4150 4220 5580
1340 4150 4220 5590
1340 4140 4220 5590
1340 4150 4210 5590
1360 4130 4210 5590
1360 4130 4210 5590
1350 4140 4210 5590
1350 4140 4210 5600
1350 4150 4200 5610
1350 4160 4210 5600
1350 4170 4210 5590
1350 4170 4210 5590
1340 4160 4210 5610
1330 4160 4210 5610
1330 4160 4210 5610
1330 4160 4210 5610
1340 4150 4210 5620
1340 4150 4210 5620
1340 4160 4210 5610
1350 4150 4210 5600
1350 4150 4210 5600
1340 4150 4210 5600
1330 4160 4210 5600
1340 4150 4210 5600
1330 4170 4210 5590
1330 4150 4210 5580
1340 4150 4200 5600
1340 4160 4200 5600
1350 4160 4190 5590
1350 4160 4190 5590
1360 4160 4190 5590
1360 4160 4200 5590
1360 4150 4200 5600
1360 4160 4200 5600
1360 4170 4210 5590
1360 4160 4210 5600
1360 4160 4210 5590
1360 4160 4210 5600
1360 4160 4220 5600
1360 4160 4220 5590
1360 4170 4220 5600
1360 4160 4210 5610
1350 4160 4210 5590
1360 4160 4210 5590
1350 4160 4210 5590
1340 4150 4200 5590
1340 4150 4200 5590
1340 4150 4200 5590
1340 4160 4210 5590
1340 4170 4210 5610
1350 4160 4210 5600
1350 4160 4200 5590
1350 4170 4200 5590
1350 4170 4210 5590
1350 4170 4210 5600
1350 4170 4210 5590
1340 4160 4210 5590
1340 4150 4210 5580
1340 4140 4210 5580
1340 4140 4210 5570
1340 4140 4210 5580
1340 4150 4210 5580
1330 4150 4220 5580
1340 4160 4220 5580
1330 4150 4220 5590
1330 4140 4210 5590
1330 4140 4210 5580
1330 4150 4200 5580
1330 4160 4210 5580
1340 4160 4210 5580
1340 4170 4210 5580
1340 4150 4210 5580
1340 4140 4210 5580
1340 4150 4210 5580
1340 4150 4210 5570
1340 4150 4210 5580
1340 4140 4210 5570
1340 4130 4210 5580
1340 4130 4210 5590
1340 4130 4210 5590
1340 4130 4210 5590
1340 4130 4210 5590
1340 4140 4220 5590
1340 4150 4220 5600
1340 4150 4220 5590
1340 4160 4220 5600
1340 4160 4220 5600
1340 4160 4220 5590
1340 4160 4210 5590
1340 4140 4210 5600
1340 4140 4210 5600
1340 4150 4210 5600
1340 4140 4220 5610
1330 4140 4220 5600
1340 4150 4220 5600
1340 4160 4220 5610
1340 4160 4200 5610
1340 4170 4200 5600
1340 4170 4200 5600
1340 4170 4200 5600
1340 4170 4210 5590
1340 4160 4200 5590
1340 4170 4200 5600
1340 4160 4190 5600
1340 4160 4200 5580
1340 4170 4210 5590
1340 4160 4220 5590
1340 4160 4210 5580
1340 4150 4210 5580
1350 4150 4210 5580
1340 4150 4220 5590
1340 4150 4210 5590
1330 4150 4200 5590
1330 4160 4200 5590
1340 4150 4200 5600
1350 4170 4210 5590
1350 4170 4210 5590
1350 4170 4210 5580
1340 4160 4210 5590
1350 4160 4210 5580
1350 4160 4220 5570
1350 4160 4220 5580
1350 4150 4210 5590
1350 4150 4220 5580
1350 4150 4220 5590
1350 4150 4220 5580
1350 4140 4210 5580
1350 4150 4210 5580
1340 4160 4200 5590
1350 4160 4210 5590
1350 4160 4210 5590
