3930 6050 990 4600
3940 6060 980 4610
3910 6060 990 4600
3930 6050 980 4580
3930 6050 990 4600
3920 6050 980 4600
3920 6060 990 4600
3930 6060 990 4600
3910 6060 980 4600
3910 6060 970 4580
3920 6060 980 4600
3920 6060 990 4610
3920 6070 990 4610
3920 6070 990 4600
3920 6070 990 4580
3920 6070 990 4600
3920 6070 990 4600
3930 6070 980 4580
3930 6060 970 4600
3910 6060 980 4580
3930 6060 990 4600
3920 6060 990 4600
3920 6060 980 4600
3910 6060 980 4600
3910 6050 960 4580
3900 6050 970 4580
3900 6040 970 4580
3900 6040 960 4580
3900 6050 970 4580
3910 6050 970 4580
3920 6050 980 4580
3920 6060 980 4600
3920 6060 980 4600
3920 6060 980 4580
3910 6050 970 4580
3910 6050 970 4600
3910 6060 970 4580
3900 6060 970 4580
3910 6050 970 4580
3920 6030 970 4580
3920 6050 970 4600
3920 6060 970 4580
3940 6060 970 4600
3930 6060 960 4580
3920 6040 970 4600
3930 6040 980 4580
3920 6040 970 4600
3910 6040 970 4580
3920 6050 970 4600
3910 6050 970 4600
3920 6040 970 4600
3920 6040 970 4600
3920 6050 960 4580
3920 6060 960 4600
3920 6050 970 4600
3920 6060 970 4610
3940 6060 970 4600
3930 6060 980 4580
3940 6050 970 4580
3960 6040 970 4580
3950 6050 980 4580
3940 6050 980 4580
3940 6060 970 4580
3930 6050 980 4580
3930 6070 970 4600
3920 6070 970 4580
3920 6070 980 4580
3930 6070 970 4580
3930 6050 960 4570
3930 6050 960 4580
3930 6060 970 4580
3930 6060 980 4580
3920 6050 980 4580
3940 6060 970 4580
3940 6060 970 4580
3940 6060 960 4570
3950 6050 960 4580
3940 6040 960 4580
3920 6040 960 4600
3900 6040 970 4610
3910 6040 980 4620
3910 6050 980 4610
3920 6050 970 4600
3920 6050 960 4580
3920 6050 970 4580
3910 6060 980 4580
3910 6060 970 4580
3910 6060 970 4600
3910 6060 960 4580
3910 6070 950 4600
3910 6050 970 4580
3910 6060 970 4580
3910 6060 970 4570
3920 6060 980 4610
3920 6040 970 4580
3930 6050 970 4600
3920 6050 970 4600
3920 6050 970 4600
3920 6040 970 4610
3920 6040 980 4600
3920 6040 970 4580
3930 6050 970 4580
3920 6050 960 4600
3930 6050 960 4580
3920 6050 960 4570
3920 6060 960 4580
3920 6060 960 4580
3920 6060 960 4580
3930 6060 960 4610
3930 6060 970 4610
3940 6060 960 4570
3940 6060 960 4570
3930 6050 960 4600
3940 6070 960 4580
3930 6070 960 4580
3920 6060 970 4580
3930 6050 970 4610
3930 6060 970 4580
3950 6060 970 4580
3940 6050 970 4580
3930 6060 970 4610
3930 6070 970 4600
3940 6070 970 4600
3940 6070 970 4610
3930 6070 970 4600
3930 6060 960 4610
3930 6060 970 4610
3920 6060 970 4610
3930 6060 970 4580
3940 6060 970 4580
3930 6070 970 4600
3930 6070 960 4610
3930 6060 970 4620
3940 6070 970 4580
3910 6050 980 4570
3920 6060 960 4570
3920 6060 970 4600
3930 6060 960 4600
3910 6060 970 4610
3930 6060 970 4580
3930 6060 970 4570
3930 6070 970 4600
3930 6060 970 4600
3920 6060 970 4600
3920 6060 970 4610
3930 6070 970 4580
3930 6070 970 4570
3940 6060 970 4570
3940 6070 970 4550
3940 6070 960 4600
3940 6070 960 4580
3930 6060 970 4570
3930 6060 970 4570
3930 6060 970 4580
3930 6060 970 4580
3930 6060 960 4600
3910 6070 970 4600
3900 6070 980 4620
3900 6070 970 4610
3920 6060 960 4600
3920 6060 960 4600
3920 6060 970 4610
3920 6060 960 4620
3920 6060 970 4580
3910 6060 970 4600
3920 6060 970 4610
3930 6060 970 4610
3930 6060 970 4620
3930 6060 970 4630
3930 6060 960 4620
3930 6060 960 4600
3930 6060 960 4600
