4410 6320 600 4540
4410 6330 600 4540
4400 6310 590 4540
4410 6310 590 4540
4410 6320 590 4530
4410 6320 590 4530
4400 6330 590 4550
4400 6310 590 4540
4410 6320 590 4530
4410 6330 590 4550
4400 6310 590 4550
4410 6300 590 4550
4420 6290 590 4550
4410 6310 590 4550
4420 6330 590 4550
4430 6330 590 4540
4430 6330 590 4530
4430 6320 590 4520
4430 6320 590 4530
4420 6310 590 4530
4420 6310 590 4540
4420 6320 590 4540
4420 6310 590 4540
4410 6310 600 4540
4410 6320 590 4530
4410 6320 590 4530
4400 6310 600 4530
4400 6330 600 4540
4400 6330 590 4540
4400 6330 590 4540
4410 6330 590 4530
4410 6320 590 4540
4410 6320 590 4540
4430 6310 590 4530
4420 6320 590 4540
4410 6300 590 4550
4410 6300 590 4550
4410 6300 590 4540
4420 6310 590 4530
4430 6310 590 4540
4430 6320 590 4540
4430 6320 590 4540
4420 6310 590 4540
4410 6320 590 4540
4420 6310 590 4550
4420 6310 590 4540
4420 6310 590 4530
4420 6320 590 4530
4420 6310 590 4530
4420 6310 590 4530
4420 6310 590 4530
4420 6320 590 4520
4420 6320 590 4520
4430 6310 590 4520
4430 6340 590 4530
4430 6340 590 4540
4430 6340 590 4540
4430 6340 590 4530
4430 6340 590 4530
4420 6350 590 4530
4410 6330 590 4540
4420 6340 600 4540
4420 6320 590 4550
4430 6340 590 4530
4420 6340 590 4530
4420 6340 590 4540
4430 6320 590 4540
4420 6320 600 4540
4420 6330 590 4550
4410 6330 590 4540
4410 6340 590 4540
4400 6330 600 4550
4420 6320 600 4540
4430 6330 600 4540
4410 6310 590 4550
4430 6330 590 4550
4430 6310 590 4550
4430 6320 590 4540
4420 6340 590 4530
4420 6340 590 4530
4420 6330 590 4530
4420 6310 590 4530
4420 6320 590 4540
4420 6320 590 4530
4400 6320 590 4530
4410 6310 590 4510
4410 6310 590 4500
4400 6310 590 4490
4400 6310 590 4500
4400 6310 590 4510
4400 6310 590 4530
4400 6300 590 4530
4400 6310 590 4520
4400 6320 590 4530
4400 6330 590 4530
4400 6310 580 4520
4410 6310 580 4520
4410 6310 580 4530
4400 6310 580 4540
4410 6320 580 4540
4420 6310 580 4540
4410 6300 580 4540
4410 6310 590 4550
4420 6310 590 4550
4410 6320 590 4540
4400 6320 590 4540
4410 6320 590 4540
4410 6320 590 4560
4410 6320 590 4560
4400 6330 590 4560
4410 6330 590 4560
4410 6330 590 4560
4400 6330 590 4550
4400 6330 590 4540
4400 6330 590 4540
4410 6330 590 4530
4420 6330 590 4530
4420 6330 590 4530
4420 6340 590 4530
4420 6340 590 4530
4420 6340 590 4530
4420 6330 590 4520
4420 6330 590 4530
4410 6320 590 4530
4410 6330 590 4530
4390 6310 590 4530
4390 6330 590 4530
4390 6340 590 4520
4390 6330 590 4530
4390 6340 590 4540
4400 6320 590 4530
4400 6330 590 4540
4400 6330 590 4540
4400 6330 590 4540
4390 6330 590 4530
4400 6330 590 4530
4400 6330 590 4530
4400 6320 590 4530
4400 6310 590 4530
4400 6320 590 4530
4420 6330 590 4530
4420 6330 590 4530
4420 6330 590 4530
4420 6310 590 4540
4400 6310 590 4530
4400 6330 590 4530
4390 6320 590 4530
4410 6320 590 4530
4400 6320 590 4530
4400 6320 590 4540
4390 6330 590 4540
4390 6340 590 4540
4400 6340 590 4550
4400 6320 590 4550
4410 6320 590 4540
4400 6330 580 4540
4400 6320 580 4550
4400 6320 580 4550
4400 6320 590 4550
4400 6330 590 4550
4400 6330 590 4540
4410 6320 570 4540
4400 6320 570 4550
4400 6310 580 4550
4400 6310 590 4540
4410 6320 590 4540
4410 6320 590 4540
4420 6320 590 4530
4410 6320 590 4540
