4540 6000 1030 3990
4530 6010 1020 3980
4520 6010 1030 3990
4530 6010 1030 3990
4530 6000 1030 4000
4530 6010 1030 4010
4530 6010 1020 4010
4530 6020 1020 4010
4540 6020 1020 4010
4540 6010 1030 4000
4540 6010 1030 3990
4550 6010 1040 3990
4550 6010 1040 3990
4550 6010 1040 4000
4540 6030 1040 4000
4530 6020 1030 4010
4530 6020 1030 4010
4520 6020 1030 4000
4520 6020 1030 4000
4530 6020 1030 4000
4530 6010 1030 3990
4530 6020 1040 4000
4530 6010 1030 4000
4520 6010 1040 4000
4520 6010 1030 4000
4520 6010 1020 4010
4530 6010 1020 4000
4540 6010 1020 4010
4540 6010 1000 4000
4550 6010 1000 4010
4550 6020 1020 4010
4540 6030 1010 3990
4540 6020 1010 3980
4530 6020 1020 3990
4530 5990 1010 3990
4520 6010 1000 4000
4520 6000 1030 3980
4520 6000 1040 3980
4520 6010 1020 3990
4530 6000 1020 3990
4530 5990 1010 3990
4540 6000 1010 3980
4530 6000 1000 3980
4530 6000 1020 3990
4540 6000 1020 3990
4540 6010 1030 4000
4550 6010 1030 3990
4540 6010 1030 3990
4540 6010 1020 4000
4540 6010 1010 4000
4540 6020 1020 4000
4540 6020 1020 4000
4540 6020 1030 3990
4540 6020 1030 4000
4540 6010 1030 4010
4550 6020 1020 4010
4550 6020 1030 4010
4550 6020 1020 4010
4540 6020 1030 4010
4550 6020 1020 4010
4550 6020 1000 4010
4550 6010 1000 4010
4550 6000 1010 4000
4550 6010 1000 4000
4550 6010 1020 3990
4540 6010 1030 4000
4540 6010 1030 3990
4540 6020 1040 3990
4540 6010 1040 4000
4550 6010 1040 4000
4540 6020 1020 4000
4540 6010 1020 3990
4540 6020 1020 3990
4550 6020 1010 4000
4550 6010 1020 3990
4540 6020 1030 4000
4540 6020 1020 3990
4530 6020 1030 3990
4530 6020 1030 3990
4540 6010 1040 4010
4540 6010 1020 4000
4540 6020 1020 4000
4540 6020 1020 4010
4540 6020 1030 4010
4540 6020 1030 4010
4550 6030 1010 4000
4550 6030 1020 3990
4550 6020 1030 4000
4550 6010 1030 4000
4550 6000 1020 3990
4550 5990 1030 3990
4550 6000 1030 4000
4540 6010 1020 4000
4540 6010 1020 4000
4550 6010 1010 3990
4550 6010 1020 3990
4540 6020 1040 4000
4540 6020 1030 3990
4550 6000 1030 3990
4550 6000 1030 3980
4550 6010 1030 4000
4540 6010 1030 4000
4540 6000 1020 3990
4540 6000 1020 4000
4520 6000 1010 4010
4510 6010 1010 4010
4510 6020 1020 4000
4510 6010 1030 4010
4530 6010 1040 4000
4550 6000 1020 4010
4550 6010 1020 4020
4550 6010 1020 4010
4560 6010 1010 4010
4550 6010 1030 4020
4550 6010 1020 4010
4550 6020 1020 4010
4540 6020 1030 4000
4550 6020 1040 3990
4550 6020 1040 3990
4550 6010 1040 3990
4540 6010 1030 3980
4540 6010 1030 3990
4530 5990 1030 4000
4530 5990 1040 4000
4530 6000 1030 3990
4530 6000 1040 4000
4540 6010 1040 4000
4550 6000 1040 4010
4550 5990 1030 4010
4550 6010 1040 4010
4550 6010 1040 4000
4550 6000 1030 4000
4550 6000 1030 3990
4550 6000 1030 3980
4550 6000 1040 3990
4550 6000 1030 3990
4550 5990 1030 4000
4530 5990 1030 4000
4540 5990 1030 4000
4550 5990 1020 3990
4550 5990 1030 3980
4550 5990 1020 3980
4550 5990 1040 3990
4540 5990 1050 4000
4540 5990 1050 4010
4540 5990 1040 4010
4540 6000 1040 4020
4540 6010 1040 4020
4540 6020 1030 4020
4560 6010 1020 4000
4560 6010 1020 4010
4550 5990 1010 3990
4540 6010 1010 3990
4530 6010 1030 3990
4540 6020 1030 4010
