4110 5630 1330 4090
4100 5640 1320 4090
4100 5650 1320 4090
4100 5640 1320 4100
4100 5630 1310 4080
4090 5640 1310 4090
4090 5640 1310 4080
4090 5630 1310 4090
4100 5630 1320 4090
4100 5630 1310 4080
4090 5630 1320 4080
4090 5630 1320 4090
4100 5630 1320 4090
4110 5620 1320 4090
4100 5630 1320 4090
4090 5630 1320 4090
4090 5630 1310 4090
4090 5640 1310 4110
4080 5640 1310 4100
4080 5640 1310 4100
4090 5640 1310 4090
4090 5630 1310 4080
4080 5610 1310 4090
4080 5610 1310 4080
4070 5630 1310 4100
4070 5620 1310 4100
4070 5610 1310 4100
4080 5620 1320 4100
4080 5630 1320 4100
4080 5640 1310 4100
4080 5650 1320 4110
4080 5650 1320 4110
4080 5640 1320 4100
4090 5630 1320 4100
4100 5640 1310 4090
4100 5620 1310 4090
4100 5620 1320 4090
4090 5610 1320 4090
4090 5620 1320 4090
4080 5630 1320 4090
4090 5640 1320 4090
4090 5640 1310 4080
4100 5630 1320 4080
4100 5610 1310 4080
4090 5630 1320 4090
4090 5630 1320 4100
4090 5640 1310 4100
4090 5650 1300 4090
4090 5640 1310 4100
4100 5630 1310 4100
4090 5640 1320 4100
4090 5620 1320 4100
4090 5640 1340 4080
4090 5640 1340 4080
4120 5650 1320 4080
4110 5640 1330 4080
4110 5630 1330 4090
4110 5630 1330 4090
4100 5640 1330 4090
4090 5640 1330 4090
4080 5620 1340 4090
4080 5620 1330 4090
4080 5620 1330 4090
4080 5620 1330 4090
4090 5640 1330 4090
4090 5630 1320 4090
4100 5620 1320 4090
4090 5620 1320 4090
4090 5630 1320 4090
4090 5630 1320 4100
4090 5620 1320 4100
4090 5630 1320 4110
4090 5640 1320 4110
4090 5650 1330 4110
4090 5650 1330 4110
4090 5640 1320 4110
4090 5640 1320 4120
4080 5620 1320 4110
4080 5620 1330 4110
4080 5630 1330 4100
4080 5630 1330 4100
4080 5620 1320 4100
4080 5620 1320 4100
4080 5640 1320 4090
4090 5660 1320 4090
4090 5640 1320 4090
4090 5630 1320 4090
4080 5630 1320 4090
4090 5630 1320 4090
4090 5620 1320 4090
4090 5630 1320 4100
4080 5640 1320 4090
4080 5630 1320 4090
4080 5620 1310 4090
4080 5610 1310 4100
4090 5610 1320 4110
4090 5610 1310 4110
4080 5630 1310 4110
4090 5620 1310 4110
4090 5630 1310 4100
4090 5630 1310 4100
4090 5630 1320 4090
4090 5620 1320 4090
4080 5640 1320 4090
4090 5620 1320 4100
4080 5620 1320 4100
4080 5620 1320 4090
4100 5620 1310 4090
4100 5620 1320 4090
4100 5610 1320 4090
4110 5620 1330 4080
4100 5610 1330 4090
4090 5610 1330 4090
4080 5610 1320 4090
4090 5630 1310 4090
4090 5640 1300 4090
4090 5630 1320 4100
4080 5630 1330 4100
4080 5630 1330 4100
4080 5620 1320 4100
4080 5620 1320 4100
4080 5620 1320 4100
4080 5610 1330 4100
4090 5600 1330 4090
4090 5620 1330 4090
4090 5630 1330 4090
4090 5630 1310 4100
4090 5640 1310 4100
4090 5620 1310 4100
4090 5620 1310 4100
4080 5620 1310 4100
4080 5620 1310 4100
4080 5620 1310 4100
4090 5630 1320 4100
4080 5620 1310 4100
4080 5620 1310 4100
4080 5620 1320 4100
4080 5630 1320 4100
4080 5630 1320 4100
4080 5640 1310 4100
4080 5640 1310 4100
4080 5650 1320 4100
4080 5630 1320 4090
4090 5630 1330 4090
4080 5640 1340 4090
4100 5640 1320 4090
4100 5630 1320 4090
4090 5640 1320 4090
4100 5620 1310 4090
4090 5620 1320 4090
4080 5640 1320 4090
4090 5620 1320 4100
4090 5610 1320 4100
4080 5640 1320 4100
4090 5620 1320 4100
4090 5620 1310 4100
4090 5630 1300 4100
4100 5630 1300 4100
4090 5620 1320 4090
4090 5620 1320 4080
4090 5630 1320 4080
4090 5640 1320 4090
4090 5640 1320 4090
4090 5620 1310 4090
4080 5630 1310 4090
4080 5620 1310 4090
4080 5630 1310 4090
4090 5610 1310 4090
4090 5630 1310 4090
4090 5640 1310 4090
4090 5640 1310 4100
4090 5620 1320 4100
4090 5620 1320 4100
4100 5630 1320 4100
4090 5630 1310 4090
4090 5620 1320 4100
4090 5620 1320 4110
4080 5620 1320 4120
4080 5600 1320 4110
4090 5600 1320 4110
4090 5620 1320 4110
4080 5610 1310 4110
4080 5620 1310 4100
4090 5630 1320 4100
4090 5630 1320 4110
4090 5650 1310 4100
4090 5630 1310 4100
4090 5640 1310 4100
4090 5620 1310 4110
4080 5620 1320 4110
4080 5620 1320 4100
4090 5620 1320 4100
4090 5620 1320 4090
4090 5630 1320 4090
4090 5620 1320 4090
4090 5620 1320 4090
4080 5630 1310 4090
4090 5630 1310 4090
4090 5620 1310 4080
4080 5630 1310 4080
