3610 5250 1720 4220
3600 5250 1710 4220
3600 5260 1700 4220
3600 5260 1700 4220
3600 5250 1710 4220
3600 5260 1700 4220
3610 5280 1690 4220
3610 5270 1700 4220
3610 5250 1710 4220
3620 5260 1700 4230
3610 5260 1700 4230
3610 5280 1710 4220
3600 5280 1710 4220
3630 5250 1700 4230
3640 5240 1700 4230
3630 5230 1710 4230
3630 5230 1700 4230
3630 5250 1700 4220
3630 5250 1700 4220
3610 5260 1700 4230
3610 5270 1700 4230
3610 5270 1700 4220
3610 5270 1710 4220
3620 5270 1710 4230
3620 5270 1710 4230
3620 5270 1710 4230
3620 5270 1700 4230
3640 5270 1700 4220
3650 5270 1710 4230
3640 5270 1720 4230
3630 5270 1720 4230
3630 5280 1720 4230
3630 5280 1710 4230
3620 5290 1710 4230
3610 5270 1710 4220
3610 5270 1710 4220
3610 5280 1700 4220
3600 5270 1710 4210
3610 5260 1720 4210
3600 5270 1720 4220
3600 5280 1720 4220
3600 5270 1710 4220
3600 5260 1720 4220
3620 5270 1720 4220
3620 5270 1720 4220
3620 5260 1710 4230
3620 5270 1710 4220
3620 5270 1710 4220
3610 5260 1710 4220
3590 5260 1710 4230
3600 5260 1710 4230
3600 5260 1710 4220
3610 5260 1700 4220
3610 5270 1700 4220
3610 5270 1710 4230
3620 5270 1710 4230
3620 5270 1720 4230
3620 5270 1730 4230
3620 5250 1730 4230
3630 5260 1700 4220
3620 5250 1690 4220
3620 5260 1680 4230
3620 5260 1700 4230
3620 5250 1690 4230
3600 5260 1700 4220
3600 5250 1700 4220
3600 5250 1710 4230
3590 5270 1710 4230
3590 5270 1710 4220
3590 5280 1710 4220
3600 5270 1700 4210
3620 5270 1700 4210
3620 5260 1710 4220
3610 5250 1700 4220
3600 5250 1700 4220
3600 5250 1720 4220
3600 5250 1720 4220
3600 5250 1720 4230
3590 5250 1730 4220
3580 5250 1730 4230
3580 5270 1730 4220
3580 5270 1730 4220
3590 5290 1730 4220
3590 5280 1730 4220
3600 5280 1730 4210
3600 5280 1730 4210
3600 5280 1730 4210
3600 5280 1730 4210
3600 5270 1730 4220
3600 5280 1710 4220
3590 5280 1710 4210
3590 5270 1700 4230
3590 5280 1700 4230
3600 5270 1690 4230
3600 5270 1690 4230
3600 5280 1700 4230
3600 5260 1700 4230
3600 5280 1700 4230
3600 5290 1700 4230
3600 5280 1690 4220
3620 5260 1700 4220
3610 5270 1710 4220
3600 5250 1720 4230
3600 5260 1710 4240
3600 5280 1700 4240
3610 5280 1710 4240
3610 5280 1700 4240
3600 5270 1700 4230
3590 5280 1690 4240
3600 5290 1690 4240
3600 5260 1700 4230
3600 5260 1700 4220
3620 5260 1700 4210
3610 5260 1700 4210
3600 5260 1690 4210
3590 5260 1690 4230
3600 5270 1700 4230
3620 5270 1690 4230
3620 5270 1700 4230
3610 5250 1700 4230
3610 5270 1710 4220
3620 5250 1710 4240
3630 5260 1700 4230
3610 5230 1700 4230
3610 5240 1710 4220
3600 5210 1710 4220
3600 5230 1720 4220
3600 5260 1720 4230
3600 5260 1720 4230
3600 5250 1700 4220
3610 5250 1690 4210
3610 5230 1700 4210
3610 5230 1690 4210
3620 5230 1700 4210
3620 5240 1700 4220
3630 5250 1710 4210
3630 5260 1720 4220
3630 5240 1720 4230
3630 5250 1720 4220
3620 5250 1720 4220
3630 5260 1720 4230
3630 5270 1720 4230
3630 5280 1710 4220
3640 5260 1710 4220
3630 5270 1710 4220
3630 5270 1700 4230
3620 5280 1710 4230
3630 5270 1710 4230
3630 5250 1720 4220
3630 5250 1720 4220
3620 5270 1720 4230
3620 5270 1710 4230
3620 5280 1710 4230
3610 5270 1700 4230
3610 5270 1710 4220
3610 5260 1710 4220
3610 5270 1710 4230
3600 5260 1700 4220
3600 5240 1710 4220
3600 5250 1710 4220
3600 5250 1710 4210
3600 5240 1710 4220
3600 5240 1700 4220
3600 5250 1710 4220
3610 5270 1720 4220
3620 5270 1700 4220
3620 5260 1700 4220
3620 5260 1710 4220
3620 5280 1710 4220
3620 5280 1710 4220
