3110 4940 2160 4440
3110 4940 2160 4440
3110 4940 2160 4440
3110 4930 2160 4440
3110 4930 2160 4430
3100 4940 2160 4440
3100 4940 2160 4430
3100 4940 2160 4440
3090 4920 2170 4420
3100 4920 2170 4420
3100 4930 2170 4430
3110 4930 2170 4430
3100 4940 2160 4430
3090 4940 2160 4440
3090 4930 2150 4450
3100 4950 2160 4430
3100 4940 2160 4440
3100 4940 2150 4450
3100 4930 2160 4430
3100 4930 2170 4430
3110 4920 2180 4430
3120 4920 2160 4420
3110 4950 2150 4420
3110 4940 2160 4440
3110 4940 2150 4430
3080 4920 2150 4450
3080 4910 2160 4450
3100 4920 2160 4450
3090 4920 2150 4440
3090 4940 2150 4430
3090 4950 2160 4440
3090 4950 2160 4450
3090 4950 2160 4450
3100 4940 2170 4450
3100 4940 2160 4450
3100 4920 2160 4430
3100 4910 2160 4430
3100 4920 2170 4430
3100 4920 2160 4430
3100 4920 2160 4430
3100 4920 2150 4440
3080 4930 2150 4430
3090 4930 2150 4440
3090 4920 2150 4440
3090 4930 2150 4430
3090 4920 2160 4440
3090 4920 2170 4430
3080 4940 2180 4430
3080 4930 2170 4440
3090 4920 2170 4440
3090 4920 2170 4450
3080 4920 2170 4450
3080 4940 2160 4430
3080 4950 2160 4430
3090 4930 2160 4440
3090 4940 2160 4430
3090 4930 2160 4440
3070 4940 2160 4440
3080 4940 2150 4450
3080 4940 2150 4440
3080 4950 2150 4440
3080 4950 2150 4440
3080 4930 2140 4440
3080 4930 2150 4440
3090 4920 2150 4440
3080 4930 2150 4440
3080 4930 2160 4440
3090 4950 2150 4440
3090 4950 2160 4430
3090 4950 2160 4420
3100 4950 2160 4420
3100 4920 2160 4440
3080 4940 2160 4420
3080 4940 2160 4440
3080 4950 2170 4440
3090 4940 2170 4440
3090 4940 2160 4440
3110 4930 2160 4430
3110 4920 2160 4420
3100 4930 2160 4420
3110 4950 2160 4420
3110 4960 2170 4410
3110 4960 2160 4400
3100 4950 2160 4410
3090 4940 2160 4410
3100 4930 2150 4400
3100 4920 2150 4410
3100 4930 2150 4410
3100 4930 2160 4410
3110 4920 2150 4430
3120 4930 2160 4430
3130 4920 2150 4430
3120 4920 2160 4430
3110 4910 2170 4430
3110 4920 2170 4440
3110 4930 2160 4440
3100 4940 2160 4420
3100 4950 2160 4430
3090 4960 2160 4430
3080 4950 2160 4430
3100 4960 2150 4430
3100 4970 2150 4430
3110 4970 2160 4430
3100 4970 2160 4430
3090 4960 2160 4440
3090 4960 2160 4440
3090 4950 2160 4430
3080 4950 2170 4430
3080 4940 2170 4440
3090 4940 2160 4450
3090 4940 2150 4440
3090 4940 2160 4440
3090 4940 2150 4440
3100 4930 2150 4430
3100 4940 2150 4430
3100 4940 2160 4430
3100 4930 2160 4430
3110 4930 2160 4440
3110 4930 2160 4430
3110 4920 2160 4430
3100 4920 2160 4430
3100 4910 2170 4430
3110 4930 2160 4420
3110 4930 2160 4430
3120 4950 2160 4440
3120 4940 2160 4440
3110 4930 2160 4420
3110 4930 2170 4440
3110 4920 2170 4430
3100 4950 2170 4420
3100 4940 2170 4420
3100 4930 2160 4420
3100 4930 2160 4420
3100 4910 2160 4410
3090 4940 2160 4420
3080 4940 2170 4430
3080 4940 2160 4440
3090 4930 2160 4440
3100 4920 2160 4430
3100 4920 2160 4430
3100 4930 2160 4430
3100 4920 2150 4440
3100 4920 2160 4430
3110 4930 2170 4430
3110 4930 2170 4430
3110 4940 2170 4420
3100 4930 2160 4420
3100 4930 2150 4420
3100 4920 2160 4430
3100 4920 2170 4440
3090 4920 2170 4440
