2620 4640 2650 4640
2620 4650 2650 4650
2620 4650 2650 4650
2620 4630 2640 4660
2610 4630 2650 4660
2600 4620 2640 4660
2600 4640 2630 4650
2600 4620 2630 4650
2610 4630 2630 4640
2600 4620 2630 4650
2600 4630 2630 4660
2610 4640 2630 4650
2620 4630 2630 4640
2620 4620 2630 4630
2620 4630 2630 4640
2600 4620 2640 4650
2610 4630 2630 4650
2610 4620 2630 4640
2610 4610 2630 4640
2610 4610 2630 4640
2600 4620 2630 4640
2590 4630 2630 4630
2590 4620 2630 4640
2580 4620 2640 4650
2580 4630 2640 4640
2590 4620 2640 4640
2590 4620 2640 4650
2590 4610 2640 4640
2600 4630 2640 4630
2600 4630 2640 4630
2600 4630 2640 4620
2610 4650 2640 4630
2600 4640 2640 4630
2600 4660 2640 4620
2600 4660 2640 4620
2600 4660 2640 4630
2610 4660 2650 4640
2610 4640 2640 4670
2600 4630 2640 4660
2600 4620 2640 4660
2600 4610 2640 4670
2610 4610 2640 4660
2610 4620 2640 4670
2600 4630 2640 4660
2610 4630 2640 4640
2610 4650 2640 4650
2610 4630 2640 4660
2600 4640 2640 4650
2600 4630 2640 4650
2610 4640 2640 4650
2610 4630 2640 4650
2610 4630 2640 4630
2600 4640 2640 4650
2610 4630 2640 4650
2610 4630 2640 4650
2610 4640 2640 4650
2610 4630 2640 4640
2620 4610 2640 4640
2620 4610 2640 4640
2610 4610 2640 4640
2600 4610 2640 4640
2600 4630 2640 4640
2610 4640 2640 4640
2610 4630 2630 4660
2610 4640 2630 4650
2610 4640 2640 4660
2600 4630 2640 4660
2610 4640 2640 4650
2610 4630 2650 4640
2600 4630 2650 4640
2610 4640 2640 4650
2610 4650 2650 4650
2610 4630 2650 4650
2610 4630 2650 4660
2600 4630 2650 4650
2610 4650 2650 4670
2610 4650 2640 4670
2610 4640 2640 4650
2610 4630 2650 4640
2610 4630 2660 4650
2600 4630 2650 4640
2600 4630 2650 4640
2600 4620 2650 4650
2600 4620 2640 4640
2600 4630 2640 4640
2600 4630 2640 4640
2610 4640 2640 4650
2610 4640 2640 4660
2610 4630 2640 4650
2600 4630 2640 4640
2600 4640 2630 4630
2590 4640 2630 4630
2590 4650 2630 4640
2590 4650 2640 4640
2600 4650 2640 4640
2600 4640 2640 4640
2600 4650 2640 4640
2600 4630 2640 4650
2600 4630 2640 4660
2600 4650 2640 4650
2600 4640 2640 4650
2600 4650 2640 4660
2600 4640 2640 4640
2600 4630 2650 4650
2600 4630 2650 4650
2600 4630 2650 4660
2600 4630 2640 4650
2600 4630 2640 4660
2600 4630 2630 4670
2610 4620 2640 4650
2610 4620 2640 4650
2610 4610 2640 4640
2610 4620 2640 4630
2610 4620 2640 4640
2600 4610 2640 4640
2600 4610 2640 4640
2600 4630 2640 4640
2610 4640 2640 4650
2610 4640 2640 4640
2610 4650 2640 4630
2610 4650 2640 4630
2610 4650 2640 4640
2610 4650 2640 4640
2610 4650 2640 4630
2600 4630 2640 4650
2600 4630 2640 4650
2610 4630 2640 4650
2610 4630 2640 4650
2610 4640 2640 4650
2620 4650 2630 4660
2620 4650 2640 4650
2600 4650 2640 4660
2610 4630 2640 4660
2600 4630 2640 4650
2590 4620 2640 4660
2590 4640 2640 4650
2580 4640 2630 4650
2590 4640 2630 4640
2590 4640 2630 4630
2590 4640 2630 4630
2600 4650 2640 4650
2600 4650 2640 4630
2600 4630 2640 4620
2600 4640 2640 4640
2600 4640 2640 4640
2610 4640 2640 4630
2600 4630 2640 4630
2610 4630 2650 4640
2610 4640 2650 4640
2610 4640 2650 4640
2600 4650 2650 4650
2600 4620 2650 4640
2600 4620 2650 4630
2610 4630 2640 4630
2600 4650 2640 4650
2600 4640 2640 4640
2600 4650 2640 4630
2610 4650 2640 4630
2610 4640 2640 4620
2610 4640 2640 4630
2610 4630 2640 4620
2600 4620 2640 4620
2610 4640 2640 4630
2600 4630 2640 4630
2600 4630 2630 4650
