2130 4410 3100 4970
2130 4420 3100 4970
2140 4420 3100 4970
2140 4420 3100 4970
2150 4420 3100 4970
2150 4420 3100 4960
2130 4430 3110 4970
2130 4420 3110 4980
2130 4420 3120 4970
2120 4420 3120 4970
2120 4420 3100 4960
2140 4420 3100 4970
2150 4420 3100 4980
2150 4420 3100 4970
2140 4420 3100 4970
2140 4420 3090 4970
2140 4420 3090 4970
2130 4430 3090 4970
2140 4430 3090 4960
2120 4430 3090 4960
2120 4430 3090 4970
2110 4430 3090 4960
2110 4430 3090 4960
2120 4420 3100 4960
2110 4430 3100 4970
2110 4430 3090 4970
2120 4430 3090 4970
2130 4430 3090 4970
2140 4430 3090 4970
2120 4420 3080 4970
2120 4420 3080 4980
2130 4420 3080 4970
2130 4420 3090 4970
2130 4430 3090 4970
2150 4430 3090 4970
2150 4430 3090 4970
2150 4430 3110 4970
2130 4430 3090 4960
2120 4430 3090 4960
2090 4430 3100 4970
2110 4430 3100 4970
2130 4430 3100 4970
2130 4430 3090 4970
2130 4430 3100 4980
2130 4420 3110 4970
2130 4420 3100 4970
2140 4420 3100 4970
2140 4430 3100 4970
2140 4420 3100 4980
2130 4420 3090 4980
2130 4430 3090 4980
2130 4440 3090 4980
2120 4440 3090 4980
2110 4430 3090 4980
2110 4430 3090 4980
2120 4430 3080 4970
2120 4430 3080 4970
2140 4430 3080 4970
2130 4430 3080 4970
2140 4430 3080 4970
2140 4420 3090 4970
2130 4420 3090 4970
2130 4410 3090 4980
2130 4410 3090 4980
2130 4410 3090 4980
2130 4420 3090 4970
2130 4420 3100 4970
2140 4420 3090 4970
2140 4430 3090 4970
2130 4440 3090 4960
2120 4440 3090 4960
2120 4440 3090 4980
2120 4440 3090 4980
2140 4440 3090 4970
2140 4420 3100 4970
2140 4420 3090 4970
2120 4420 3090 4970
2120 4420 3100 4970
2120 4420 3100 4970
2120 4420 3100 4970
2120 4420 3090 4970
2090 4420 3090 4980
2110 4420 3090 4980
2110 4420 3090 4970
2120 4430 3090 4970
2110 4430 3090 4970
2110 4430 3090 4970
2120 4440 3090 4970
2120 4430 3090 4960
2130 4430 3090 4970
2130 4430 3080 4970
2120 4420 3080 4970
2130 4420 3090 4980
2130 4420 3090 4970
2120 4420 3090 4970
2120 4420 3100 4970
2130 4420 3090 4970
2130 4420 3090 4970
2130 4430 3090 4970
2130 4430 3090 4970
2130 4430 3090 4980
2130 4430 3090 4980
2130 4430 3100 4980
2130 4420 3100 4980
2120 4420 3100 4980
2120 4430 3100 4980
2130 4440 3100 4980
2140 4430 3100 4980
2140 4430 3100 4980
2130 4430 3100 4980
2130 4430 3100 4970
2140 4430 3100 4970
2140 4430 3100 4970
2140 4420 3090 4970
2140 4410 3090 4970
2130 4410 3090 4980
2150 4430 3100 4980
2130 4430 3090 4960
2110 4420 3090 4970
2120 4420 3090 4980
2120 4420 3090 4970
2130 4420 3090 4970
2130 4420 3100 4970
2120 4420 3090 4970
2110 4420 3090 4980
2110 4430 3100 4970
2110 4430 3100 4980
2120 4430 3090 4990
2120 4440 3090 4990
2110 4420 3090 4990
2110 4420 3090 4990
2130 4420 3090 4990
2110 4420 3100 4980
2140 4420 3100 4980
2130 4420 3100 4970
2120 4420 3100 4960
2130 4420 3100 4970
2130 4430 3100 4970
2110 4440 3100 4970
2090 4430 3100 4980
2110 4430 3100 4970
2110 4430 3100 4980
2110 4430 3100 4980
2090 4430 3110 4980
2080 4430 3110 4980
2120 4420 3110 4970
2110 4420 3110 4960
2110 4420 3100 4960
2090 4420 3090 4960
2110 4420 3100 4970
2110 4420 3100 4970
2130 4410 3090 4970
2160 4420 3090 4970
2160 4420 3090 4970
2140 4420 3090 4980
2130 4410 3090 4980
2130 4410 3090 4970
2120 4420 3090 4970
2130 4430 3090 4970
2150 4430 3100 4980
2150 4430 3100 4970
2150 4430 3110 4970
2140 4430 3110 4970
2130 4430 3110 4960
2120 4430 3110 4960
