1770 4210 3590 5310
1770 4200 3600 5300
1770 4220 3600 5310
1770 4220 3600 5310
1770 4230 3590 5300
1780 4240 3590 5310
1780 4220 3590 5310
1780 4210 3590 5310
1780 4220 3590 5310
1780 4230 3590 5310
1780 4220 3590 5310
1770 4220 3590 5310
1780 4210 3590 5310
1800 4220 3590 5310
1800 4220 3580 5310
1780 4230 3580 5310
1780 4230 3590 5310
1780 4230 3600 5310
1780 4230 3590 5310
1780 4210 3590 5310
1780 4230 3590 5310
1800 4230 3590 5310
1770 4230 3580 5310
1770 4230 3580 5310
1780 4220 3590 5310
1770 4230 3580 5310
1770 4220 3590 5310
1760 4220 3580 5310
1750 4230 3590 5320
1760 4230 3590 5320
1760 4220 3590 5320
1770 4220 3590 5320
1780 4230 3590 5320
1780 4230 3590 5320
1780 4240 3590 5320
1760 4240 3590 5320
1740 4220 3600 5320
1740 4220 3610 5320
1740 4230 3620 5320
1740 4230 3610 5320
1750 4240 3600 5320
1750 4230 3590 5320
1750 4230 3600 5320
1750 4230 3600 5320
1750 4220 3590 5320
1750 4220 3590 5320
1750 4220 3590 5310
1740 4210 3600 5310
1740 4210 3590 5310
1740 4220 3590 5310
1730 4210 3590 5310
1740 4210 3590 5320
1740 4210 3600 5320
1750 4220 3600 5320
1740 4220 3590 5330
1750 4220 3590 5320
1720 4220 3600 5320
1730 4230 3600 5320
1740 4220 3600 5320
1740 4220 3590 5320
1740 4230 3590 5320
1740 4210 3580 5320
1750 4220 3590 5310
1750 4230 3580 5310
1750 4230 3580 5310
1750 4220 3590 5310
1760 4220 3580 5310
1760 4200 3590 5320
1760 4210 3590 5320
1760 4220 3590 5330
1770 4210 3590 5320
1770 4210 3600 5320
1800 4210 3600 5320
1800 4210 3600 5320
1780 4210 3590 5320
1800 4220 3590 5320
1800 4220 3590 5320
1800 4220 3590 5330
1800 4200 3610 5330
1800 4200 3600 5330
1780 4200 3600 5330
1770 4210 3580 5300
1780 4200 3590 5300
1800 4190 3590 5310
1800 4200 3590 5310
1800 4200 3590 5310
1800 4200 3600 5310
1800 4210 3600 5320
1800 4210 3600 5320
1800 4220 3600 5320
1800 4210 3600 5320
1800 4210 3600 5320
1800 4230 3600 5320
1780 4220 3600 5320
1780 4220 3600 5330
1780 4220 3600 5330
1800 4220 3600 5320
1800 4230 3600 5320
1800 4230 3590 5320
1800 4230 3590 5320
1800 4230 3590 5320
1800 4230 3590 5320
1800 4230 3590 5320
1760 4220 3590 5320
1750 4230 3590 5320
1750 4230 3590 5320
1750 4220 3590 5320
1740 4220 3600 5320
1750 4220 3590 5310
1750 4220 3590 5320
1750 4210 3590 5320
1750 4220 3590 5320
1750 4220 3590 5320
1760 4230 3590 5320
1760 4220 3590 5320
1770 4230 3590 5320
1760 4220 3580 5320
1760 4230 3580 5320
1770 4230 3580 5320
1770 4240 3580 5320
1760 4250 3590 5320
1800 4240 3600 5320
1800 4240 3590 5320
1800 4240 3600 5320
1800 4240 3600 5310
1800 4230 3610 5320
1780 4220 3610 5320
1750 4230 3590 5310
1760 4220 3580 5310
1760 4220 3580 5310
1770 4230 3580 5310
1760 4230 3590 5310
1760 4230 3580 5310
1760 4230 3580 5310
1760 4230 3590 5310
1750 4220 3590 5310
1760 4220 3580 5310
1770 4220 3590 5310
