1350 4090 4160 5660
1370 4080 4170 5660
1370 4100 4180 5660
1380 4090 4180 5660
1410 4090 4170 5660
1400 4080 4170 5660
1390 4110 4160 5660
1400 4090 4170 5670
1420 4090 4170 5660
1430 4100 4170 5660
1400 4100 4170 5660
1380 4090 4170 5660
1390 4080 4170 5660
1400 4080 4170 5660
1400 4080 4170 5670
1390 4090 4160 5660
1390 4100 4160 5660
1390 4080 4170 5660
1390 4090 4170 5660
1400 4100 4160 5660
1380 4080 4150 5650
1370 4090 4170 5660
1380 4090 4160 5670
1380 4090 4160 5670
1380 4080 4170 5670
1390 4080 4170 5670
1380 4080 4180 5680
1380 4080 4170 5670
1390 4070 4170 5660
1370 4080 4170 5660
1380 4080 4170 5650
1380 4090 4180 5650
1370 4080 4180 5650
1370 4090 4170 5650
1370 4100 4180 5640
1370 4080 4160 5650
1380 4080 4160 5650
1380 4080 4160 5660
1380 4080 4170 5670
1370 4080 4180 5660
1360 4090 4170 5660
1360 4100 4160 5660
1350 4090 4170 5660
1350 4090 4170 5660
1350 4080 4170 5660
1360 4080 4170 5660
1370 4100 4170 5660
1360 4090 4170 5660
1360 4090 4160 5660
1360 4100 4170 5660
1360 4090 4170 5660
1360 4080 4180 5660
1350 4080 4180 5660
1350 4070 4170 5660
1360 4080 4170 5660
1360 4100 4170 5670
1400 4100 4180 5670
1390 4110 4180 5660
1390 4100 4180 5650
1390 4100 4170 5660
1370 4080 4160 5640
1370 4080 4160 5640
1370 4080 4170 5660
1380 4080 4170 5660
1410 4100 4180 5660
1410 4090 4180 5660
1410 4100 4180 5650
1390 4100 4170 5650
1380 4100 4170 5650
1380 4100 4170 5660
1390 4090 4160 5650
1390 4100 4160 5650
1380 4090 4150 5650
1410 4120 4170 5660
1410 4110 4180 5670
1390 4090 4180 5660
1370 4090 4160 5650
1370 4090 4160 5660
1360 4070 4190 5660
1370 4070 4190 5650
1370 4070 4180 5650
1360 4090 4180 5660
1390 4080 4160 5660
1380 4090 4160 5670
1380 4090 4160 5660
1380 4090 4170 5650
1380 4100 4180 5640
1370 4090 4170 5640
1370 4090 4170 5640
1370 4100 4170 5650
1360 4100 4170 5650
1360 4110 4170 5650
1350 4090 4170 5650
1370 4100 4180 5660
1380 4080 4170 5660
1380 4090 4170 5660
1370 4090 4170 5660
1380 4090 4170 5660
1380 4090 4180 5660
1370 4090 4180 5660
1370 4080 4180 5660
1370 4100 4180 5660
1380 4090 4170 5660
1390 4090 4170 5650
1390 4100 4170 5640
1380 4110 4170 5640
1380 4110 4170 5650
1370 4090 4170 5660
1370 4090 4170 5660
1370 4090 4170 5660
1370 4090 4170 5650
1370 4090 4160 5650
1370 4100 4170 5650
1380 4090 4180 5660
1370 4100 4180 5660
1350 4070 4170 5660
1360 4080 4170 5650
1350 4080 4160 5660
1340 4080 4160 5660
1360 4090 4150 5660
1360 4090 4150 5660
1370 4090 4150 5660
1370 4080 4160 5670
1380 4080 4160 5660
1370 4090 4160 5660
1370 4080 4160 5660
1370 4070 4160 5660
1370 4070 4160 5670
1380 4070 4160 5670
1370 4070 4160 5660
1380 4070 4170 5660
1370 4070 4170 5660
1380 4100 4190 5660
1380 4090 4160 5650
1380 4080 4160 5650
1380 4080 4160 5650
1380 4090 4170 5650
1380 4080 4170 5650
1370 4080 4170 5650
1360 4080 4170 5650
1370 4080 4170 5640
1370 4080 4170 5650
1390 4090 4170 5650
1380 4100 4170 5650
1380 4100 4180 5650
1380 4100 4180 5650
1380 4080 4190 5660
1360 4110 4180 5650
1360 4110 4180 5660
1350 4110 4180 5650
1360 4100 4170 5660
1360 4090 4170 5660
1360 4090 4170 5660
1360 4100 4170 5650
1360 4110 4170 5650
1370 4110 4170 5650
1380 4120 4160 5650
1390 4110 4160 5650
1390 4110 4160 5650
1370 4130 4160 5650
1360 4130 4160 5650
1380 4110 4160 5650
1380 4100 4160 5640
1390 4090 4170 5650
1390 4090 4170 5660
1380 4080 4160 5660
1370 4090 4160 5660
1350 4090 4160 5660
1350 4070 4160 5650
1370 4080 4160 5650
1380 4080 4170 5650
1370 4070 4170 5660
1360 4070 4160 5650
1370 4080 4160 5650
1360 4080 4160 5650
1370 4070 4160 5650
1360 4070 4160 5650
1360 4080 4170 5640
1350 4090 4160 5640
1340 4080 4150 5640
1350 4080 4140 5650
1350 4080 4150 5650
1350 4090 4150 5650
1370 4100 4160 5660
1370 4080 4160 5660
1360 4080 4150 5660
1370 4080 4150 5650
1370 4080 4150 5650
1380 4080 4150 5650
1370 4090 4150 5640
1370 4090 4150 5640
1360 4100 4150 5640
1350 4080 4160 5650
1380 4100 4160 5650
1380 4100 4160 5650
1380 4090 4180 5660
1370 4090 4170 5660
1350 4100 4140 5650
