1140 4050 4670 5970
1140 4050 4670 5960
1140 4050 4660 5970
1140 4050 4650 5980
1140 4050 4660 5980
1140 4050 4660 5980
1120 4050 4650 5960
1130 4050 4640 5970
1130 4040 4640 5970
1130 4040 4650 5970
1130 4050 4660 5960
1140 4060 4670 5960
1140 4050 4660 5960
1140 4050 4650 5960
1130 4050 4650 5950
1120 4050 4650 5960
1110 4050 4670 5960
1090 4050 4670 5970
1110 4050 4680 5980
1120 4060 4680 5980
1120 4060 4680 5970
1130 4060 4660 5980
1140 4050 4660 5990
1150 4050 4660 5990
1150 4050 4650 5980
1160 4050 4650 5980
1140 4050 4650 5960
1120 4040 4650 5970
1130 4050 4650 5970
1140 4040 4660 5980
1140 4050 4660 5970
1140 4040 4660 5970
1140 4040 4660 5970
1150 4050 4660 5960
1150 4050 4660 5960
1140 4050 4650 5980
1130 4040 4650 5970
1140 4040 4660 5980
1150 4040 4660 5980
1150 4050 4660 5980
1150 4050 4670 5980
1150 4050 4670 5980
1150 4050 4680 5980
1150 4050 4680 5980
1160 4040 4670 5970
1180 4040 4670 5980
1180 4050 4660 5980
1180 4050 4650 5980
1160 4040 4650 5980
1140 4040 4650 5980
1140 4040 4660 5980
1110 4040 4660 5960
1120 4050 4660 5960
1110 4060 4660 5970
1120 4060 4660 5960
1140 4060 4660 5960
1140 4060 4670 5950
1140 4060 4670 5960
1150 4050 4670 5970
1140 4060 4660 5970
1150 4060 4650 5960
1160 4060 4650 5960
1180 4060 4650 5970
1190 4060 4660 5980
1180 4060 4660 5980
1190 4060 4660 5970
1160 4060 4670 5970
1140 4050 4670 5970
1140 4050 4670 5960
1140 4050 4660 5970
1140 4050 4660 5970
1140 4050 4650 5970
1130 4050 4650 5970
1130 4050 4660 5970
1130 4050 4660 5980
1140 4060 4660 5980
1150 4060 4660 5980
1140 4060 4660 5980
1140 4050 4650 5980
1130 4050 4660 5980
1140 4050 4660 5980
1140 4050 4660 5980
1140 4060 4650 5980
1140 4060 4650 5980
1140 4060 4660 5980
1130 4060 4670 5970
1130 4060 4660 5960
1120 4060 4660 5950
1130 4060 4650 5950
1130 4060 4650 5960
1130 4060 4660 5960
1130 4060 4660 5970
1130 4050 4660 5980
1130 4050 4660 5990
1130 4050 4650 5990
1130 4040 4660 5980
1140 4040 4660 5970
1130 4040 4640 5970
1130 4050 4650 5970
1140 4050 4650 5970
1130 4050 4650 5960
1150 4050 4650 5970
1140 4060 4660 5980
1130 4060 4660 5960
1130 4060 4660 5960
1120 4060 4660 5970
1140 4060 4660 5970
1130 4050 4650 5970
1150 4060 4650 5960
1130 4050 4660 5970
1130 4050 4670 5980
1120 4050 4670 5990
1100 4050 4670 5980
1120 4050 4660 5970
1120 4050 4670 5970
1110 4050 4660 5980
1120 4050 4660 5980
1130 4050 4660 5980
1140 4060 4660 5980
1160 4050 4660 5970
1160 4040 4670 5960
1160 4040 4670 5970
1160 4040 4670 5960
1160 4040 4680 5970
1160 4040 4660 5960
1150 4040 4670 5970
1150 4040 4660 5970
1150 4040 4670 5970
1140 4040 4670 5980
1140 4040 4660 5970
1120 4040 4670 5970
1120 4040 4670 5960
1130 4040 4650 5960
1120 4040 4650 5960
1120 4040 4660 5960
1130 4040 4660 5970
1130 4040 4650 5970
1130 4050 4650 5960
1130 4060 4660 5960
1140 4060 4670 5960
1140 4060 4650 5960
1150 4050 4660 5970
1150 4050 4660 5980
1140 4050 4660 5980
1150 4050 4660 5980
1120 4050 4660 5970
1140 4050 4660 5970
1120 4050 4660 5970
1110 4050 4650 5980
1110 4050 4660 5980
1100 4050 4660 5980
1100 4050 4670 5990
1100 4050 4670 5970
1110 4050 4670 5970
1120 4040 4670 5970
1120 4030 4670 5960
1130 4030 4650 5970
1150 4040 4650 5960
1160 4050 4660 5970
1150 4040 4660 5960
1140 4040 4650 5950
1120 4040 4640 5950
1130 4060 4650 5950
1130 4050 4660 5950
1130 4050 4660 5950
1120 4060 4650 5960
1130 4050 4650 5970
1140 4050 4660 5970
1130 4050 4660 5970
1120 4050 4670 5960
1120 4050 4660 5960
1120 4060 4660 5970
1140 4060 4660 5970
1140 4060 4660 5970
1130 4060 4660 5970
1130 4060 4660 5970
1120 4060 4670 5970
1140 4060 4660 5960
1140 4050 4660 5970
1120 4050 4650 5980
1130 4050 4640 5980
1130 4040 4630 5970
1130 4040 4630 5970
1140 4050 4640 5960
1140 4050 4640 5980
1130 4060 4640 5980
1130 4050 4640 5980
1130 4050 4640 5980
1130 4050 4640 5980
1140 4040 4640 5980
1140 4040 4640 5980
1130 4050 4650 5970
1140 4050 4660 5960
1150 4050 4660 5960
1140 4060 4650 5980
1130 4060 4650 5980
1130 4060 4650 5970
1130 4060 4650 5970
1140 4060 4650 5970
1140 4060 4650 5970
1130 4050 4650 5970
1120 4040 4650 5960
1110 4030 4650 5970
1120 4040 4650 5970
1120 4030 4650 5970
1110 4040 4660 5970
1110 4040 4660 5980
1110 4040 4650 5980
1110 4040 4660 5980
1120 4040 4660 5970
1140 4040 4670 5970
1150 4040 4660 5970
1130 4050 4650 5980
1120 4060 4650 5980
1110 4050 4650 5980
1130 4050 4650 5980
1150 4050 4660 5980
1140 4040 4660 5980
1140 4040 4660 5980
1120 4050 4660 5980
1120 4050 4670 5970
1120 4030 4660 5960
1120 4030 4660 5960
1130 4040 4660 5970
1130 4050 4660 5980
1100 4050 4660 5990
1120 4050 4660 5970
1120 4040 4650 5970
1140 4030 4660 5970
1130 4030 4660 5960
1140 4030 4660 5960
1140 4030 4660 5960
1140 4030 4660 5960
1150 4020 4670 5970
1150 4030 4670 5980
1140 4030 4660 5980
1150 4040 4670 5980
1140 4040 4660 5970
1120 4040 4660 5970
1120 4040 4660 5970
1160 4030 4660 5970
1140 4040 4630 5980
1140 4040 4640 5980
1140 4040 4630 5980
1140 4050 4640 5980
1140 4050 4640 5980
1140 4040 4640 5970
1150 4060 4660 5970
1140 4060 4660 5970
1150 4050 4660 5970
1150 4050 4650 5980
1150 4050 4650 5970
1150 4060 4660 5970
1150 4060 4670 5970
1150 4060 4660 5970
1150 4050 4660 5970
1160 4050 4650 5970
1160 4040 4650 5960
1140 4050 4650 5970
1150 4050 4660 5970
1150 4050 4660 5970
1130 4050 4660 5980
1130 4050 4660 5980
1130 4050 4660 5960
1090 4040 4660 5950
1100 4050 4650 5950
1100 4060 4660 5950
1110 4050 4660 5950
1110 4050 4670 5960
1120 4050 4660 5970
1120 4050 4660 5970
1130 4040 4660 5960
1150 4050 4650 5960
1130 4050 4640 5970
1120 4050 4650 5970
1120 4040 4650 5970
1120 4040 4640 5970
1120 4040 4640 5960
1110 4040 4650 5950
1120 4040 4670 5960
1130 4050 4670 5960
