1080 4000 4540 6010
1090 4000 4540 6010
1080 3990 4550 6010
1080 3990 4540 6010
1090 3990 4540 6010
1100 3990 4540 6000
1100 4000 4540 6000
1100 4010 4540 6000
1080 3990 4550 5990
1070 4000 4550 6000
1090 4000 4550 6010
1100 4000 4550 6010
1100 4000 4550 6010
1120 4000 4540 6010
1100 3990 4540 6010
1110 3990 4540 6010
1090 3990 4540 6010
1060 3990 4550 6010
1060 3990 4550 6010
1070 3990 4550 6000
1080 4000 4550 6000
1070 4010 4540 6010
1080 4010 4540 6010
1040 4000 4530 6010
1070 4010 4530 6010
1090 4010 4530 6000
1080 4010 4530 6000
1090 4010 4530 6000
1070 4010 4530 6000
1080 4000 4530 6000
1090 3990 4530 6000
1080 3980 4540 6000
1080 3980 4540 6000
1070 3990 4540 6000
1080 4000 4540 6000
1070 4000 4540 6000
1070 3990 4540 6000
1070 4000 4540 6000
1080 4020 4540 6010
1070 4010 4540 6010
1060 4000 4540 6000
1060 4000 4540 6000
1080 4000 4540 6000
1080 4010 4540 6000
1070 4000 4540 6000
1090 4000 4540 6000
1100 4000 4540 6000
1060 4000 4540 6010
1080 4010 4540 6010
1070 4010 4540 6010
1080 4010 4540 6010
1070 4010 4540 6010
1090 4010 4540 6010
1080 4020 4550 6010
1070 4020 4550 6010
1090 4030 4550 6010
1080 4030 4550 6010
1070 4020 4550 6010
1060 4020 4540 6010
1080 4020 4550 6000
1070 4020 4550 6000
1090 4020 4550 6000
1090 4010 4550 6000
1090 4010 4550 6010
1080 4010 4550 6010
1080 4010 4550 6010
1060 4010 4540 6010
1060 4010 4540 6000
1070 4010 4540 6000
1100 4020 4540 6000
1090 4020 4540 6010
1080 4020 4540 6010
1060 4020 4540 6010
1060 4010 4550 6000
1070 4010 4550 6000
1070 4010 4550 6000
1090 4010 4550 6010
1090 4010 4550 6010
1080 4010 4550 6010
1090 4010 4550 6010
1070 4010 4550 6010
1080 4010 4550 6020
1070 4000 4550 6020
1060 4000 4550 6020
1070 4010 4550 6020
1080 4010 4540 6020
1080 4000 4540 6010
1070 4000 4540 6010
1060 4010 4540 6010
1080 4000 4540 6010
1070 4000 4540 6010
1070 4020 4550 6010
1070 4010 4550 6010
1080 4010 4550 6010
1080 4010 4550 6010
1070 4000 4550 6010
1090 4000 4550 6010
1080 4010 4550 6020
1080 4010 4550 6020
1090 4020 4550 6010
1080 4020 4550 6010
1100 4020 4550 6010
1090 4020 4550 6010
1100 4020 4550 6010
1080 4020 4550 6010
1100 4020 4550 6010
1080 4020 4550 6010
1070 4020 4550 6020
1070 4010 4550 6020
1090 4010 4550 6020
1090 4010 4550 6020
1070 4010 4540 6020
1070 4010 4540 6020
1080 4010 4550 6010
1080 4010 4550 6010
1070 4010 4550 6010
1060 4020 4550 6010
1050 4020 4550 6010
1050 4020 4550 6010
1070 4010 4550 6010
1090 4010 4550 6010
1090 4010 4550 6010
1100 4010 4540 6000
1110 4000 4540 6000
1120 4010 4540 6000
1110 4000 4540 6000
1100 4020 4540 6000
1090 4020 4540 6000
1080 4020 4540 6010
1080 4020 4540 6000
1070 4010 4540 6000
1090 4010 4550 6000
1070 4000 4550 6000
1060 4000 4550 6010
1060 4000 4550 6010
1050 4010 4550 6010
1050 4000 4550 6010
1050 4000 4540 6010
1070 3990 4540 6010
1070 3980 4540 6010
1080 3990 4550 6010
1090 3980 4550 6010
1070 3990 4550 6010
1100 3990 4550 6010
1080 3980 4550 6010
1080 3990 4550 6020
1060 3990 4550 6010
1080 4000 4550 6010
