1520 3540 4760 5720
1510 3540 4760 5730
1510 3530 4760 5730
1500 3530 4760 5720
1500 3530 4760 5720
1500 3530 4760 5720
1500 3520 4760 5720
1510 3520 4760 5720
1510 3510 4770 5730
1510 3520 4780 5730
1510 3520 4780 5730
1530 3530 4780 5730
1510 3530 4780 5730
1530 3540 4780 5730
1530 3530 4760 5730
1540 3530 4770 5720
1520 3530 4770 5720
1510 3510 4770 5720
1520 3510 4770 5730
1510 3520 4760 5730
1510 3520 4760 5730
1520 3510 4750 5740
1540 3530 4760 5730
1510 3530 4750 5720
1520 3530 4750 5730
1510 3540 4750 5720
1530 3540 4750 5720
1550 3540 4750 5720
1540 3540 4760 5720
1530 3530 4760 5710
1540 3530 4760 5710
1520 3530 4750 5730
1510 3530 4760 5730
1520 3520 4750 5730
1510 3520 4760 5730
1520 3510 4760 5710
1530 3510 4750 5710
1520 3510 4750 5710
1520 3510 4750 5710
1500 3530 4750 5720
1500 3540 4750 5720
1500 3540 4750 5730
1490 3530 4750 5720
1490 3540 4750 5720
1510 3540 4750 5720
1510 3540 4750 5720
1510 3540 4750 5720
1530 3540 4750 5710
1530 3540 4750 5710
1530 3540 4750 5710
1520 3550 4760 5720
1520 3550 4750 5720
1530 3550 4750 5720
1530 3550 4750 5720
1510 3540 4750 5710
1510 3530 4750 5710
1500 3530 4750 5720
1500 3530 4750 5710
1510 3530 4770 5720
1510 3520 4760 5720
1510 3520 4750 5720
1500 3520 4750 5720
1490 3520 4750 5720
1520 3520 4750 5710
1520 3520 4750 5710
1530 3510 4750 5710
1520 3510 4750 5720
1520 3510 4750 5720
1510 3510 4760 5730
1510 3510 4760 5730
1510 3520 4760 5730
1500 3530 4760 5710
1510 3520 4760 5710
1500 3520 4740 5730
1490 3520 4740 5730
1510 3520 4740 5720
1510 3520 4750 5710
1520 3520 4760 5700
1520 3520 4760 5700
1540 3530 4770 5710
1520 3540 4770 5720
1510 3540 4760 5720
1500 3540 4760 5720
1530 3540 4760 5720
1520 3540 4760 5720
1520 3540 4760 5720
1520 3540 4760 5720
1540 3550 4760 5730
1520 3540 4760 5730
1540 3550 4760 5730
1530 3550 4770 5730
1510 3550 4760 5730
1520 3540 4760 5730
1520 3540 4760 5730
1530 3540 4760 5730
1520 3540 4760 5740
1510 3520 4760 5730
1520 3530 4760 5720
1530 3530 4760 5720
1520 3530 4760 5720
1510 3530 4760 5720
1510 3530 4760 5720
1510 3520 4760 5720
1520 3530 4760 5710
1530 3540 4770 5710
1520 3540 4760 5720
1500 3530 4760 5720
1530 3530 4760 5720
1530 3520 4760 5710
1500 3510 4760 5710
1500 3510 4760 5700
1490 3510 4770 5710
1490 3510 4770 5710
1520 3520 4760 5710
1500 3520 4770 5710
1490 3520 4760 5720
1490 3520 4760 5720
1490 3530 4760 5720
1500 3530 4760 5720
1490 3520 4760 5720
1520 3520 4760 5710
1530 3520 4770 5700
1530 3520 4750 5710
1550 3520 4750 5710
1540 3530 4750 5720
1530 3530 4760 5730
1530 3530 4760 5730
1540 3520 4760 5730
1550 3520 4760 5730
1520 3530 4750 5720
1550 3530 4750 5720
1520 3540 4760 5730
1520 3530 4760 5730
1540 3530 4760 5720
1520 3520 4760 5720
1540 3520 4760 5720
1540 3510 4760 5730
1530 3510 4760 5720
1550 3510 4760 5720
1510 3520 4760 5720
1530 3520 4760 5720
1530 3530 4760 5720
1550 3540 4770 5720
1540 3540 4770 5720
1550 3540 4770 5720
1560 3540 4760 5720
1530 3530 4760 5720
1530 3530 4760 5720
1540 3530 4760 5720
1560 3540 4760 5730
1530 3550 4760 5720
1540 3550 4760 5710
1540 3540 4750 5710
1530 3530 4750 5720
1540 3540 4760 5730
1530 3540 4760 5720
1520 3550 4760 5710
1530 3550 4750 5720
1520 3540 4760 5730
1540 3540 4770 5730
1540 3540 4770 5730
1550 3540 4760 5720
1530 3540 4760 5720
1530 3540 4760 5720
1520 3530 4760 5720
