1730 3600 4180 5370
1730 3580 4190 5370
1730 3590 4190 5380
1730 3600 4190 5380
1730 3570 4190 5380
1730 3580 4180 5380
1720 3590 4180 5380
1720 3580 4180 5370
1750 3580 4180 5370
1750 3580 4180 5370
1760 3580 4180 5380
1740 3600 4180 5380
1740 3600 4180 5380
1730 3600 4180 5380
1730 3590 4170 5380
1720 3600 4180 5380
1740 3580 4170 5380
1730 3560 4190 5370
1740 3560 4200 5370
1730 3560 4190 5370
1740 3560 4190 5360
1730 3550 4190 5380
1730 3550 4180 5380
1730 3570 4190 5380
1730 3570 4190 5380
1730 3590 4190 5380
1730 3610 4190 5370
1740 3590 4190 5360
1740 3600 4190 5360
1740 3580 4190 5370
1730 3570 4190 5370
1730 3560 4180 5370
1720 3560 4180 5370
1710 3580 4180 5370
1700 3580 4180 5370
1710 3560 4180 5370
1710 3560 4180 5370
1710 3580 4190 5370
1710 3570 4190 5370
1710 3590 4190 5370
1710 3570 4200 5370
1720 3570 4190 5370
1720 3580 4190 5370
1710 3590 4190 5370
1710 3590 4180 5370
1730 3580 4180 5370
1730 3570 4180 5370
1730 3570 4190 5380
1730 3590 4180 5390
1730 3580 4180 5390
1730 3570 4180 5400
1740 3590 4190 5390
1730 3590 4200 5380
1720 3570 4200 5380
1740 3590 4190 5380
1720 3570 4190 5390
1730 3590 4190 5380
1740 3580 4190 5380
1730 3580 4180 5380
1730 3580 4180 5380
1730 3580 4180 5370
1730 3580 4190 5370
1730 3590 4180 5370
1730 3600 4180 5380
1710 3590 4180 5380
1730 3580 4190 5370
1740 3580 4190 5380
1730 3580 4190 5370
1730 3570 4180 5370
1730 3560 4180 5380
1730 3560 4190 5380
1730 3580 4200 5380
1740 3580 4190 5390
1740 3580 4190 5390
1740 3590 4190 5380
1750 3610 4180 5390
1750 3610 4190 5390
1740 3590 4190 5390
1730 3570 4190 5390
1730 3560 4190 5390
1730 3570 4180 5380
1720 3580 4180 5380
1720 3590 4190 5360
1720 3590 4200 5380
1720 3600 4200 5380
1720 3600 4200 5370
1720 3610 4190 5380
1730 3590 4180 5380
1730 3590 4180 5380
1740 3600 4180 5380
1730 3610 4180 5380
1730 3590 4180 5370
1740 3600 4190 5370
1750 3590 4190 5380
1750 3580 4180 5380
1730 3590 4190 5390
1730 3600 4190 5390
1710 3610 4180 5390
1730 3600 4190 5390
1720 3590 4190 5390
1730 3600 4190 5380
1740 3590 4180 5390
1750 3580 4180 5390
1730 3590 4180 5390
1750 3600 4180 5390
1740 3610 4180 5390
1740 3610 4180 5390
1730 3600 4180 5380
1730 3600 4180 5380
1720 3610 4180 5380
1730 3620 4180 5380
1740 3620 4190 5380
1740 3610 4190 5380
1720 3620 4180 5380
1730 3610 4170 5380
1740 3620 4180 5380
1730 3620 4180 5380
1740 3620 4180 5380
1740 3610 4180 5380
1740 3600 4190 5370
1740 3590 4180 5370
1740 3610 4190 5370
1740 3610 4190 5370
1740 3610 4190 5370
1710 3600 4180 5390
1720 3600 4180 5380
1730 3600 4190 5380
1730 3610 4180 5380
1720 3590 4180 5370
1740 3600 4180 5370
1730 3590 4190 5380
1720 3580 4180 5380
1720 3580 4180 5380
1720 3590 4190 5380
1730 3590 4190 5390
1730 3600 4190 5390
1720 3590 4190 5390
1720 3590 4180 5390
1720 3600 4180 5390
1720 3610 4180 5380
1730 3610 4180 5390
1730 3610 4180 5390
1730 3600 4180 5400
1730 3610 4190 5400
1730 3600 4190 5400
1730 3600 4180 5400
1730 3590 4180 5400
1730 3610 4180 5400
1730 3600 4190 5400
1730 3590 4200 5400
1720 3580 4190 5400
1730 3590 4180 5390
1750 3580 4180 5390
