2070 3820 3760 4950
2080 3800 3760 4940
2070 3810 3760 4940
2070 3810 3760 4940
2060 3810 3760 4940
2060 3800 3760 4940
2060 3810 3760 4940
2060 3800 3760 4940
2060 3800 3750 4940
2060 3800 3760 4940
2060 3800 3750 4940
2070 3790 3760 4940
2070 3790 3750 4940
2070 3790 3740 4950
2070 3790 3740 4960
2070 3810 3750 4960
2080 3800 3750 4950
2080 3790 3750 4960
2070 3790 3750 4960
2070 3800 3740 4960
2070 3800 3740 4950
2070 3790 3730 4960
2060 3790 3740 4960
2060 3800 3750 4960
2060 3800 3760 4960
2070 3800 3770 4960
2070 3780 3770 4950
2070 3780 3760 4960
2060 3790 3760 4960
2060 3790 3760 4960
2060 3790 3760 4960
2070 3790 3760 4970
2070 3810 3750 4960
2070 3800 3750 4960
2070 3800 3750 4960
2080 3780 3750 4960
2080 3790 3750 4960
2060 3790 3750 4960
2060 3790 3750 4950
2060 3790 3760 4960
2070 3790 3760 4950
2060 3800 3760 4950
2050 3810 3750 4960
2050 3800 3750 4960
2060 3790 3740 4960
2060 3800 3750 4960
2060 3790 3750 4960
2060 3780 3760 4950
2060 3780 3760 4960
2070 3810 3740 4950
2070 3780 3750 4950
2080 3790 3750 4950
2070 3790 3740 4950
2080 3800 3750 4950
2070 3810 3760 4960
2070 3810 3760 4960
2070 3810 3750 4960
2070 3810 3750 4960
2070 3810 3750 4950
2070 3790 3750 4950
2070 3790 3760 4950
2070 3800 3750 4950
2070 3810 3750 4960
2070 3820 3750 4960
2070 3820 3740 4960
2070 3820 3750 4950
2070 3820 3740 4950
2070 3820 3750 4950
2070 3820 3760 4940
2080 3800 3760 4950
2070 3800 3770 4950
2070 3800 3770 4950
2070 3800 3770 4950
2060 3790 3770 4950
2070 3790 3780 4950
2090 3780 3770 4940
2090 3780 3770 4940
2090 3780 3770 4940
2090 3800 3770 4940
2090 3790 3770 4950
2090 3790 3760 4950
2090 3800 3760 4960
2090 3790 3760 4970
2080 3780 3760 4960
2070 3790 3770 4960
2080 3790 3770 4960
2090 3800 3770 4960
2080 3780 3770 4970
2070 3790 3770 4950
2060 3790 3760 4940
2060 3790 3760 4940
2060 3790 3760 4940
2070 3800 3760 4940
2070 3810 3760 4960
2070 3810 3760 4950
2070 3780 3760 4950
2070 3780 3760 4960
2070 3790 3740 4950
2070 3790 3740 4960
2070 3800 3740 4960
2070 3800 3750 4970
2070 3800 3750 4960
2070 3800 3760 4970
2070 3790 3750 4950
2070 3790 3750 4950
2070 3790 3750 4950
2070 3790 3760 4950
2070 3790 3760 4950
2080 3790 3760 4950
2080 3790 3770 4950
2070 3810 3770 4960
2070 3810 3770 4950
2070 3810 3780 4950
2070 3810 3770 4940
2080 3810 3770 4940
2070 3810 3760 4940
2080 3820 3770 4950
2080 3830 3770 4950
2080 3820 3750 4950
2070 3820 3750 4950
2070 3810 3750 4950
2070 3800 3760 4960
2070 3800 3760 4950
2070 3810 3760 4960
2080 3810 3760 4960
2070 3800 3750 4960
2070 3800 3760 4960
2070 3800 3760 4950
2070 3800 3760 4950
2070 3810 3740 4960
2070 3810 3760 4970
2070 3790 3760 4960
2070 3790 3770 4960
2070 3780 3770 4950
2060 3780 3760 4950
2060 3790 3760 4950
2060 3800 3760 4960
2060 3810 3750 4950
2050 3810 3750 4950
2060 3800 3760 4950
2050 3800 3760 4950
2050 3800 3760 4950
2070 3790 3750 4960
2070 3800 3750 4960
2070 3810 3760 4960
2080 3800 3750 4960
2070 3800 3760 4960
2070 3810 3760 4960
2060 3800 3750 4960
2060 3790 3760 4960
2060 3780 3770 4960
2070 3790 3760 4950
2060 3790 3760 4960
2050 3800 3770 4960
2050 3790 3760 4960
2050 3790 3760 4960
2060 3800 3770 4970
2070 3810 3760 4970
2070 3820 3750 4970
2070 3820 3750 4970
2070 3790 3760 4950
2070 3770 3770 4960
2070 3770 3770 4960
2070 3770 3760 4950
