2500 4030 3290 4690
2500 4030 3290 4690
2490 4030 3290 4690
2490 4030 3300 4690
2500 4040 3300 4690
2510 4040 3300 4690
2510 4040 3290 4690
2520 4050 3290 4690
2520 4050 3290 4700
2510 4040 3290 4700
2470 4040 3290 4700
2450 4050 3290 4690
2440 4040 3290 4690
2440 4050 3290 4690
2450 4060 3290 4690
2460 4060 3280 4690
2470 4060 3280 4690
2490 4060 3280 4690
2500 4060 3280 4690
2480 4050 3280 4690
2490 4050 3280 4690
2490 4060 3280 4700
2480 4060 3290 4700
2490 4050 3290 4700
2490 4040 3290 4700
2480 4040 3290 4700
2470 4040 3290 4700
2470 4030 3290 4700
2470 4040 3290 4700
2480 4030 3290 4700
2480 4040 3290 4700
2490 4050 3290 4700
2500 4050 3280 4700
2500 4050 3280 4700
2490 4040 3280 4700
2490 4040 3280 4700
2470 4050 3280 4700
2480 4040 3280 4700
2480 4030 3280 4700
2480 4030 3270 4700
2460 4030 3280 4700
2450 4050 3280 4700
2480 4030 3290 4700
2490 4030 3290 4690
2480 4040 3290 4690
2510 4040 3280 4700
2480 4030 3280 4700
2470 4040 3280 4690
2470 4040 3280 4690
2470 4040 3280 4700
2490 4050 3280 4700
2500 4040 3280 4700
2500 4040 3270 4700
2500 4040 3270 4700
2480 4050 3270 4690
2490 4040 3270 4690
2490 4030 3280 4690
2480 4030 3280 4690
2490 4030 3280 4690
2490 4040 3280 4690
2470 4040 3280 4690
2490 4040 3270 4690
2480 4050 3270 4700
2490 4050 3270 4700
2490 4020 3280 4700
2470 4020 3280 4700
2480 4040 3270 4700
2490 4050 3260 4700
2500 4050 3270 4690
2500 4040 3280 4690
2510 4050 3270 4700
2510 4040 3280 4700
2480 4040 3280 4690
2480 4050 3270 4700
2480 4050 3270 4700
2480 4050 3270 4690
2500 4050 3280 4690
2490 4050 3280 4700
2490 4050 3280 4700
2500 4040 3280 4700
2490 4050 3280 4700
2490 4040 3280 4690
2450 4040 3280 4690
2450 4030 3280 4690
2490 4040 3260 4680
2490 4040 3260 4690
2500 4050 3260 4690
2490 4050 3260 4690
2480 4050 3270 4690
2470 4060 3270 4690
2490 4050 3280 4690
2470 4040 3280 4700
2470 4050 3280 4700
2470 4040 3280 4700
2500 4040 3280 4700
2470 4040 3280 4690
2470 4040 3280 4690
2470 4040 3280 4690
2470 4040 3280 4700
2460 4040 3280 4700
2480 4030 3270 4700
2510 4040 3280 4690
2490 4040 3290 4690
2480 4040 3290 4690
2490 4040 3290 4690
2490 4050 3290 4690
2490 4060 3290 4690
2500 4060 3290 4690
2500 4050 3280 4700
2500 4050 3280 4700
2490 4030 3280 4700
2500 4040 3280 4700
2490 4040 3290 4710
2470 4040 3280 4700
2480 4040 3280 4700
2480 4050 3270 4700
2470 4040 3280 4700
2490 4040 3280 4690
2500 4050 3280 4690
2500 4040 3280 4690
2480 4030 3280 4690
2460 4040 3280 4690
2470 4040 3280 4700
2470 4040 3280 4710
2470 4040 3280 4710
2480 4030 3280 4710
2480 4030 3280 4700
2490 4040 3280 4700
2480 4050 3280 4700
2480 4040 3280 4700
2480 4050 3290 4700
