2870 4300 2860 4310
2880 4310 2860 4310
2890 4310 2860 4300
2880 4310 2850 4300
2890 4300 2850 4300
2890 4310 2850 4310
2910 4310 2850 4300
2910 4310 2840 4290
2900 4310 2830 4300
2910 4310 2840 4310
2900 4310 2840 4300
2910 4310 2840 4310
2900 4310 2840 4330
2910 4310 2840 4330
2890 4310 2850 4290
2890 4310 2850 4290
2900 4310 2850 4270
2900 4310 2850 4290
2900 4310 2850 4300
2890 4310 2850 4290
2880 4310 2850 4290
2900 4310 2850 4290
2890 4310 2850 4300
2880 4310 2840 4290
2890 4310 2840 4290
2890 4310 2840 4300
2890 4310 2840 4300
2890 4310 2850 4290
2880 4310 2850 4300
2890 4300 2850 4300
2890 4310 2850 4300
2890 4310 2850 4300
2890 4310 2850 4300
2880 4310 2850 4290
2900 4310 2850 4300
2900 4310 2850 4300
2890 4310 2850 4290
2890 4320 2840 4290
2880 4320 2840 4290
2880 4320 2850 4290
2880 4320 2850 4300
2880 4320 2850 4290
2880 4320 2850 4290
2890 4320 2840 4260
2890 4320 2840 4290
2890 4320 2840 4290
2890 4320 2850 4290
2890 4320 2850 4300
2890 4320 2850 4290
2900 4320 2850 4300
2880 4320 2850 4300
2880 4320 2850 4290
2880 4320 2840 4290
2890 4320 2840 4300
2890 4320 2840 4310
2880 4320 2840 4290
2880 4320 2840 4290
2890 4320 2840 4290
2890 4320 2840 4300
2880 4320 2840 4290
2880 4320 2840 4290
2890 4320 2850 4290
2900 4320 2850 4290
2890 4320 2850 4290
2890 4320 2850 4290
2890 4320 2850 4290
2890 4320 2850 4300
2890 4320 2850 4300
2890 4320 2850 4290
2890 4320 2850 4300
2890 4320 2850 4300
2900 4320 2850 4310
2900 4320 2850 4300
2900 4320 2840 4310
2900 4320 2840 4300
2900 4320 2840 4300
2900 4320 2840 4310
2910 4320 2850 4300
2900 4320 2850 4300
2890 4320 2850 4290
2880 4320 2850 4300
2880 4320 2850 4300
2880 4320 2850 4300
2880 4320 2850 4300
2890 4320 2850 4290
2900 4320 2850 4270
2900 4320 2850 4290
2900 4320 2850 4300
2910 4320 2850 4310
2910 4320 2850 4300
2890 4320 2850 4310
2900 4320 2850 4310
2900 4320 2850 4310
2900 4320 2850 4310
2900 4320 2850 4300
2890 4310 2850 4290
2880 4310 2850 4290
2890 4310 2850 4290
2870 4310 2850 4290
2890 4310 2850 4300
2890 4300 2850 4300
2890 4290 2850 4300
2900 4300 2850 4310
2890 4300 2850 4300
2890 4300 2860 4310
2890 4300 2850 4320
2900 4300 2850 4320
2900 4310 2850 4310
2900 4310 2850 4300
2890 4310 2850 4300
2890 4310 2850 4300
2890 4310 2850 4290
2880 4310 2850 4290
2890 4310 2850 4290
2900 4310 2850 4290
2900 4310 2850 4290
2900 4310 2850 4270
2900 4310 2850 4270
2890 4310 2840 4270
2890 4310 2840 4290
2880 4310 2850 4290
2890 4310 2860 4300
2890 4310 2850 4310
2890 4310 2850 4320
2890 4310 2850 4310
2890 4310 2860 4300
2900 4300 2850 4310
2890 4310 2850 4290
2880 4310 2850 4290
2880 4310 2860 4290
2880 4310 2850 4300
2880 4310 2840 4300
2890 4310 2850 4300
2900 4310 2840 4300
2900 4310 2840 4300
2890 4310 2840 4310
2900 4320 2840 4300
2880 4320 2840 4300
2880 4320 2840 4290
2880 4310 2840 4290
2890 4310 2840 4300
2890 4310 2840 4290
2880 4310 2840 4290
2880 4310 2840 4300
2870 4310 2830 4310
2880 4300 2830 4300
2890 4300 2840 4310
2890 4300 2840 4300
2900 4310 2850 4290
2900 4310 2850 4290
2900 4310 2850 4290
2890 4310 2850 4300
2890 4310 2850 4310
2900 4310 2840 4300
2880 4310 2840 4300
2890 4310 2840 4290
2890 4310 2850 4290
2890 4310 2850 4290
2890 4310 2850 4290
2890 4310 2850 4290
2880 4310 2850 4290
