3310 4650 2380 4070
3310 4650 2390 4070
3310 4650 2390 4070
3320 4660 2390 4070
3320 4640 2380 4070
3320 4640 2380 4070
3320 4630 2390 4070
3320 4630 2380 4070
3320 4630 2390 4070
3320 4640 2370 4070
3320 4640 2370 4070
3330 4640 2360 4070
3330 4640 2370 4070
3320 4640 2370 4070
3320 4640 2370 4060
3310 4640 2370 4060
3300 4650 2370 4070
3320 4640 2380 4070
3320 4640 2370 4070
3330 4640 2380 4070
3320 4640 2370 4070
3320 4640 2360 4070
3320 4640 2370 4060
3320 4640 2370 4060
3320 4640 2380 4060
3330 4640 2370 4060
3320 4650 2360 4060
3310 4650 2370 4060
3320 4640 2380 4060
3320 4640 2370 4060
3320 4640 2360 4070
3320 4640 2360 4070
3320 4640 2370 4070
3320 4640 2380 4070
3320 4650 2380 4070
3330 4660 2370 4070
3340 4650 2360 4070
3340 4650 2360 4070
3330 4640 2370 4070
3330 4630 2360 4070
3330 4630 2360 4070
3330 4630 2370 4070
3320 4630 2360 4060
3320 4630 2370 4060
3320 4630 2380 4050
3300 4640 2380 4060
3300 4640 2380 4060
3300 4640 2380 4060
3300 4650 2380 4060
3300 4650 2370 4060
3300 4650 2370 4060
3300 4640 2370 4060
3310 4640 2380 4060
3310 4650 2380 4060
3310 4640 2370 4070
3310 4640 2370 4070
3300 4640 2370 4070
3290 4640 2370 4080
3300 4640 2360 4080
3310 4640 2370 4070
3330 4640 2360 4070
3330 4640 2360 4060
3320 4650 2370 4060
3300 4640 2370 4060
3300 4640 2360 4060
3300 4640 2350 4060
3290 4640 2350 4070
3300 4650 2350 4070
3300 4660 2360 4070
3300 4650 2370 4080
3300 4640 2370 4080
3290 4640 2380 4080
3280 4630 2360 4070
3290 4650 2360 4080
3300 4650 2360 4080
3320 4640 2360 4080
3320 4630 2360 4080
3320 4640 2370 4080
3340 4630 2360 4080
3340 4630 2350 4080
3330 4630 2350 4080
3320 4630 2350 4080
3320 4630 2350 4080
3310 4630 2380 4070
3300 4630 2390 4070
3310 4630 2380 4080
3310 4640 2360 4070
3320 4640 2360 4070
3320 4640 2360 4070
3330 4640 2360 4070
3330 4640 2360 4070
3330 4640 2370 4070
3330 4640 2360 4070
3320 4640 2360 4070
3310 4640 2360 4070
3300 4640 2390 4060
3310 4650 2370 4070
3310 4650 2380 4070
3310 4630 2380 4070
3310 4650 2390 4070
3320 4650 2390 4070
3320 4650 2380 4070
3310 4650 2370 4070
3300 4650 2370 4070
3290 4640 2380 4070
3300 4640 2380 4070
3300 4640 2380 4070
3310 4640 2370 4070
3310 4640 2360 4070
3300 4640 2370 4070
3300 4640 2370 4070
3320 4640 2360 4070
3320 4640 2370 4070
3300 4650 2360 4070
3300 4650 2370 4070
3300 4640 2370 4070
3300 4640 2370 4070
3300 4640 2360 4060
3300 4640 2370 4070
3300 4640 2380 4070
3320 4650 2380 4070
3320 4650 2390 4070
3320 4650 2390 4070
3310 4640 2390 4070
3310 4640 2390 4070
3300 4640 2360 4060
3300 4640 2370 4070
3300 4640 2370 4060
3300 4640 2380 4060
3320 4640 2360 4060
3320 4630 2370 4070
3320 4630 2360 4070
3330 4630 2370 4070
3320 4630 2360 4060
3310 4630 2360 4070
3310 4630 2370 4070
3300 4630 2360 4080
3300 4630 2370 4080
3300 4630 2370 4080
3300 4630 2360 4080
3300 4630 2370 4080
3300 4640 2360 4080
3310 4640 2360 4080
3310 4640 2370 4080
3310 4650 2380 4080
3310 4650 2370 4080
3310 4650 2370 4080
3310 4650 2360 4080
3310 4660 2370 4070
3320 4660 2370 4070
3320 4660 2370 4070
3310 4670 2380 4070
3310 4650 2370 4070
3310 4660 2360 4070
3310 4660 2370 4070
3310 4660 2380 4070
3310 4650 2390 4070
3300 4650 2380 4070
3300 4650 2370 4070
3310 4640 2370 4070
3310 4640 2360 4070
3310 4640 2350 4080
3300 4640 2350 4080
3310 4640 2360 4080
3300 4640 2370 4080
3330 4650 2360 4070
3330 4640 2360 4070
