3820 4940 1980 3790
3810 4940 1980 3790
3820 4950 1990 3790
3820 4950 2000 3790
3810 4960 2000 3790
3820 4960 2010 3790
3810 4950 2010 3780
3810 4960 1990 3780
3810 4950 2000 3770
3810 4950 1990 3770
3800 4940 2000 3780
3800 4950 2000 3780
3800 4950 1990 3790
3800 4950 2010 3800
3800 4960 2010 3800
3790 4960 2010 3800
3800 4960 2000 3790
3800 4960 2000 3790
3800 4960 2000 3790
3800 4960 2010 3800
3790 4950 2000 3800
3800 4950 1980 3800
3800 4950 1990 3800
3820 4940 1980 3790
3800 4940 1990 3790
3790 4940 1980 3790
3790 4940 1980 3800
3790 4950 1990 3800
3800 4950 1990 3790
3810 4950 1980 3790
3810 4940 1990 3790
3810 4950 1990 3780
3810 4950 1990 3790
3820 4960 1990 3790
3810 4960 1990 3790
3800 4960 1990 3790
3800 4960 1980 3790
3800 4950 1980 3790
3800 4950 1990 3790
3810 4950 2000 3780
3820 4950 2000 3780
3820 4950 2000 3780
3810 4940 1990 3780
3810 4940 1990 3780
3810 4950 1990 3770
3800 4960 1990 3790
3810 4950 1990 3790
3810 4950 1980 3790
3810 4950 1980 3790
3820 4950 1990 3790
3810 4940 2000 3790
3810 4940 1990 3790
3810 4950 2000 3800
3810 4950 1990 3800
3820 4970 2000 3780
3810 4950 2000 3780
3810 4940 2000 3780
3810 4950 1990 3780
3800 4950 1990 3780
3800 4960 2000 3780
3790 4960 2000 3780
3800 4950 1980 3780
3800 4950 1980 3790
3820 4960 1980 3790
3810 4960 1980 3790
3800 4950 2010 3790
3810 4960 2010 3790
3830 4950 2000 3790
3830 4950 1990 3800
3830 4970 1990 3800
3820 4960 1990 3800
3810 4970 1990 3790
3820 4960 1990 3790
3800 4950 1990 3790
3810 4950 1990 3790
3810 4960 2000 3800
3810 4970 2010 3790
3810 4970 2000 3790
3810 4960 2010 3790
3820 4970 2000 3780
3830 4960 2000 3770
3830 4950 2010 3780
3820 4940 2010 3780
3820 4940 1990 3790
3820 4950 2000 3790
3820 4940 2000 3790
3820 4950 1990 3790
3830 4950 1990 3790
3840 4940 1990 3790
3830 4940 1980 3800
3830 4940 1980 3800
3820 4940 1980 3800
3810 4940 1990 3800
3810 4940 1990 3800
3820 4940 2000 3790
3820 4940 2000 3790
3820 4950 2000 3790
3810 4960 2010 3800
3810 4950 2010 3810
3820 4950 2000 3800
3820 4940 1990 3790
3820 4940 2000 3790
3820 4950 2000 3790
3820 4940 1990 3790
3820 4940 1990 3790
3830 4940 1990 3790
3840 4940 1990 3790
3840 4950 1990 3790
3850 4940 2000 3780
3850 4940 2000 3780
3850 4950 2000 3780
3850 4950 2010 3780
3840 4950 2000 3780
3830 4950 2000 3780
3820 4940 2000 3790
3820 4940 2010 3790
3810 4940 1990 3800
3820 4930 2000 3800
3820 4930 1990 3800
3830 4950 2000 3800
3840 4940 2000 3800
3840 4940 2000 3790
3830 4940 1990 3790
3830 4950 1990 3790
3830 4950 1990 3790
3830 4950 1990 3790
3820 4950 1990 3790
3810 4950 2000 3780
3820 4950 2000 3780
3810 4950 2000 3780
3810 4970 2010 3790
3810 4950 2000 3800
3810 4950 1980 3800
3810 4960 1990 3790
3810 4950 2000 3790
3810 4950 2000 3800
3810 4950 1990 3800
3810 4950 1990 3790
3810 4950 1990 3790
3820 4940 1990 3790
3820 4940 1980 3790
3820 4940 1980 3800
3800 4940 2000 3800
3800 4940 2010 3800
3810 4940 2000 3790
3800 4940 2000 3790
3800 4960 2010 3800
3810 4960 2000 3800
3810 4960 1990 3800
3800 4950 1990 3800
