4290 5350 1670 3630
4290 5360 1660 3640
4270 5360 1660 3620
4270 5370 1660 3630
4290 5370 1660 3640
4290 5360 1660 3630
4290 5360 1650 3630
4290 5370 1650 3630
4300 5360 1640 3620
4290 5370 1640 3630
4270 5370 1640 3630
4290 5370 1650 3620
4290 5370 1650 3620
4290 5360 1660 3620
4290 5370 1660 3630
4290 5370 1660 3620
4270 5360 1680 3630
4270 5360 1660 3630
4290 5370 1670 3630
4270 5370 1680 3610
4270 5370 1670 3640
4270 5360 1670 3640
4290 5370 1660 3630
4270 5370 1660 3620
4290 5360 1660 3620
4290 5360 1660 3620
4290 5360 1660 3630
4270 5360 1660 3620
4270 5360 1660 3620
4270 5360 1660 3610
4270 5360 1670 3620
4270 5360 1660 3630
4290 5360 1660 3620
4290 5360 1660 3610
4290 5360 1660 3610
4290 5360 1660 3610
4270 5360 1650 3610
4290 5360 1650 3620
4290 5360 1660 3620
4270 5360 1660 3630
4270 5360 1660 3630
4290 5360 1650 3630
4290 5360 1660 3620
4290 5360 1660 3630
4290 5350 1660 3640
4290 5350 1650 3630
4290 5350 1660 3630
4290 5350 1670 3620
4290 5360 1670 3640
4290 5360 1680 3650
4270 5360 1670 3630
4270 5360 1670 3640
4270 5360 1660 3630
4270 5370 1660 3610
4270 5370 1660 3600
4270 5370 1650 3590
4270 5370 1650 3590
4270 5370 1650 3620
4270 5370 1650 3620
4270 5370 1650 3620
4270 5370 1660 3630
4290 5380 1660 3610
4270 5370 1660 3620
4290 5370 1660 3620
4290 5370 1650 3610
4270 5370 1660 3610
4270 5370 1670 3610
4290 5370 1670 3620
4290 5370 1670 3630
4300 5370 1660 3640
4300 5370 1660 3640
4290 5360 1660 3640
4270 5360 1660 3640
4270 5350 1650 3650
4270 5350 1660 3650
4270 5360 1660 3620
4260 5360 1650 3620
4260 5360 1660 3630
4260 5350 1690 3630
4270 5380 1670 3630
4270 5360 1640 3630
4260 5360 1660 3620
4260 5360 1670 3620
4260 5360 1680 3620
4260 5360 1670 3630
4260 5360 1670 3620
4260 5370 1680 3610
4270 5360 1670 3610
4270 5360 1670 3620
4270 5370 1670 3610
4270 5360 1660 3610
4270 5360 1660 3610
4270 5360 1660 3620
4270 5360 1660 3630
4290 5370 1670 3650
4290 5360 1660 3640
4270 5360 1660 3640
4270 5360 1660 3620
4260 5360 1660 3610
4270 5370 1660 3610
4270 5380 1650 3630
4300 5370 1660 3630
4290 5370 1650 3630
4300 5370 1670 3640
4290 5370 1670 3630
4290 5370 1670 3620
4290 5360 1670 3620
4270 5360 1660 3620
4270 5370 1660 3620
4270 5370 1660 3620
4270 5370 1660 3610
4260 5360 1660 3610
4260 5360 1670 3620
4270 5370 1670 3620
4270 5370 1670 3610
4290 5370 1660 3610
4290 5370 1660 3620
4290 5370 1650 3630
4290 5370 1660 3640
4290 5370 1660 3630
4290 5370 1670 3630
4270 5370 1670 3630
4290 5370 1660 3630
4290 5370 1660 3630
4290 5370 1660 3650
4290 5380 1670 3640
4290 5380 1670 3630
4290 5360 1670 3630
4290 5370 1680 3640
4290 5370 1660 3630
4290 5370 1670 3650
4290 5370 1670 3650
4270 5370 1660 3630
4270 5370 1660 3630
4270 5370 1660 3640
4290 5370 1660 3640
4290 5380 1660 3640
4290 5380 1650 3640
4290 5370 1650 3640
4290 5370 1650 3640
4290 5370 1650 3640
4270 5370 1650 3640
4260 5370 1650 3640
