4730 5780 1440 3530
4720 5770 1440 3530
4720 5770 1440 3530
4710 5780 1440 3530
4720 5780 1430 3530
4720 5780 1440 3530
4710 5780 1440 3510
4710 5780 1450 3500
4710 5780 1450 3510
4700 5780 1440 3520
4700 5780 1440 3540
4720 5780 1440 3520
4740 5790 1440 3520
4740 5800 1450 3510
4730 5800 1450 3520
4720 5800 1450 3520
4710 5800 1450 3520
4720 5790 1460 3520
4710 5780 1460 3540
4730 5780 1460 3540
4730 5780 1450 3530
4730 5780 1440 3530
4730 5780 1450 3530
4730 5780 1430 3510
4710 5780 1440 3530
4710 5780 1440 3530
4710 5780 1430 3510
4720 5780 1430 3510
4720 5780 1450 3510
4710 5770 1440 3520
4720 5770 1450 3530
4730 5770 1440 3530
4730 5770 1440 3520
4730 5780 1430 3530
4720 5780 1420 3520
4720 5790 1430 3520
4720 5790 1430 3520
4740 5780 1450 3540
4720 5780 1450 3520
4710 5780 1450 3530
4710 5780 1450 3520
4730 5780 1460 3520
4730 5770 1440 3510
4730 5770 1440 3510
4730 5770 1440 3510
4720 5770 1440 3520
4720 5770 1440 3530
4730 5780 1440 3530
4730 5780 1450 3530
4730 5780 1440 3510
4730 5780 1440 3520
4730 5780 1440 3520
4710 5780 1430 3520
4720 5780 1430 3520
4720 5780 1430 3520
4710 5780 1440 3520
4720 5780 1430 3520
4730 5780 1420 3500
4730 5780 1420 3500
4740 5780 1440 3500
4730 5780 1430 3510
4730 5780 1430 3510
4740 5780 1430 3500
4720 5790 1440 3510
4710 5790 1430 3510
4710 5790 1440 3490
4700 5790 1440 3500
4730 5780 1430 3530
4730 5780 1430 3530
4720 5780 1440 3540
4710 5780 1440 3540
4720 5780 1430 3530
4720 5780 1430 3530
4710 5780 1440 3520
4720 5780 1450 3510
4720 5780 1450 3510
4700 5780 1440 3510
4720 5780 1440 3520
4730 5780 1440 3530
4720 5780 1450 3530
4720 5790 1450 3520
4730 5780 1450 3520
4720 5780 1450 3500
4720 5770 1450 3500
4710 5770 1440 3510
4720 5780 1450 3510
4720 5780 1450 3510
4720 5780 1440 3510
4720 5780 1430 3510
4730 5780 1440 3520
4730 5770 1450 3520
4720 5770 1450 3530
4730 5770 1450 3530
4730 5770 1440 3530
4740 5770 1440 3530
4740 5770 1440 3510
4730 5770 1450 3520
4740 5770 1460 3530
4740 5770 1460 3530
4730 5770 1460 3540
4740 5780 1460 3540
4740 5780 1460 3540
4740 5780 1460 3520
4730 5780 1460 3530
4710 5780 1460 3520
4710 5780 1460 3530
4710 5780 1450 3510
4710 5780 1450 3500
4720 5780 1450 3510
4720 5780 1450 3510
4720 5770 1450 3520
4730 5770 1450 3520
4710 5780 1450 3520
4710 5780 1440 3510
4710 5780 1450 3520
4710 5780 1460 3520
4710 5780 1450 3520
4720 5780 1460 3520
4710 5780 1450 3520
4720 5780 1440 3510
4720 5780 1440 3500
4720 5780 1450 3510
4710 5780 1450 3520
4710 5780 1440 3510
4720 5790 1430 3520
4710 5780 1450 3510
4710 5780 1450 3500
4720 5780 1460 3510
4730 5770 1460 3500
4740 5780 1460 3510
4730 5780 1450 3500
4730 5780 1450 3510
4740 5780 1450 3510
4740 5780 1450 3500
4720 5780 1440 3500
4720 5780 1440 3500
4730 5780 1450 3510
4730 5780 1440 3510
4720 5770 1460 3520
4720 5780 1440 3520
4720 5780 1440 3510
4720 5780 1440 3520
4710 5780 1440 3520
4710 5780 1450 3520
4720 5780 1450 3520
4710 5780 1460 3520
4710 5780 1490 3520
4720 5780 1470 3520
4720 5780 1490 3520
4730 5770 1460 3520
4730 5780 1450 3520
4740 5780 1450 3520
4740 5780 1450 3500
