1550 3570 4820 5620
1550 3560 4800 5620
1550 3560 4810 5620
1540 3570 4810 5620
1550 3570 4820 5630
1560 3570 4820 5630
1560 3570 4820 5620
1550 3570 4820 5620
1560 3580 4810 5620
1550 3580 4810 5610
1540 3580 4810 5610
1530 3570 4810 5620
1550 3570 4820 5630
1540 3570 4830 5620
1550 3570 4830 5620
1550 3570 4820 5620
1560 3570 4820 5610
1560 3570 4820 5620
1570 3570 4810 5620
1540 3560 4800 5620
1540 3560 4800 5630
1550 3580 4820 5620
1560 3580 4810 5620
1540 3580 4810 5620
1520 3570 4810 5630
1520 3570 4810 5630
1520 3570 4810 5630
1520 3580 4810 5620
1520 3580 4800 5630
1530 3580 4800 5630
1530 3570 4790 5620
1540 3580 4800 5620
1550 3570 4810 5620
1540 3570 4800 5630
1540 3570 4810 5620
1540 3580 4810 5630
1540 3570 4810 5620
1530 3570 4810 5620
1540 3580 4810 5630
1550 3580 4820 5620
1550 3580 4810 5620
1540 3580 4810 5630
1540 3580 4810 5630
1550 3580 4800 5640
1540 3570 4800 5620
1530 3570 4800 5610
1530 3570 4810 5600
1530 3570 4810 5610
1540 3570 4810 5610
1540 3570 4810 5610
1550 3570 4810 5610
1550 3580 4810 5620
1560 3570 4810 5620
1560 3570 4800 5620
1560 3580 4790 5620
1560 3580 4790 5620
1560 3570 4790 5610
1560 3570 4800 5610
1550 3570 4800 5610
1540 3570 4800 5620
1540 3570 4800 5610
1550 3570 4810 5610
1540 3570 4810 5620
1530 3570 4810 5620
1540 3570 4810 5620
1530 3580 4800 5620
1540 3580 4810 5620
1540 3580 4810 5620
1540 3570 4820 5610
1540 3560 4820 5610
1540 3560 4820 5610
1540 3560 4820 5610
1540 3560 4810 5610
1550 3560 4810 5620
1550 3560 4820 5620
1550 3570 4810 5620
1540 3560 4810 5620
1540 3570 4810 5630
1550 3570 4810 5630
1550 3570 4810 5630
1550 3570 4800 5620
1550 3560 4800 5620
1550 3560 4810 5610
1530 3560 4800 5620
1530 3560 4790 5620
1540 3560 4800 5620
1540 3570 4800 5620
1540 3570 4790 5610
1540 3570 4790 5610
1530 3570 4800 5620
1540 3570 4810 5620
1530 3560 4810 5620
1530 3560 4810 5630
1530 3570 4800 5620
1530 3570 4790 5620
1530 3570 4800 5620
1530 3570 4810 5620
1530 3570 4810 5620
1530 3570 4820 5620
1520 3560 4830 5620
1530 3560 4830 5620
1540 3560 4810 5610
1540 3570 4800 5610
1540 3580 4800 5620
1540 3580 4790 5610
1540 3570 4800 5620
1540 3560 4800 5620
1530 3550 4810 5620
1540 3550 4820 5620
1540 3550 4810 5620
1550 3550 4820 5620
1550 3550 4810 5630
1550 3570 4800 5630
1540 3570 4810 5630
1540 3570 4810 5630
1530 3570 4820 5620
1530 3570 4830 5620
1540 3570 4830 5620
1540 3570 4830 5620
1550 3570 4830 5620
1550 3570 4830 5620
1550 3580 4820 5620
1530 3580 4810 5620
1530 3570 4820 5610
1520 3580 4830 5620
1510 3570 4830 5630
1520 3570 4830 5640
1520 3570 4830 5640
1530 3570 4820 5630
1540 3560 4830 5620
1550 3560 4830 5620
1540 3570 4820 5620
1540 3570 4820 5620
1550 3580 4820 5620
1550 3570 4830 5620
1550 3580 4830 5620
1540 3580 4830 5620
1550 3570 4830 5620
1550 3570 4830 5620
1560 3570 4830 5620
1560 3570 4830 5620
1560 3570 4830 5610
1550 3570 4830 5610
1550 3570 4840 5600
1550 3570 4830 5600
1540 3570 4820 5600
1540 3570 4810 5600
1540 3570 4810 5600
1550 3570 4810 5620
1550 3570 4810 5620
1540 3570 4810 5620
1540 3570 4830 5620
1540 3570 4830 5620
1540 3570 4830 5620
1540 3570 4830 5620
1540 3570 4820 5630
1540 3570 4820 5620
1530 3570 4820 5630
1530 3570 4830 5630
1520 3570 4830 5620
1520 3570 4830 5620
1540 3580 4840 5630
1540 3580 4840 5620
1540 3580 4840 5620
1530 3580 4840 5620
1530 3580 4840 5630
1530 3580 4840 5620
1520 3590 4840 5620
1530 3580 4840 5630
1530 3580 4840 5620
1530 3580 4840 5610
1550 3580 4840 5630
1540 3580 4840 5630
1540 3580 4830 5620
1530 3580 4820 5620
1520 3580 4810 5620
1520 3580 4810 5610
1540 3590 4820 5610
1540 3580 4830 5610
1540 3580 4820 5610
1520 3580 4830 5610
1520 3580 4830 5620
1530 3580 4820 5610
1540 3580 4810 5610
1540 3570 4810 5620
1540 3570 4820 5620
1550 3570 4810 5620
1540 3570 4820 5630
1530 3570 4830 5620
1520 3570 4820 5620
1530 3580 4820 5620
1530 3580 4810 5620
1530 3570 4820 5620
1530 3570 4830 5620
1530 3570 4830 5610
1530 3570 4830 5610
1520 3570 4830 5610
1530 3570 4820 5610
1530 3570 4830 5610
1520 3570 4830 5620
1540 3570 4830 5620
1540 3570 4830 5620
1550 3560 4820 5620
1550 3560 4820 5620
1540 3560 4830 5620
1550 3560 4830 5620
1550 3560 4830 5620
1550 3560 4830 5610
1550 3570 4840 5620
1550 3560 4830 5620
1550 3560 4840 5620
1540 3560 4830 5630
1550 3560 4830 5620
1550 3560 4830 5600
1550 3570 4820 5610
