4930 5520 1940 3030
4930 5520 1940 3030
4930 5520 1940 3030
4930 5510 1930 3020
4950 5510 1940 3020
4950 5500 1940 3050
4950 5510 1940 3060
4930 5500 1940 3060
4930 5520 1940 3060
4930 5520 1940 3060
4930 5510 1930 3050
4930 5520 1930 3030
4930 5520 1940 3030
4930 5520 1940 3050
4920 5510 1940 3030
4920 5520 1930 3060
4920 5520 1930 3050
4920 5520 1940 3020
4920 5520 1940 3020
4920 5520 1940 3020
4930 5520 1940 3020
4930 5520 1930 3020
4930 5510 1940 3030
4930 5510 1940 3050
4920 5520 1940 3050
4920 5510 1940 3030
4920 5510 1940 3030
4920 5510 1940 3030
4920 5510 1940 3030
4920 5520 1940 3050
4910 5510 1940 3030
4920 5510 1950 3030
4930 5510 1940 3020
4930 5510 1930 3020
4920 5500 1930 3050
4920 5520 1930 3060
4920 5510 1930 3050
4930 5510 1920 3060
4930 5500 1950 3030
4930 5490 1940 3050
4930 5490 1940 3050
4940 5500 1940 3060
4940 5490 1930 3050
4940 5500 1930 3030
4940 5500 1930 3030
4940 5510 1940 3050
4940 5500 1940 3030
4940 5510 1940 3050
4930 5500 1950 3060
4930 5510 1950 3060
4930 5520 1940 3060
4940 5500 1950 3050
4930 5520 1950 3050
4930 5510 1950 3050
4930 5510 1950 3060
4920 5510 1940 3050
4920 5510 1940 3060
4910 5510 1950 3060
4930 5500 1950 3020
4930 5510 1950 3050
4930 5510 1940 3060
4930 5520 1940 3060
4930 5510 1940 3060
4920 5500 1950 3050
4920 5500 1950 3030
4920 5490 1940 3050
4930 5490 1940 3050
4920 5490 1930 3060
4930 5500 1930 3050
4920 5500 1930 3030
4920 5520 1940 3020
4920 5510 1940 3030
4920 5510 1950 3050
4920 5500 1950 3030
4930 5500 1940 3030
4930 5500 1930 3030
4920 5500 1930 3030
4920 5500 1930 3030
4930 5500 1920 3030
4920 5500 1920 3030
4920 5500 1930 3030
4920 5500 1930 3030
4920 5500 1920 3030
4920 5500 1920 3050
4920 5500 1930 3050
4920 5500 1930 3050
4930 5500 1930 3050
4910 5520 1930 3030
4920 5510 1940 3050
4930 5510 1940 3060
4920 5510 1940 3060
4920 5520 1930 3060
4920 5510 1930 3060
4920 5510 1940 3060
4920 5500 1940 3050
4920 5510 1940 3060
4920 5500 1940 3050
4920 5500 1940 70
4930 5510 1950 3030
4930 5510 1950 3050
4930 5510 1950 3050
4940 5540 1950 3030
4940 5510 1940 3050
4940 5510 1960 3060
4940 5500 1950 3050
4940 5500 1940 3050
4940 5500 1940 3050
4940 5500 1940 3050
4940 5500 1940 3030
4940 5510 1930 3030
4940 5510 1920 3050
4930 5510 1930 3030
4920 5510 1920 3030
4920 5510 1920 3020
4920 5510 1940 3050
4920 5510 1930 3030
4920 5510 1950 3030
4920 5510 1950 3030
4920 5510 1950 3030
4930 5510 1950 3020
4930 5500 1950 3030
4920 5510 1940 3020
4920 5510 1940 3020
4930 5510 1940 3030
4920 5510 1950 3030
4920 5510 1940 3030
4920 5520 1930 3030
4920 5520 1930 3050
4920 5520 1930 3060
4920 5510 1930 3070
4920 5520 1930 3080
4920 5520 1920 3060
4920 5520 1920 3070
4930 5520 1930 3050
4920 5520 1920 3030
4920 5510 1920 3030
4920 5510 1930 3030
4920 5510 1930 3030
4920 5510 1930 3050
4930 5500 1940 3060
4920 5520 1940 3060
4920 5510 1930 3030
4930 5520 1940 3050
4930 5520 1950 3050
4920 5520 1950 3050
4920 5520 1950 3030
4920 5510 1940 3050
4920 5510 1930 3060
4930 5510 1940 3050
4930 5500 1940 3050
4930 5500 1950 3050
4920 5500 1950 3060
4920 5490 1940 3030
4920 5490 1950 3050
4920 5490 1950 3060
4920 5500 1940 3050
4930 5510 1940 3050
