4440 4990 2130 3190
4440 4980 2130 3190
4440 4970 2130 3200
4450 4970 2130 3180
4440 4980 2130 3180
4450 4980 2110 3190
4450 4980 2120 3190
4460 4980 2120 3200
4460 4980 2110 3190
4460 4980 2110 3190
4480 4970 2110 3190
4460 4970 2110 3180
4440 4980 2110 3180
4440 4980 2110 3180
4450 4980 2110 3180
4450 4970 2120 3180
4450 4970 2130 3190
4460 4980 2120 3180
4460 4980 2120 3200
4470 4990 2120 3180
4470 4990 2120 3190
4490 4980 2120 3200
4510 4970 2110 3190
4500 4970 2110 3190
4500 4970 2110 3200
4480 4970 2110 3190
4490 4980 2110 3200
4490 4990 2110 3190
4480 4990 2120 3180
4460 4990 2110 3190
4470 4970 2110 3170
4460 4980 2110 3180
4460 4970 2130 3160
4460 4980 2130 3160
4450 4980 2130 3160
4450 4970 2120 3160
4450 4970 2110 3170
4440 4970 2110 3170
4440 4970 2110 3180
4450 4970 2110 3200
4460 4970 2110 3200
4460 4980 2110 3190
4470 4980 2120 3190
4470 4990 2110 3190
4470 4990 2110 3180
4460 4980 2110 3190
4460 4980 2110 3190
4460 4980 2110 3190
4460 4990 2130 3190
4460 4970 2120 3200
4470 4970 2110 3200
4460 4970 2110 3200
4450 4970 2110 3190
4450 4960 2120 3180
4460 4970 2110 3200
4460 4970 2090 3210
4470 4970 2110 3200
4480 4970 2110 3210
4480 4970 2120 3200
4480 4970 2110 3200
4480 4970 2110 3200
4480 4970 2110 3190
4470 4960 2110 3180
4450 4960 2110 3180
4450 4980 2110 3190
4450 4980 2110 3200
4450 4970 2110 3200
4450 4970 2110 3190
4450 4970 2110 3200
4450 4980 2110 3200
4450 4990 2110 3200
4440 4990 2120 3200
4450 4990 2120 3180
4450 4990 2120 3180
4450 4990 2120 3180
4450 4980 2110 3180
4450 4980 2110 3180
4450 4980 2110 3180
4450 4980 2110 3180
4440 4980 2090 3200
4440 4980 2090 3200
4450 4980 2090 3200
4440 4980 2090 3200
4440 4980 2090 3190
4440 4970 2090 3180
4420 4980 2090 3180
4420 4980 2110 3180
4420 4970 2110 3180
4430 4980 2110 3190
4450 4970 2110 3200
4450 4990 2120 3190
4450 4980 2110 3190
4450 4970 2130 3190
4440 4960 2130 3190
4440 4980 2130 3190
4440 4990 2130 3200
4440 4980 2130 3200
4460 4980 2130 3210
4450 4970 2120 3190
4460 4970 2120 3200
4450 4970 2120 3190
4450 4970 2110 3190
4440 4980 2110 3190
4440 4980 2110 3180
4440 4970 2110 3180
4440 4980 2110 3190
4440 4980 2090 3190
4440 4980 2090 3190
4450 4970 2110 3190
4450 4960 2110 3170
4460 4970 2110 3170
4460 4970 2110 3190
4450 4970 2110 3180
4450 4970 2110 3190
4440 4970 2110 3190
4440 4980 2110 3200
4440 4990 2120 3200
4450 4990 2110 3200
4460 4990 2120 3200
4460 4990 2120 3190
4450 4980 2120 3180
4460 4980 2120 3200
4440 4980 2120 3200
4440 4970 2130 3200
4440 4980 2130 3200
4440 4990 2130 3210
4440 4990 2130 3200
4450 4990 2130 3210
4450 5000 2130 3210
4450 4990 2130 3200
4450 4980 2130 3200
4450 4990 2130 3190
4450 4990 2130 3200
4450 4990 2130 3200
4430 4980 2130 3220
4420 4980 2130 3220
4430 4970 2120 3200
4420 4980 2110 3190
4430 4980 2120 3180
4430 4970 2110 3190
4430 4970 2110 3190
4430 4980 2110 3190
4440 4980 2110 3190
4440 4990 2110 3190
4440 4990 2110 3200
4450 4970 2110 3190
4440 4970 2120 3180
4440 4980 2110 3190
4450 4980 2110 3180
4450 4970 2120 3180
4440 4980 2110 3190
4440 4970 2110 3190
4440 4970 2110 3190
4440 4980 2120 3200
