3940 4560 2420 3370
3950 4560 2420 3370
3950 4560 2420 3370
3950 4550 2420 3360
3950 4550 2420 3360
3950 4550 2420 3340
3950 4560 2420 3360
3950 4560 2420 3370
3960 4550 2420 3360
3980 4560 2420 3340
3960 4550 2430 3330
3960 4550 2420 3330
3960 4570 2420 3360
3940 4570 2420 3340
3940 4560 2420 3370
3960 4570 2430 3360
3950 4570 2420 3370
3950 4570 2420 3360
3960 4560 2420 3340
3950 4560 2430 3340
3950 4550 2430 3330
3960 4560 2420 3330
3940 4560 2420 3340
3950 4570 2420 3370
3950 4560 2420 3360
3950 4560 2420 3360
3960 4570 2420 3360
3980 4570 2420 3370
3980 4570 2420 3360
3960 4570 2420 3370
3950 4560 2430 3370
3950 4560 2420 3370
3940 4560 2420 3370
3950 4570 2420 3380
3950 4570 2420 3370
3950 4570 2420 3370
3950 4570 2420 3370
3960 4560 2420 3360
3960 4550 2420 3370
3950 4560 2430 3370
3960 4560 2420 3370
3960 4560 2420 3370
3960 4570 2420 3360
3960 4570 2430 3360
3980 4570 2430 3360
3960 4560 2420 3360
3980 4560 2430 3360
3960 4560 2430 3360
3960 4560 2420 3370
3960 4570 2420 3380
3950 4550 2420 3360
3950 4550 2420 3360
3950 4560 2420 3370
3950 4570 2420 3370
3960 4570 2420 3370
3950 4570 2420 3360
3950 4570 2420 3370
3950 4570 2420 3370
3960 4570 2420 3380
3960 4570 2420 3370
3960 4570 2430 3360
3950 4570 2420 3370
3950 4560 2420 3380
3950 4560 2420 3380
3950 4550 2420 3380
3960 4560 2430 3370
3960 4560 2430 3360
3960 4560 2430 3340
3950 4560 2430 3340
3950 4560 2430 3330
3960 4560 2430 3330
3960 4560 2420 3360
3960 4570 2430 3360
3940 4570 2430 3340
3950 4570 2420 3330
3950 4560 2420 3330
3960 4560 2400 3360
3950 4550 2420 3360
3950 4550 2420 3370
3950 4550 2420 3370
3950 4550 2430 3370
3960 4550 2420 3380
3980 4550 2430 3380
3980 4560 2420 3370
3960 4570 2420 3370
3960 4570 2420 3360
3960 4570 2430 3360
3960 4570 2430 3340
3960 4570 2430 3340
3960 4570 2430 3360
3960 4570 2430 3370
3940 4560 2420 3380
3950 4560 2430 3380
3950 4560 2430 3380
3950 4570 2420 3380
3950 4570 2420 3370
3950 4570 2420 3360
3960 4560 2420 3380
3960 4600 2420 3380
3960 4580 2420 3380
3960 4600 2430 3360
3960 4600 2420 3360
3980 4600 2420 3370
3960 4570 2420 3370
3980 4570 2420 3370
3980 4570 2400 3370
3980 4560 2420 3340
3950 4600 2430 3360
3940 4580 2420 3360
3950 4570 2430 3360
3940 4570 2430 3360
3960 4560 2430 3370
3960 4570 2430 3360
3950 4570 2430 3360
3950 4560 2430 3370
3930 4560 2430 3380
3930 4550 2420 3390
3930 4560 2420 3390
3930 4560 2430 3390
3930 4550 2420 3390
3930 4550 2420 3370
3930 4550 2430 3370
3930 4550 2430 3380
3940 4550 2430 3380
3940 4570 2430 3380
3950 4580 2420 3380
3950 4570 2420 3370
3960 4580 2430 3370
3950 4600 2430 3370
3950 4580 2430 3370
3960 4580 2430 3370
3980 4570 2430 3360
3950 4570 2420 3370
3940 4580 2430 3390
3930 4580 2420 3380
3950 4580 2420 3380
3950 4570 2420 3380
3940 4580 2420 3370
3960 4550 2430 3370
3950 4560 2440 3380
3940 4550 2430 3380
3960 4570 2430 3380
3960 4560 2430 3380
3950 4550 2440 3380
3950 4560 2440 3380
3940 4580 2430 3380
3930 4560 2430 3370
3930 4560 2420 3380
3940 4560 2430 3370
3960 4560 2430 3370
3950 4570 2430 3370
3940 4560 2430 3370
3940 4550 2430 3380
3940 4540 2430 3390
3940 4540 2420 3390
3940 4550 2420 3390
3940 4570 2420 3390
3930 4600 2420 3390
3930 4580 2420 3390
3930 4570 2420 3370
3950 4570 2420 3340
3960 4560 2420 3360
3960 4560 2420 3370
3950 4550 2400 3370
3940 4550 2400 3370
3940 4540 2400 3360
3950 4550 2400 3370
3950 4560 2420 3370
3950 4550 2420 3380
3980 4560 2430 3360
3960 4550 2440 3370
3960 4550 2430 3370
3960 4550 2420 3370
3950 4560 2420 3370
3950 4550 2420 3370
3940 4550 2430 3370
3950 4570 2430 3370
3960 4580 2420 3370
3950 4560 2430 3380
3950 4560 2420 3370
3960 4560 2430 3370
3950 4570 2430 3370
3940 4560 2420 3380
3940 4570 2400 3370
3930 4560 2420 3370
3930 4560 2420 3370
3940 4550 2420 3380
3940 4560 2430 3360
3940 4570 2430 3360
3930 4580 2430 3360
3940 4570 2430 3360
