3500 4230 2780 3620
3520 4230 2770 3620
3520 4220 2780 3620
3500 4220 2780 3620
3510 4210 2770 3620
3480 4220 2780 3610
3480 4220 2770 3610
3490 4220 2770 3610
3510 4220 2770 3610
3500 4230 2780 3610
3500 4230 2770 3610
3510 4230 2770 3610
3500 4220 2770 3620
3490 4230 2770 3620
3480 4220 2770 3620
3490 4220 2770 3620
3500 4210 2770 3620
3500 4220 2770 3620
3490 4220 2770 3610
3490 4230 2770 3610
3500 4230 2770 3610
3520 4230 2770 3610
3520 4230 2770 3610
3510 4230 2770 3610
3510 4220 2770 3610
3510 4210 2770 3610
3500 4220 2780 3600
3510 4220 2780 3600
3500 4230 2780 3600
3510 4220 2780 3600
3520 4220 2780 3600
3510 4220 2780 3600
3490 4210 2780 3600
3490 4210 2780 3600
3500 4210 2780 3610
3510 4210 2780 3600
3500 4210 2780 3600
3510 4210 2770 3610
3510 4210 2780 3600
3490 4210 2780 3590
3500 4230 2760 3600
3500 4230 2760 3600
3490 4230 2770 3610
3520 4240 2780 3610
3510 4230 2780 3610
3520 4220 2780 3610
3530 4220 2780 3610
3530 4220 2780 3610
3530 4230 2770 3600
3510 4230 2780 3600
3540 4230 2780 3600
3520 4220 2770 3600
3500 4220 2770 3600
3500 4210 2770 3610
3510 4210 2770 3600
3510 4210 2770 3610
3520 4220 2770 3610
3520 4220 2770 3610
3510 4220 2770 3610
3490 4220 2770 3620
3490 4210 2770 3610
3500 4230 2770 3620
3500 4230 2780 3610
3510 4210 2780 3610
3490 4220 2770 3610
3500 4230 2770 3610
3500 4220 2770 3600
3510 4230 2770 3610
3510 4230 2770 3610
3510 4230 2770 3620
3490 4230 2770 3610
3490 4230 2770 3600
3470 4230 2770 3590
3490 4220 2770 3580
3490 4210 2770 3590
3500 4230 2770 3590
3480 4230 2780 3600
3480 4240 2780 3610
3480 4230 2780 3610
3480 4230 2780 3610
3490 4230 2780 3620
3500 4230 2770 3610
3480 4230 2770 3600
3480 4220 2770 3600
3470 4210 2770 3600
3480 4210 2770 3600
3500 4210 2770 3600
3500 4210 2770 3600
3490 4210 2770 3600
3490 4220 2780 3600
3490 4220 2780 3600
3510 4200 2780 3600
3490 4220 2780 3600
3500 4220 2770 3600
3520 4230 2770 3610
3530 4220 2770 3600
3520 4220 2770 3600
3510 4220 2770 3600
3510 4220 2770 3600
3490 4230 2780 3600
3490 4230 2780 3590
3500 4220 2770 3610
3490 4200 2780 3620
3500 4210 2780 3620
3500 4220 2780 3620
3500 4230 2780 3620
3490 4230 2780 3610
3510 4230 2780 3610
3500 4230 2780 3610
3520 4220 2770 3610
3510 4230 2770 3610
3490 4230 2780 3610
3490 4230 2780 3620
3520 4240 2770 3610
