3060 3870 3140 3860
3060 3890 3140 3860
3060 3880 3140 3860
3070 3890 3140 3870
3080 3880 3150 3880
3090 3880 3160 3890
3090 3880 3160 3900
3070 3870 3160 3910
3080 3880 3140 3880
3080 3880 3140 3890
3060 3890 3140 3890
3060 3890 3140 3900
3060 3900 3140 3880
3050 3900 3150 3890
3070 3900 3150 3880
3070 3900 3160 3860
3080 3900 3150 3880
3070 3900 3150 3880
3070 3900 3140 3870
3070 3890 3140 3880
3080 3890 3140 3890
3080 3880 3140 3890
3080 3870 3150 3880
3090 3870 3150 3880
3090 3870 3150 3890
3090 3870 3140 3880
3080 3880 3140 3880
3070 3890 3140 3880
3070 3890 3150 3880
3080 3880 3150 3880
3080 3880 3150 3880
3080 3880 3150 3890
3080 3890 3150 3890
3080 3880 3150 3880
3080 3880 3150 3890
3080 3880 3150 3900
3070 3870 3160 3900
3070 3870 3160 3890
3070 3870 3160 3880
3080 3880 3160 3880
3080 3880 3160 3880
3080 3870 3160 3890
3080 3870 3160 3880
3070 3880 3160 3870
3070 3880 3160 3870
3070 3880 3170 3890
3070 3890 3170 3890
3060 3890 3170 3880
3080 3890 3170 3890
3080 3910 3170 3890
3090 3910 3160 3890
3080 3910 3160 3880
3090 3900 3160 3880
3080 3890 3170 3870
3080 3880 3170 3870
3090 3880 3180 3890
3090 3890 3180 3900
3090 3890 3170 3900
3090 3880 3160 3890
3090 3880 3160 3880
3090 3870 3160 3890
3090 3880 3160 3890
3090 3870 3160 3880
3080 3880 3160 3890
3060 3870 3170 3880
3060 3880 3160 3880
3060 3890 3150 3870
3060 3880 3160 3880
3090 3880 3160 3890
3080 3880 3160 3880
3090 3890 3160 3870
3090 3890 3160 3880
3070 3880 3150 3900
3080 3900 3160 3890
3090 3890 3150 3880
3070 3890 3150 3870
3070 3890 3150 3870
3090 3890 3150 3900
3090 3880 3150 3880
3070 3880 3170 3890
3080 3880 3140 3870
3080 3890 3140 3870
3060 3900 3130 3880
3080 3900 3140 3890
3080 3900 3140 3880
3080 3890 3140 3880
3080 3880 3140 3900
3080 3890 3140 3890
3080 3890 3140 3900
3080 3880 3140 3890
3080 3880 3140 3900
3080 3890 3140 3890
3090 3880 3150 3890
3070 3870 3150 3880
3070 3870 3150 3890
3070 3880 3160 3880
3070 3890 3140 3880
3070 3900 3150 3880
3070 3890 3150 3870
3070 3900 3160 3870
3070 3890 3160 3870
3070 3890 3160 3870
3070 3890 3160 3870
3070 3890 3160 3880
3080 3900 3150 3870
3080 3900 3150 3860
3080 3890 3150 3870
3080 3880 3150 3880
3080 3870 3150 3880
3090 3870 3150 3890
3090 3880 3140 3880
3100 3870 3140 3890
3090 3880 3150 3900
3090 3880 3140 3900
3080 3880 3150 3890
3080 3890 3150 3880
3080 3880 3150 3870
3080 3870 3150 3880
3080 3880 3160 3880
3080 3870 3150 3870
3080 3870 3140 3870
3060 3870 3160 3890
3060 3870 3160 3880
3060 3870 3150 3880
3060 3890 3150 3870
3060 3880 3150 3880
3050 3860 3150 3890
3030 3860 3150 3880
3070 3880 3150 3890
3070 3870 3140 3890
3060 3870 3150 3880
3060 3870 3140 3870
3070 3880 3150 3880
3070 3880 3140 3870
3050 3880 3140 3870
3030 3880 3140 3890
3030 3870 3140 3880
3030 3870 3140 3880
3050 3880 3150 3890
3030 3890 3150 3890
3050 3880 3160 3880
3060 3890 3160 3890
3070 3880 3160 3880
3070 3870 3150 3880
3070 3870 3150 3900
3070 3870 3160 3900
3070 3890 3160 3890
3080 3900 3150 3890
3070 3880 3160 3880
3070 3900 3150 3890
3070 3870 3150 3870
3060 3870 3150 3870
3060 3850 3150 3880
3070 3870 3150 3870
3080 3870 3160 3870
3070 3870 3160 3870
3070 3890 3160 3890
3070 3890 3160 3880
3100 3880 3150 3870
3080 3890 3150 3870
3070 3900 3150 3870
3070 3890 3150 3890
3060 3890 3150 3890
3050 3870 3150 3880
3060 3880 3140 3900
3070 3880 3150 3880
3050 3870 3140 3890
3050 3870 3130 3880
3030 3880 3150 3870
3070 3900 3150 3880
3070 3900 3150 3880
3070 3890 3150 3870
3080 3880 3140 3870
3090 3890 3140 3870
3090 3880 3140 3880
3080 3890 3150 3880
3090 3900 3150 3870
3080 3880 3160 3870
3100 3870 3160 3870
3100 3870 3150 3890
3080 3880 3150 3900
3080 3870 3160 3890
3080 3880 3160 3890
3060 3870 3160 3880
3070 3890 3150 3900
3060 3880 3160 3900
3060 3880 3160 3880
3070 3880 3160 3880
3070 3890 3150 3870
3080 3880 3150 3880
3080 3880 3150 3880
3080 3890 3160 3870
3090 3890 3150 3870
3090 3880 3140 3880
