2740 3550 3570 4260
2720 3560 3570 4250
2750 3560 3570 4260
2740 3550 3580 4260
2740 3550 3570 4260
2740 3550 3570 4270
2740 3550 3570 4270
2720 3550 3570 4270
2720 3550 3560 4270
2740 3550 3560 4270
2740 3550 3550 4270
2740 3560 3570 4270
2740 3560 3570 4270
2750 3560 3570 4270
2750 3550 3570 4270
2740 3550 3580 4260
2720 3550 3580 4260
2720 3550 3580 4260
2720 3550 3580 4250
2720 3550 3570 4230
2720 3550 3560 4230
2720 3550 3560 4230
2720 3550 3560 4220
2720 3550 3570 4240
2710 3550 3580 4240
2710 3550 3580 4240
2720 3550 3570 4250
2720 3550 3570 4240
2720 3550 3580 4240
2720 3550 3580 4240
2740 3550 3580 4240
2750 3540 3570 4230
2750 3540 3570 4240
2760 3540 3580 4230
2770 3560 3570 4240
2780 3550 3570 4240
2780 3550 3570 4240
2780 3560 3560 4240
2780 3550 3570 4230
2760 3550 3560 4240
2750 3550 3570 4250
2740 3550 3580 4230
2720 3550 3580 4230
2720 3540 3580 4230
2750 3550 3590 4240
2760 3550 3590 4240
2750 3540 3590 4240
2750 3540 3590 4240
2750 3540 3590 4240
2760 3540 3580 4240
2770 3540 3580 4250
2770 3540 3580 4240
2770 3540 3580 4240
2760 3540 3580 4240
2760 3550 3570 4230
2760 3550 3570 4240
2760 3550 3570 4250
2750 3550 3570 4250
2740 3560 3570 4250
2720 3550 3570 4240
2740 3550 3570 4240
2750 3550 3560 4250
2770 3540 3570 4240
2770 3540 3570 4250
2760 3540 3570 4250
2770 3540 3570 4240
2770 3550 3580 4240
2750 3550 3570 4240
2750 3550 3570 4250
2750 3550 3570 4240
2750 3550 3560 4240
2760 3550 3570 4250
2750 3550 3580 4240
2740 3550 3570 4250
2750 3550 3590 4250
2760 3550 3580 4250
2750 3550 3580 4240
2740 3550 3580 4240
2740 3550 3570 4240
2750 3550 3570 4240
2760 3550 3570 4250
2770 3550 3560 4240
2760 3550 3560 4240
2760 3550 3570 4230
2750 3550 3580 4230
2740 3550 3570 4240
2760 3550 3570 4240
2760 3540 3570 4240
2770 3550 3570 4230
2770 3550 3570 4230
2770 3550 3570 4230
2770 3550 3570 4230
2750 3550 3570 4240
2750 3550 3570 4240
2760 3550 3580 4250
2740 3550 3580 4250
2750 3550 3580 4250
2750 3550 3580 4250
2750 3560 3580 4250
2760 3560 3580 4250
2760 3550 3570 4250
2750 3550 3580 4250
2750 3550 3570 4250
2750 3550 3580 4250
2750 3550 3580 4250
2750 3550 3580 4250
2750 3550 3580 4250
2740 3550 3580 4260
2750 3560 3590 4260
2750 3560 3580 4250
2740 3560 3590 4250
2750 3560 3580 4260
2750 3560 3580 4260
2740 3550 3570 4260
2750 3550 3580 4260
2760 3550 3580 4260
2750 3550 3590 4260
2750 3550 3590 4260
2750 3550 3580 4250
2750 3540 3570 4240
2750 3540 3590 4250
2740 3550 3590 4250
2720 3550 3580 4250
2720 3550 3590 4250
2720 3560 3580 4250
2750 3560 3580 4250
2740 3560 3580 4260
2750 3560 3590 4270
2750 3560 3580 4270
2760 3560 3580 4270
2750 3560 3570 4270
2750 3560 3580 4270
2760 3550 3580 4270
2760 3550 3570 4270
2740 3550 3560 4260
2740 3560 3560 4260
2740 3550 3560 4260
2750 3550 3570 4260
2750 3550 3570 4270
2750 3540 3570 4270
2760 3550 3570 4290
2760 3550 3580 4270
2770 3550 3580 4260
2760 3550 3580 4260
2750 3550 3580 4260
2750 3550 3580 4270
2760 3550 3580 4270
2760 3550 3590 4270
2770 3550 3580 4270
2770 3560 3580 4290
2780 3560 3580 4290
2760 3560 3570 4270
2750 3560 3570 4290
2750 3560 3570 4290
2740 3560 3570 4270
2760 3560 3570 4270
2750 3550 3570 4270
2750 3550 3580 4270
2760 3550 3580 4270
2760 3560 3570 4270
2750 3560 3570 4270
2740 3550 3580 4290
2760 3570 3570 4270
2750 3570 3570 4270
