2420 3300 4030 4600
2400 3290 4030 4600
2400 3300 4020 4600
2420 3300 4020 4600
2420 3300 4020 4580
2420 3310 4010 4580
2420 3300 4010 4600
2400 3300 4010 4610
2420 3300 4010 4600
2420 3300 4010 4600
2420 3300 4010 4600
2430 3300 4020 4610
2430 3300 4020 4610
2420 3310 4020 4600
2420 3310 4020 4600
2420 3310 4030 4600
2430 3320 4020 4600
2440 3320 4020 4600
2440 3310 4010 4600
2450 3300 4010 4600
2450 3300 4020 4600
2430 3290 4020 4600
2420 3290 4020 4600
2430 3300 4010 4610
2440 3290 4000 4610
2440 3300 4010 4600
2430 3300 4030 4610
2430 3300 4020 4610
2390 3300 4000 4600
2390 3300 4020 4600
2390 3300 4030 4610
2400 3300 4040 4600
2390 3300 4030 4600
2400 3300 4010 4600
2400 3300 4000 4600
2420 3320 4020 4610
2430 3320 4020 4610
2420 3310 4030 4610
2420 3300 4030 4610
2420 3310 4020 4610
2420 3300 4030 4600
2400 3310 4020 4600
2440 3310 4000 4580
2440 3300 4010 4580
2430 3310 4010 4580
2420 3310 4010 4600
2430 3300 4010 4600
2400 3300 4000 4600
2400 3300 4010 4610
2400 3300 4010 4610
2400 3300 4020 4610
2400 3310 4020 4610
2400 3310 4010 4600
2400 3310 4010 4600
2420 3310 4020 4610
2420 3310 4020 4600
2420 3310 4030 4580
2420 3310 4040 4580
2420 3310 4030 4600
2420 3310 4030 4600
2420 3310 4030 4610
2420 3310 4020 4610
2420 3310 4020 4610
2420 3310 4040 4600
2420 3310 4040 4600
2420 3300 4000 4610
2430 3300 4020 4610
2420 3300 4020 4610
2430 3300 3990 4610
2420 3300 4030 4600
2430 3300 4030 4600
2400 3300 4030 4600
2400 3300 4020 4600
2420 3300 4010 4600
2420 3300 4010 4600
2420 3300 4010 4580
2400 3300 4020 4600
2400 3300 4030 4600
2420 3300 4030 4580
2420 3300 4010 4600
2440 3300 4010 4610
2430 3300 4010 4610
2400 3300 4020 4610
2420 3300 4020 4610
2420 3300 4030 4610
2420 3300 4020 4600
2430 3300 4020 4600
2420 3300 4010 4600
2420 3300 4010 4600
2430 3310 4020 4600
2420 3310 4030 4600
2420 3310 4010 4600
2420 3310 4010 4600
2420 3300 4010 4600
2420 3300 4020 4600
2430 3300 4020 4600
2440 3300 4010 4580
2440 3300 4020 4600
2440 3300 4020 4600
2430 3300 4020 4600
2390 3300 4020 4580
2390 3300 4040 4580
2400 3300 4030 4600
2430 3300 4020 4600
2440 3300 4020 4600
2440 3300 4020 4600
2440 3300 4020 4600
2440 3300 4020 4600
2440 3310 4020 4600
2440 3310 4040 4580
2430 3310 4030 4600
2430 3310 4030 4600
2430 3310 4040 4600
2420 3310 4030 4600
2430 3310 4030 4610
2420 3320 4020 4610
2430 3320 4020 4610
2440 3310 4010 4600
2450 3310 4010 4600
2450 3310 4010 4600
