2140 3120 4490 5030
2150 3140 4480 5030
2160 3140 4490 5020
2160 3140 4480 5030
2170 3140 4480 5030
2170 3130 4480 5020
2190 3120 4480 5020
2200 3120 4480 5030
2180 3130 4480 5040
2170 3130 4490 5030
2150 3130 4490 5030
2130 3120 4480 5040
2170 3130 4470 5030
2170 3140 4470 5030
2170 3140 4470 5030
2170 3120 4490 5030
2160 3120 4490 5030
2180 3120 4480 5040
2170 3110 4470 5040
2170 3120 4480 5030
2170 3110 4480 5020
2190 3110 4480 5030
2180 3110 4480 5020
2160 3110 4490 5030
2180 3110 4490 5030
2180 3110 4490 5030
2180 3110 4500 5020
2170 3120 4500 5020
2160 3120 4480 5030
2160 3110 4490 5040
2150 3110 4480 5030
2160 3130 4480 5030
2170 3120 4480 5040
2170 3120 4490 5030
2160 3130 4500 5030
2190 3110 4490 5040
2200 3120 4480 5040
2200 3110 4490 5040
2200 3110 4490 5040
2180 3100 4490 5040
2180 3100 4490 5040
2180 3120 4500 5030
2170 3110 4500 5030
2170 3110 4500 5030
2170 3110 4490 5030
2160 3110 4490 5020
2160 3100 4490 5030
2180 3120 4490 5020
2180 3110 4490 5020
2160 3110 4480 5030
2170 3110 4490 5020
2180 3130 4490 5030
2160 3130 4500 5020
2150 3120 4480 5040
2150 3110 4480 5040
2170 3120 4480 5030
2150 3120 4480 5030
2160 3130 4480 5020
2180 3130 4480 5020
2170 3110 4490 5020
2160 3120 4490 5030
2150 3110 4490 5030
2160 3110 4490 5040
2130 3140 4480 5030
2170 3120 4490 5020
2160 3110 4490 5020
2150 3110 4480 5030
2150 3110 4480 5030
2170 3100 4480 5020
2170 3100 4480 5020
2160 3100 4490 5030
2170 3100 4490 5030
2160 3120 4490 5030
2160 3120 4490 5030
2160 3120 4490 5030
2150 3120 4490 5020
2150 3110 4480 5030
2130 3110 4480 5030
2130 3110 4480 5030
2130 3110 4480 5040
2140 3120 4470 5040
2160 3110 4490 5040
2160 3100 4480 5040
2150 3090 4480 5040
2140 3100 4480 5030
2160 3100 4490 5030
2160 3090 4490 5030
2180 3110 4490 5020
2180 3100 4500 5030
2180 3090 4490 5030
2170 3100 4480 5030
2160 3110 4490 5020
2160 3110 4480 5030
2160 3100 4470 5030
2160 3100 4480 5030
2160 3100 4480 5020
2170 3100 4480 5030
2160 3100 4480 5030
2150 3110 4480 5030
2140 3110 4480 5030
2130 3110 4480 5020
2140 3120 4480 5020
2150 3120 4480 5030
2150 3110 4480 5030
2160 3120 4480 5030
2160 3110 4480 5030
2160 3120 4490 5020
2150 3140 4490 5030
2150 3130 4490 5030
2150 3110 4490 5040
2160 3110 4490 5040
2170 3130 4490 5040
2170 3140 4490 5040
2180 3140 4480 5040
2170 3130 4480 5050
2170 3120 4480 5050
2180 3140 4480 5050
2180 3140 4480 5040
2170 3110 4480 5040
2150 3120 4480 5040
2140 3130 4470 5040
2150 3120 4480 5040
2140 3110 4480 5040
2140 3110 4480 5040
2140 3110 4480 5030
2160 3110 4480 5030
2160 3120 4480 5020
2160 3120 4480 5020
2160 3110 4480 5030
2160 3130 4480 5030
2170 3130 4480 5020
2140 3120 4470 5030
2140 3130 4470 5020
2150 3110 4470 5020
2160 3110 4470 5030
