2040 3010 4960 5400
2040 3010 4970 5400
2030 3010 4970 5400
2020 3010 4970 5410
2030 3010 4960 5410
2010 3000 4950 5410
2020 3000 4950 5390
2030 3000 4960 5390
2050 3000 4950 5400
2040 3010 4940 5400
2010 3010 4940 5390
2020 3010 4940 5390
2030 3010 4950 5400
2020 3020 4950 5400
2020 3020 4950 5400
2020 3020 4960 5400
2020 3010 4960 5400
2020 3010 4960 5400
2020 3010 4960 5400
2020 3010 4960 5410
2020 3010 4960 5410
2030 3010 4960 5410
2030 3010 4960 5410
2030 3010 4960 5410
2040 3010 4960 5400
2040 3010 4960 5400
2040 3010 4960 5400
2050 3020 4960 5400
2050 3020 4970 5400
2050 3020 4960 5400
2040 3020 4950 5400
2040 3020 4950 5390
2030 3020 4950 5390
2030 3020 4940 5390
2030 3010 4950 5390
2020 3010 4950 5390
2040 3010 4950 5400
2040 3010 4950 5400
2040 3010 4950 5400
2030 3020 4950 5410
2040 3020 4960 5400
2040 3030 4960 5390
2040 3030 4960 5380
2020 3030 4960 5380
2020 3030 4960 5380
2010 3020 4950 5380
2020 3020 4950 5380
2030 3020 4940 5380
2030 3020 4940 5370
2030 3020 4940 5380
2020 3020 4940 5390
2020 3020 4940 5390
2030 3020 4940 5400
2030 3020 4950 5400
2020 3020 4950 5400
2010 3020 4960 5400
2020 3020 4960 5410
2030 3010 4960 5410
2030 3010 4960 5410
2040 3010 4960 5410
2040 3010 4960 5400
2040 3010 4950 5390
2040 3000 4960 5410
2040 3000 4950 5390
2030 3000 4940 5380
2030 3000 4950 5380
2020 3000 4950 5390
2030 3000 4950 5400
2030 3010 4950 5400
2020 3010 4950 5400
2030 3010 4950 5400
2030 3010 4950 5400
2010 3010 4950 5400
2040 3010 4950 5400
2010 3020 4950 5400
2060 3020 4950 5400
2020 3020 4950 5410
2010 3020 4940 5410
2020 3020 4940 5410
2050 3020 4940 5410
2010 3020 4950 5400
2040 3020 4950 5400
2060 3020 4950 5400
2050 3020 4950 5410
2050 3020 4960 5410
2030 3020 4960 5420
2060 3010 4960 5420
2050 3010 4960 5420
2040 3010 4960 5420
2030 3010 4960 5420
2020 3030 4960 5420
2040 3020 4950 5410
2040 3010 4940 5400
2050 3010 4950 5390
2020 3020 4940 5410
2030 3020 4950 5400
2030 3020 4950 5410
2020 3020 4950 5400
2030 3030 4950 5410
2030 3030 4950 5400
2020 3030 4950 5400
2020 3030 4950 5400
2030 3030 4950 5400
2030 3020 4950 5400
2030 3020 4950 5400
2040 3020 4950 5400
2030 3020 4950 5410
2020 3010 4950 5420
2040 3010 4950 5410
2050 3010 4950 5410
2050 3010 4950 5400
2050 3010 4950 5400
2050 3010 4940 5400
2050 3010 4940 5400
2040 3010 4950 5390
2040 3010 4950 5380
2040 3000 4960 5380
2040 3000 4960 5380
2040 3000 4960 5380
2040 3010 4960 5390
2040 3010 4950 5390
2040 3010 4950 5390
2040 3010 4950 5390
2050 3010 4950 5390
2050 3010 4960 5400
2040 3010 4970 5390
2040 3000 4970 5380
2050 3000 4970 5390
2040 3000 4970 5400
2030 3000 4970 5390
2020 3000 4960 5380
2040 3010 4960 5380
2030 3010 4960 5380
2020 3010 4960 5380
2010 3010 4950 5390
2010 3000 4950 5390
2020 3000 4950 5390
2020 3000 4960 5390
2020 3000 4960 5400
2010 3000 4950 5400
2010 3010 4950 5400
2030 3010 4950 5400
2030 3010 4960 5410
2040 3010 4960 5410
2040 3010 4960 5400
2040 3010 4960 5410
2030 3010 4960 5400
2040 3010 4960 5390
2060 3010 4960 5380
2050 3010 4950 5380
2060 3010 4960 5380
2060 3020 4960 5380
2050 3020 4960 5380
2040 3020 4960 5390
2030 3020 4950 5390
2020 3010 4950 5390
2020 3010 4950 5400
2020 3010 4960 5400
2020 3010 4960 5400
2030 3010 4960 5400
2020 3010 4960 5400
2030 3010 4960 5400
2040 3010 4960 5410
2050 3010 4960 5410
2020 3010 4960 5410
2020 3010 4960 5410
2010 3020 4960 5400
2010 3020 4960 5410
2060 3020 4960 5410
2010 3010 4960 5410
2020 3010 4970 5410
2010 3010 4970 5410
2010 3010 4970 5400
2020 3000 4970 5400
2010 3000 4960 5390
2010 3000 4960 5400
2020 3000 4950 5410
2020 3010 4950 5400
2030 3010 4950 5410
2030 3010 4950 5410
2010 3010 4950 5400
2010 3010 4950 5400
2010 3020 4950 5400
2020 3020 4950 5400
2020 3020 4950 5400
2010 3020 4960 5400
2010 3020 4960 5400
2030 3020 4960 5410
2020 3020 4960 5410
2010 3010 4960 5410
2020 3010 4960 5400
2030 3010 4950 5410
2040 3010 4950 5410
2030 3010 4960 5410
2030 3010 4960 5400
2020 3010 4950 5400
2020 3010 4950 5400
2020 3010 4950 5410
2010 3010 4950 5400
2010 3010 4950 5400
2010 3010 4950 5400
2010 3010 4950 5390
2010 3010 4950 5390
2020 3010 4950 5390
2020 3010 4940 5390
2030 3010 4940 5400
2030 3010 4950 5400
2010 3010 4950 5400
2020 3010 4950 5400
2020 3010 4950 5400
2030 3010 4950 5400
2030 3010 4960 5410
2060 3010 4960 5400
2010 3010 4960 5400
2020 3010 4960 5400
2010 3010 4960 5410
2050 3010 4960 5410
2020 3020 4950 5410
2020 3020 4950 5400
2010 3010 4950 5390
2010 3010 4950 5390
2020 3010 4960 5390
2020 3010 4960 5390
2030 3010 4950 5400
