2550 2510 5190 5100
2550 2510 5190 5100
2550 2510 5180 5110
2550 2510 5190 5110
2550 2510 5190 5120
2550 2510 5190 5120
2540 2510 5180 5110
2540 2510 5180 5110
2540 2500 5190 5110
2540 2500 5190 5110
2550 2510 5180 5110
2550 2510 5190 5110
2560 2500 5190 5110
2560 2510 5190 5120
2560 2520 5190 5110
2560 2520 5190 5110
2560 2510 5190 5120
2560 2510 5190 5120
2560 2510 5180 5110
2550 2500 5180 5120
2560 2510 5180 5110
2560 2520 5170 5110
2560 2520 5180 5120
2560 2520 5180 5120
2560 2520 5180 5110
2550 2510 5170 5100
2550 2510 5170 5110
2560 2520 5180 5120
2560 2500 5190 5110
2560 2490 5190 5110
2560 2500 5180 5110
2560 2510 5190 5110
2560 2510 5190 5110
2550 2510 5190 5110
2550 2510 5190 5110
2550 2510 5190 5110
2560 2510 5190 5090
2560 2520 5190 5100
2560 2520 5190 5110
2560 2520 5190 5110
2560 2520 5190 5100
2550 2520 5190 5110
2550 2510 5190 5100
2550 2510 5180 5100
2560 2510 5180 5100
2560 2510 5180 5100
2560 2510 5190 5090
2550 2520 5190 5090
2540 2520 5190 5100
2540 2520 5190 5100
2550 2520 5190 5120
2560 2520 5190 5110
2560 2530 5180 5110
2550 2530 5190 5120
2550 2520 5190 5130
2540 2510 5190 5130
2540 2510 5190 5130
2550 2510 5190 5120
2550 2520 5190 5120
2530 2520 5190 5120
2530 2520 5190 5130
2530 2520 5190 5120
2530 2520 5190 5120
2540 2510 5180 5110
2560 2510 5190 5120
2560 2510 5190 5120
2560 2510 5190 5110
2560 2510 5190 5110
2550 2510 5190 5100
2550 2510 5190 5100
2550 2500 5190 5100
2560 2510 5190 5100
2560 2510 5190 5100
2560 2510 5180 5100
2550 2510 5180 5110
2550 2510 5180 5120
2550 2510 5180 5120
2560 2510 5170 5120
2560 2510 5170 5120
2560 2510 5170 5110
2560 2520 5170 5110
2560 2520 5170 5110
2550 2520 5170 5100
2550 2520 5180 5100
2550 2510 5180 5110
2550 2510 5180 5110
2550 2510 5180 5120
2550 2510 5180 5120
2560 2510 5180 5120
2550 2510 5180 5120
2550 2510 5180 5110
2540 2510 5190 5110
2540 2520 5180 5120
2550 2520 5180 5120
2550 2520 5180 5120
2550 2520 5180 5120
2550 2510 5180 5110
2550 2510 5180 5100
2540 2500 5180 5100
2560 2500 5190 5110
2560 2500 5190 5090
2560 2500 5200 5100
2550 2510 5190 5120
2550 2510 5190 5120
2550 2510 5190 5120
2560 2520 5200 5130
2570 2510 5200 5130
2560 2510 5190 5120
2560 2510 5180 5130
2550 2510 5190 5110
2550 2510 5190 5120
2550 2510 5190 5120
2550 2510 5190 5120
2550 2510 5190 5110
2550 2500 5190 5100
2550 2500 5190 5100
2550 2510 5180 5110
2560 2500 5180 5100
2560 2500 5180 5110
2550 2500 5180 5120
2560 2500 5170 5120
2560 2500 5170 5120
2560 2510 5180 5110
2550 2510 5180 5110
2550 2510 5180 5110
2540 2510 5180 5110
2550 2510 5200 5110
2540 2520 5190 5110
2550 2520 5190 5110
2540 2510 5200 5110
2550 2500 5200 5110
2540 2500 5200 5120
2560 2510 5200 5120
2550 2510 5200 5120
2550 2510 5210 5110
2560 2520 5200 5110
2560 2510 5200 5100
2560 2520 5180 5110
2550 2510 5180 5110
