1090 4690 4120 5950
1090 4690 4120 5940
1090 4680 4120 5930
1090 4680 4110 5940
1100 4670 4110 5940
1100 4670 4110 5940
1100 4670 4120 5940
1110 4670 4110 5930
1110 4670 4110 5930
1110 4670 4110 5940
1100 4670 4110 5940
1100 4680 4110 5940
1100 4680 4110 5930
1100 4680 4100 5930
1100 4680 4110 5920
1110 4680 4110 5920
1120 4670 4100 5930
1130 4670 4100 5940
1130 4680 4100 5940
1110 4680 4110 5950
1110 4670 4110 5940
1100 4670 4110 5940
1110 4660 4100 5930
1120 4660 4110 5930
1110 4660 4110 5930
1100 4670 4110 5940
1100 4670 4110 5930
1090 4670 4100 5940
1080 4660 4100 5950
1080 4660 4110 5940
1080 4660 4110 5940
1080 4660 4110 5950
1080 4660 4110 5950
1070 4670 4110 5940
1070 4680 4100 5940
1080 4690 4100 5950
1100 4690 4110 5960
1090 4690 4110 5950
1090 4690 4110 5950
1090 4690 4120 5950
1100 4680 4120 5950
1090 4680 4110 5950
1090 4680 4110 5960
1090 4680 4110 5960
1090 4680 4100 5960
1080 4670 4100 5960
1080 4660 4110 5940
1080 4660 4110 5940
1080 4680 4110 5930
1080 4680 4110 5930
1070 4680 4110 5940
1060 4680 4110 5940
1080 4680 4110 5950
1070 4680 4110 5950
1080 4680 4110 5960
1090 4680 4120 5950
1100 4680 4110 5950
1110 4680 4110 5960
1110 4680 4110 5950
1120 4680 4100 5940
1120 4680 4100 5950
1110 4680 4110 5940
1110 4680 4120 5940
1100 4660 4120 5950
1110 4660 4110 5940
1120 4660 4110 5940
1110 4660 4110 5930
1100 4660 4110 5950
1090 4670 4120 5950
1100 4670 4130 5940
1110 4680 4130 5940
1100 4680 4120 5940
1100 4680 4120 5940
1090 4680 4120 5940
1090 4680 4110 5940
1100 4680 4110 5950
1090 4690 4110 5940
1100 4680 4110 5940
1100 4670 4110 5930
1100 4660 4110 5930
1100 4660 4110 5940
1100 4670 4110 5940
1090 4660 4110 5940
1100 4660 4110 5940
1100 4660 4100 5940
1110 4670 4100 5930
1100 4670 4100 5940
1100 4670 4100 5940
1100 4660 4100 5940
1100 4670 4100 5930
1100 4670 4110 5920
1110 4670 4110 5930
1120 4660 4110 5930
1120 4660 4110 5940
1110 4660 4110 5950
1100 4660 4110 5950
1090 4660 4100 5940
1110 4670 4100 5940
1110 4670 4100 5940
1110 4670 4090 5950
1100 4660 4090 5950
1090 4660 4100 5950
1100 4660 4100 5950
1100 4660 4100 5950
1090 4660 4100 5950
1090 4660 4100 5950
1080 4670 4110 5940
1080 4680 4110 5940
1090 4680 4110 5950
1090 4680 4100 5950
1090 4680 4100 5940
1090 4680 4110 5940
1090 4680 4110 5940
1100 4670 4110 5940
1110 4660 4110 5940
1110 4660 4110 5940
1110 4670 4120 5940
1100 4680 4120 5950
1090 4670 4120 5950
1090 4680 4120 5950
1100 4680 4120 5950
1100 4680 4120 5960
1100 4680 4120 5950
1100 4680 4120 5940
1120 4690 4110 5960
1120 4680 4110 5940
1120 4680 4100 5930
1100 4670 4100 5930
1100 4680 4110 5930
1100 4680 4110 5930
1100 4680 4110 5930
1100 4680 4110 5940
1110 4670 4120 5940
1110 4680 4120 5950
1110 4680 4120 5950
1110 4680 4110 5950
1110 4680 4110 5950
1100 4680 4110 5950
1100 4680 4110 5950
1100 4680 4110 5950
1090 4680 4120 5950
1110 4690 4110 5950
1100 4690 4100 5960
1100 4690 4100 5970
1090 4690 4100 5970
1090 4680 4110 5960
1090 4680 4110 5960
1080 4690 4110 5950
1110 4680 4110 5950
1120 4680 4110 5950
1100 4690 4120 5960
1100 4680 4110 5960
1110 4690 4100 5950
1120 4680 4100 5960
