1800 3670 4360 5250
1780 3640 4350 5250
1780 3630 4360 5240
1780 3650 4360 5240
1780 3640 4360 5240
1800 3670 4370 5240
1800 3670 4370 5240
1800 3640 4370 5240
1810 3640 4380 5240
1800 3630 4390 5240
1780 3640 4380 5240
1800 3650 4370 5240
1810 3650 4360 5260
1810 3640 4350 5250
1800 3640 4360 5260
1800 3640 4370 5250
1800 3640 4360 5260
1800 3650 4350 5250
1780 3650 4360 5250
1770 3650 4350 5260
1770 3650 4360 5240
1770 3650 4360 5240
1780 3650 4360 5240
1780 3640 4360 5240
1770 3630 4350 5230
1770 3640 4350 5240
1800 3640 4360 5240
1800 3640 4350 5240
1800 3630 4370 5260
1800 3640 4370 5260
1810 3640 4370 5250
1810 3630 4370 5250
1800 3650 4360 5250
1800 3650 4350 5250
1810 3630 4350 5240
1810 3650 4350 5240
1810 3680 4350 5240
1800 3680 4350 5240
1810 3690 4350 5240
1810 3690 4350 5250
1810 3680 4350 5240
1810 3670 4360 5240
1810 3680 4350 5240
1800 3670 4350 5240
1800 3670 4360 5240
1800 3670 4360 5250
1800 3670 4350 5240
1800 3670 4350 5240
1800 3670 4350 5230
1800 3650 4350 5230
1800 3650 4350 5230
1800 3650 4350 5230
1800 3650 4350 5230
1780 3670 4350 5230
1780 3670 4350 5250
1780 3670 4360 5250
1800 3670 4350 5250
1800 3670 4350 5250
1800 3650 4340 5250
1780 3650 4340 5250
1800 3650 4340 5250
1800 3670 4340 5250
1800 3650 4340 5250
1800 3680 4340 5250
1800 3680 4340 5260
1800 3650 4340 5260
1780 3650 4340 5260
1800 3640 4350 5240
1800 3640 4350 5240
1800 3640 4340 5230
1800 3640 4350 5240
1800 3630 4350 5240
1780 3630 4350 5240
1800 3630 4350 5240
1800 3630 4350 5230
1800 3640 4340 5230
1800 3640 4350 5230
1800 3640 4350 5240
1810 3640 4350 5230
1810 3640 4350 5230
1810 3640 4350 5230
1810 3640 4350 5230
1810 3640 4350 5230
1800 3650 4340 5230
1800 3650 4340 5230
1800 3650 4350 5230
1800 3640 4350 5230
1810 3640 4360 5230
1810 3650 4350 5230
1800 3640 4360 5230
1800 3640 4350 5230
1810 3630 4350 5230
1810 3630 4350 5240
1800 3650 4350 5240
1780 3650 4350 5250
1780 3650 4350 5250
1780 3670 4350 5240
1800 3650 4350 5230
1800 3640 4340 5240
1800 3640 4340 5240
1800 3630 4350 5240
1800 3640 4350 5230
1770 3640 4360 5230
1770 3650 4350 5240
1780 3630 4360 5230
1800 3630 4360 5230
1780 3630 4360 5230
1770 3650 4360 5240
1780 3670 4350 5240
1770 3670 4350 5240
1780 3670 4340 5240
1780 3670 4340 5250
1800 3670 4340 5240
1800 3650 4340 5240
1800 3640 4340 5240
1800 3650 4350 5240
1800 3650 4350 5240
1800 3650 4350 5240
1820 3650 4350 5240
1810 3650 4350 5230
1810 3650 4350 5230
1800 3670 4350 5230
1800 3650 4350 5230
1800 3640 4350 5230
1780 3640 4340 5230
1780 3630 4340 5230
1780 3630 4340 5240
1780 3630 4340 5240
1780 3630 4340 5240
1780 3630 4350 5230
1780 3630 4350 5230
1800 3630 4360 5230
1800 3630 4360 5240
1800 3630 4370 5240
1780 3630 4370 5240
1780 3630 4370 5240
1800 3630 4360 5230
1810 3640 4360 5250
1800 3640 4360 5240
1780 3640 4350 5230
1780 3630 4350 5230
1800 3630 4350 5230
1780 3630 4350 5240
1800 3630 4350 5240
1800 3630 4350 5240
1800 3640 4360 5240
1800 3650 4350 5240
1780 3670 4350 5240
1800 3670 4350 5240
1800 3670 4360 5240
1800 3650 4350 5240
1780 3640 4360 5240
1780 3640 4360 5240
1780 3640 4350 5240
1780 3650 4350 5240
1800 3640 4350 5240
1800 3640 4350 5250
1800 3640 4350 5250
1810 3650 4350 5240
1800 3650 4350 5240
1800 3650 4350 5240
1800 3640 4350 5240
1800 3630 4350 5240
1800 3630 4360 5240
1800 3630 4350 5240
1780 3630 4350 5240
1780 3640 4350 5240
1780 3640 4340 5240
1780 3620 4350 5250
1780 3620 4350 5250
1800 3620 4350 5250
1800 3630 4350 5250
1800 3630 4360 5250
1800 3630 4360 5250
1800 3640 4350 5250
1800 3640 4350 5240
1800 3640 4350 5240
1800 3650 4350 5240
1810 3650 4340 5230
1800 3650 4350 5230
1800 3650 4350 5230
1800 3650 4350 5230
1800 3640 4350 5230
1780 3650 4340 5230
