2650 2650 4670 4720
2660 2650 4680 4730
2660 2660 4660 4740
2650 2660 4660 4750
2660 2650 4680 4750
2650 2650 4680 4740
2660 2650 4680 4730
2660 2650 4680 4730
2660 2630 4680 4740
2670 2650 4680 4740
2660 2650 4680 4740
2660 2650 4680 4740
2660 2650 4680 4750
2650 2660 4680 4740
2660 2660 4680 4750
2660 2670 4680 4750
2660 2660 4680 4740
2660 2660 4680 4740
2650 2660 4680 4740
2660 2670 4680 4740
2660 2680 4670 4740
2660 2680 4670 4750
2660 2680 4670 4740
2660 2680 4670 4740
2660 2670 4680 4740
2660 2650 4680 4750
2660 2660 4680 4750
2670 2660 4680 4750
2670 2670 4680 4750
2660 2670 4680 4750
2660 2660 4680 4750
2650 2650 4680 4750
2650 2650 4680 4750
2650 2650 4680 4740
2660 2650 4670 4740
2660 2660 4680 4740
2660 2650 4680 4740
2660 2660 4680 4740
2650 2660 4680 4750
2650 2650 4670 4740
2650 2660 4670 4740
2660 2650 4680 4740
2650 2660 4680 4740
2650 2660 4680 4740
2650 2650 4680 4740
2650 2640 4680 4740
2660 2650 4680 4740
2660 2650 4680 4730
2670 2650 4680 4740
2660 2650 4680 4740
2650 2650 4680 4740
2650 2660 4680 4750
2650 2670 4680 4750
2650 2660 4680 4750
2660 2640 4680 4750
2660 2650 4680 4750
2640 2660 4680 4760
2640 2650 4680 4750
2650 2660 4690 4750
2650 2650 4690 4750
2650 2650 4690 4750
2650 2650 4690 4750
2650 2650 4690 4750
2670 2650 4690 4750
2660 2660 4690 4750
2650 2670 4690 4750
2640 2670 4690 4750
2660 2680 4690 4750
2660 2680 4690 4750
2660 2670 4690 4750
2660 2670 4690 4750
2650 2650 4680 4740
2650 2640 4680 4740
2650 2640 4680 4730
2650 2640 4680 4730
2640 2640 4680 4730
2640 2630 4680 4720
2640 2640 4680 4730
2650 2650 4680 4740
2640 2660 4680 4740
2650 2670 4680 4750
2650 2670 4680 4750
2670 2670 4680 4750
2670 2660 4680 4750
2670 2660 4680 4750
2660 2650 4680 4750
2660 2650 4680 4750
2660 2650 4680 4750
2660 2640 4690 4740
2660 2640 4690 4750
2660 2660 4690 4740
2660 2670 4690 4740
2670 2660 4690 4740
2670 2660 4690 4740
2660 2650 4690 4740
2660 2650 4690 4740
2650 2660 4690 4750
2660 2660 4690 4750
2660 2660 4690 4750
2660 2660 4690 4740
2660 2660 4690 4740
2660 2650 4690 4740
2670 2650 4690 4740
2670 2650 4680 4740
2670 2660 4680 4740
2660 2660 4680 4740
2660 2660 4680 4740
2660 2650 4680 4740
2650 2670 4670 4740
2650 2650 4680 4750
2670 2650 4680 4750
2670 2650 4680 4740
2660 2660 4680 4740
2660 2670 4680 4740
2660 2670 4680 4740
2660 2670 4680 4740
2650 2670 4670 4740
2650 2670 4670 4750
2660 2680 4670 4750
2660 2680 4680 4740
2660 2680 4680 4750
2660 2680 4680 4750
2660 2660 4680 4750
2660 2660 4680 4740
2670 2660 4680 4740
2660 2660 4680 4740
2660 2660 4680 4740
2660 2660 4690 4750
2660 2660 4680 4740
2660 2670 4680 4740
2660 2680 4680 4740
2660 2680 4680 4740
2660 2690 4680 4750
2660 2690 4680 4750
2650 2670 4680 4750
2660 2670 4680 4750
2650 2660 4680 4750
2650 2660 4680 4750
2650 2660 4680 4740
2650 2650 4680 4740
2650 2640 4670 4740
2660 2650 4670 4740
2650 2660 4670 4740
2650 2670 4680 4740
2660 2680 4680 4740
2660 2680 4680 4730
2650 2670 4680 4740
2650 2660 4680 4740
2650 2670 4680 4740
2650 2660 4680 4740
2640 2650 4680 4740
2650 2650 4680 4740
2650 2670 4680 4740
2660 2660 4680 4740
2660 2660 4680 4750
2660 2660 4680 4750
2660 2670 4680 4740
2660 2670 4680 4740
2660 2670 4690 4750
2660 2670 4690 4750
2660 2650 4690 4740
2650 2650 4690 4740
2650 2660 4680 4730
2650 2650 4680 4730
2660 2650 4670 4740
2650 2660 4670 4740
2650 2660 4670 4730
2660 2670 4670 4730
2660 2670 4670 4730
2660 2670 4670 4730
2660 2660 4670 4730
