2870 2840 4260 4330
2880 2840 4260 4340
2880 2840 4260 4330
2880 2840 4260 4320
2880 2840 4250 4330
2880 2840 4250 4340
2890 2840 4250 4340
2890 2830 4250 4330
2890 2830 4250 4320
2870 2820 4250 4320
2870 2830 4260 4320
2870 2830 4260 4320
2860 2830 4260 4320
2870 2840 4260 4320
2880 2840 4250 4320
2880 2840 4240 4330
2880 2840 4250 4340
2880 2840 4250 4340
2880 2840 4250 4340
2880 2840 4240 4340
2890 2840 4240 4340
2890 2850 4260 4350
2890 2850 4260 4350
2890 2850 4250 4350
2880 2860 4250 4350
2890 2850 4250 4350
2880 2840 4250 4340
2880 2850 4250 4340
2880 2850 4260 4340
2880 2850 4260 4340
2870 2840 4260 4340
2870 2840 4260 4340
2870 2840 4260 4340
2880 2840 4260 4340
2890 2850 4240 4320
2880 2850 4250 4330
2880 2840 4250 4340
2870 2840 4240 4340
2870 2830 4250 4340
2880 2840 4240 4340
2880 2830 4240 4330
2890 2830 4250 4330
2880 2830 4250 4330
2860 2830 4260 4310
2870 2830 4260 4330
2880 2850 4250 4330
2890 2840 4240 4330
2890 2840 4240 4320
2900 2830 4230 4320
2880 2830 4230 4320
2870 2830 4240 4320
2870 2830 4250 4330
2880 2840 4240 4330
2870 2840 4250 4330
2870 2830 4230 4320
2870 2830 4240 4320
2870 2830 4240 4320
2870 2830 4250 4320
2870 2830 4250 4320
2880 2830 4240 4320
2870 2830 4240 4320
2870 2840 4240 4310
2880 2840 4240 4310
2880 2840 4240 4310
2880 2830 4240 4310
2880 2830 4240 4320
2870 2830 4250 4320
2880 2840 4250 4320
2860 2840 4250 4320
2860 2830 4230 4320
2870 2830 4230 4320
2880 2830 4230 4320
2870 2830 4230 4320
2880 2830 4240 4320
2860 2830 4230 4320
2860 2830 4240 4320
2870 2840 4250 4320
2870 2840 4250 4320
2870 2840 4240 4320
2870 2840 4240 4320
2880 2840 4260 4310
2880 2840 4250 4320
2890 2840 4240 4320
2890 2850 4240 4320
2890 2850 4240 4320
2890 2840 4240 4320
2890 2840 4240 4320
2880 2840 4240 4320
2880 2840 4240 4320
2870 2840 4250 4320
2870 2840 4250 4330
2870 2840 4240 4330
2870 2840 4250 4330
2870 2830 4240 4330
2870 2830 4240 4330
2870 2830 4230 4320
2880 2830 4230 4320
2890 2830 4240 4330
2890 2840 4240 4340
2890 2850 4240 4340
2890 2850 4230 4340
2890 2840 4230 4340
2890 2830 4230 4330
2890 2830 4240 4330
2880 2830 4240 4330
2890 2830 4250 4330
2890 2830 4250 4330
2890 2830 4250 4330
2890 2840 4240 4340
2890 2840 4240 4340
2890 2850 4240 4340
2890 2840 4250 4340
2890 2830 4240 4340
2890 2830 4240 4340
2880 2830 4240 4330
2880 2830 4230 4320
2870 2830 4240 4320
2880 2840 4240 4330
2880 2840 4240 4330
2880 2850 4250 4330
2890 2830 4240 4330
2890 2830 4240 4330
2880 2840 4230 4330
2880 2830 4240 4330
2890 2830 4230 4330
2900 2830 4240 4340
