3160 3130 3890 3860
3160 3130 3890 3860
3160 3130 3880 3860
3160 3140 3870 3860
3170 3140 3880 3860
3170 3140 3870 3860
3170 3140 3870 3850
3160 3130 3880 3860
3160 3130 3870 3860
3160 3140 3870 3860
3160 3130 3870 3860
3160 3140 3870 3860
3160 3150 3880 3860
3160 3130 3880 3870
3160 3130 3870 3860
3160 3130 3860 3860
3160 3130 3860 3860
3160 3130 3870 3860
3160 3130 3880 3860
3170 3120 3870 3860
3160 3120 3870 3860
3160 3130 3870 3860
3160 3130 3870 3870
3160 3140 3870 3870
3150 3120 3870 3860
3140 3130 3870 3850
3140 3140 3870 3860
3150 3140 3880 3850
3160 3140 3870 3850
3160 3150 3880 3860
3150 3150 3870 3870
3140 3150 3870 3860
3160 3140 3880 3870
3150 3140 3870 3860
3150 3150 3870 3860
3160 3150 3880 3870
3160 3120 3880 3870
3160 3130 3870 3860
3160 3130 3870 3870
3160 3150 3860 3870
3170 3140 3880 3870
3170 3140 3880 3870
3170 3140 3880 3870
3170 3140 3870 3860
3170 3140 3870 3870
3170 3140 3870 3870
3160 3150 3870 3870
3160 3150 3870 3850
3150 3130 3880 3850
3150 3130 3890 3850
3150 3130 3880 3850
3150 3140 3870 3850
3150 3140 3880 3850
3160 3130 3880 3850
3160 3120 3860 3860
3170 3130 3870 3850
3170 3120 3870 3850
3170 3120 3880 3850
3160 3130 3870 3850
3150 3130 3870 3850
3150 3140 3870 3860
3160 3140 3880 3860
3170 3140 3870 3860
3170 3130 3880 3860
3170 3140 3870 3860
3170 3130 3880 3860
3150 3130 3870 3860
3150 3120 3880 3860
3160 3120 3870 3860
3160 3130 3870 3850
3160 3130 3870 3850
3160 3130 3870 3860
3150 3140 3880 3870
3140 3150 3880 3870
3160 3150 3880 3860
3160 3140 3890 3860
3170 3150 3890 3860
3170 3130 3870 3860
3180 3140 3880 3850
3180 3140 3870 3850
3170 3140 3880 3850
3160 3140 3870 3860
3170 3130 3880 3860
3160 3130 3890 3860
3160 3140 3900 3860
3150 3150 3890 3860
3160 3140 3880 3860
3160 3150 3890 3860
3150 3140 3880 3860
3160 3150 3880 3860
3150 3150 3870 3860
3160 3150 3880 3860
3160 3150 3870 3860
3160 3150 3870 3870
3160 3150 3870 3860
3150 3140 3870 3860
3150 3150 3870 3850
3150 3150 3860 3840
3160 3150 3880 3840
3150 3150 3880 3840
3150 3150 3880 3840
3150 3140 3890 3850
3150 3140 3880 3850
3160 3140 3890 3850
3150 3140 3880 3850
3150 3140 3880 3850
3160 3140 3870 3850
3170 3140 3870 3850
3160 3150 3880 3850
3160 3140 3880 3860
3170 3160 3870 3860
3180 3160 3870 3860
3180 3160 3870 3860
3180 3150 3870 3860
3180 3140 3880 3860
3180 3130 3890 3860
3170 3140 3880 3850
3160 3140 3870 3850
3150 3130 3880 3860
3160 3130 3870 3850
3160 3140 3870 3850
3150 3140 3880 3850
3140 3140 3860 3840
3140 3140 3860 3850
3140 3140 3860 3860
3160 3140 3860 3850
3150 3130 3860 3850
3150 3130 3860 3840
3150 3130 3870 3850
3150 3140 3870 3860
3150 3140 3870 3860
3160 3130 3870 3860
3160 3130 3860 3860
3160 3140 3860 3860
3170 3140 3860 3860
3160 3130 3860 3860
3160 3140 3860 3860
3160 3140 3870 3860
3160 3140 3880 3850
3160 3140 3880 3850
3160 3140 3890 3850
3150 3150 3890 3860
3160 3140 3880 3860
3160 3140 3870 3870
3170 3140 3870 3870
3170 3140 3870 3870
3170 3130 3870 3870
3170 3120 3870 3860
