3560 3440 3510 3450
3560 3440 3510 3450
3550 3430 3510 3450
3550 3430 3510 3460
3540 3440 3500 3450
3540 3440 3500 3450
3550 3430 3490 3450
3540 3450 3510 3460
3540 3450 3500 3460
3540 3450 3490 3460
3540 3450 3510 3450
3540 3450 3500 3450
3540 3450 3510 3450
3530 3460 3510 3450
3540 3450 3500 3450
3540 3450 3500 3450
3540 3450 3530 3450
3540 3450 3530 3450
3540 3450 3520 3450
3550 3450 3510 3460
3550 3430 3510 3450
3550 3440 3500 3460
3570 3440 3490 3460
3560 3450 3510 3450
3550 3450 3510 3440
3540 3460 3510 3440
3560 3460 3500 3460
3560 3450 3500 3450
3560 3450 3500 3440
3550 3450 3500 3450
3540 3440 3500 3450
3530 3450 3500 3440
3540 3450 3510 3440
3530 3460 3500 3450
3530 3440 3490 3440
3550 3440 3490 3440
3550 3440 3510 3430
3540 3440 3510 3430
3540 3440 3520 3440
3540 3440 3510 3450
3540 3430 3510 3440
3550 3440 3510 3440
3550 3440 3500 3440
3550 3440 3500 3440
3550 3440 3500 3450
3550 3450 3500 3450
3540 3450 3500 3450
3540 3440 3500 3450
3550 3440 3510 3440
3550 3440 3510 3450
3540 3440 3520 3450
3540 3450 3510 3450
3540 3450 3510 3450
3530 3450 3520 3450
3540 3440 3510 3450
3540 3430 3510 3450
3540 3430 3510 3450
3550 3420 3510 3450
3540 3440 3510 3460
3540 3450 3520 3460
3550 3450 3500 3460
3560 3440 3500 3460
3560 3450 3510 3450
3540 3450 3510 3450
3540 3440 3500 3450
3550 3440 3510 3450
3550 3440 3510 3460
3550 3440 3510 3460
3550 3440 3500 3460
3550 3450 3500 3450
3550 3440 3500 3460
3550 3440 3490 3440
3540 3450 3520 3440
3550 3450 3510 3440
3560 3440 3510 3450
3560 3450 3500 3460
3550 3440 3500 3450
3550 3450 3500 3460
3550 3450 3510 3460
3550 3440 3510 3450
3550 3440 3510 3450
3550 3450 3510 3450
3550 3440 3510 3450
3550 3430 3510 3450
3550 3430 3510 3450
3550 3440 3510 3450
3550 3440 3510 3450
3550 3440 3510 3450
3550 3440 3510 3450
3550 3420 3520 3450
3550 3420 3510 3450
3550 3420 3510 3450
3550 3420 3500 3440
3550 3430 3500 3450
3540 3430 3510 3450
3540 3430 3510 3450
3550 3430 3510 3450
3550 3430 3510 3440
3550 3420 3510 3450
3550 3420 3510 3450
3550 3430 3500 3440
3550 3430 3500 3450
3550 3430 3500 3450
3550 3440 3510 3440
3540 3430 3510 3440
3540 3420 3510 3440
3540 3420 3520 3440
3530 3420 3520 3440
3560 3420 3510 3440
3540 3430 3510 3440
3540 3440 3510 3450
3540 3430 3510 3450
3550 3430 3510 3450
3550 3430 3500 3450
3550 3430 3510 3450
3550 3430 3510 3440
3540 3420 3500 3450
3540 3420 3500 3450
3540 3430 3510 3450
3540 3430 3510 3450
3530 3430 3510 3450
3530 3430 3500 3450
3530 3430 3500 3450
3530 3430 3500 3450
3530 3430 3500 3450
3530 3440 3500 3450
3530 3440 3510 3450
3530 3440 3520 3450
3530 3440 3510 3450
3530 3430 3500 3450
3520 3430 3500 3450
3540 3430 3500 3460
3540 3440 3490 3450
3540 3450 3510 3440
3540 3440 3500 3440
3550 3450 3500 3440
3550 3440 3500 3440
3550 3440 3490 3440
3530 3440 3500 3450
3540 3440 3510 3450
3550 3440 3500 3460
3550 3440 3500 3460
3530 3440 3490 3460
3530 3440 3490 3450
