3960 3820 3170 3080
3950 3820 3170 3080
3950 3820 3170 3080
3950 3820 3180 3080
3950 3820 3180 3080
3940 3820 3170 3090
3930 3820 3180 3080
3930 3820 3170 3080
3930 3820 3180 3080
3930 3820 3180 3090
3930 3830 3190 3090
3940 3820 3200 3090
3940 3820 3200 3090
3940 3820 3200 3080
3940 3820 3190 3080
3930 3810 3180 3090
3940 3810 3180 3090
3950 3810 3170 3090
3940 3800 3170 3100
3940 3800 3150 3090
3950 3800 3150 3090
3960 3800 3180 3090
3940 3810 3150 3090
3960 3820 3180 3080
3940 3810 3170 3080
3930 3810 3180 3090
3950 3800 3170 3100
3950 3800 3170 3090
3950 3810 3160 3090
3950 3820 3170 3090
3940 3820 3190 3090
3940 3810 3200 3090
3930 3810 3200 3090
3940 3800 3190 3080
3940 3810 3180 3080
3940 3810 3170 3070
3950 3810 3170 3070
3950 3810 3170 3070
3950 3820 3170 3070
3950 3820 3180 3080
3950 3820 3180 3080
3950 3820 3180 3080
3960 3820 3170 3080
3980 3830 3180 3080
3980 3830 3180 3080
3960 3820 3170 3080
3950 3830 3170 3080
3950 3810 3190 3080
3960 3800 3170 3090
3950 3800 3170 3090
3930 3830 3180 3090
3950 3810 3180 3080
3950 3810 3190 3080
3950 3810 3170 3080
3950 3810 3160 3080
3950 3820 3170 3090
3950 3810 3170 3090
3950 3820 3170 3090
3950 3810 3170 3090
3950 3820 3180 3090
3950 3820 3180 3090
3950 3810 3180 3090
3950 3810 3160 3100
3950 3810 3160 3100
3950 3810 3160 3110
3960 3820 3160 3100
3950 3820 3180 3110
3960 3820 3180 3100
3950 3820 3180 3100
3940 3820 3180 3100
3940 3810 3180 3100
3950 3810 3180 3100
3950 3810 3180 3100
3950 3820 3190 3090
3960 3800 3160 3090
3960 3800 3170 3090
3950 3810 3160 3100
3950 3810 3180 3100
3940 3800 3190 3090
3930 3810 3180 3110
3940 3820 3180 3110
3940 3830 3180 3110
3940 3830 3170 3110
3940 3830 3180 3100
3950 3830 3170 3100
3960 3820 3180 3100
3980 3810 3170 3100
3980 3810 3160 3090
3960 3810 3190 3090
3950 3820 3200 3100
3950 3820 3180 3110
3950 3810 3170 3100
3940 3820 3170 3100
3950 3820 3180 3100
3950 3820 3190 3100
3960 3820 3200 3100
3950 3820 3190 3100
3960 3820 3180 3100
3960 3810 3180 3110
3950 3810 3190 3090
3950 3820 3180 3090
3950 3820 3190 3090
3950 3810 3180 3100
3950 3810 3180 3090
3950 3810 3170 3090
3950 3830 3170 3090
3940 3830 3170 3090
3940 3820 3180 3090
3950 3820 3180 3090
3950 3820 3170 3090
3950 3820 3160 3080
3950 3820 3180 3070
3950 3820 3190 3090
