4300 4260 2860 2860
4300 4260 2850 2860
4300 4260 2840 2860
4310 4260 2830 2860
4310 4260 2830 2870
4320 4270 2840 2860
4320 4260 2830 2860
4310 4260 2840 2860
4310 4260 2840 2860
4310 4270 2830 2860
4300 4260 2830 2870
4310 4250 2840 2870
4310 4240 2850 2870
4300 4240 2850 2860
4300 4260 2840 2860
4310 4260 2850 2860
4310 4260 2840 2860
4300 4260 2850 2860
4310 4250 2860 2860
4290 4250 2860 2850
4300 4250 2850 2850
4310 4240 2860 2860
4300 4240 2840 2860
4300 4240 2830 2860
4300 4250 2850 2870
4310 4260 2850 2870
4310 4260 2850 2870
4310 4240 2850 2870
4310 4250 2860 2870
4300 4250 2860 2850
4310 4250 2870 2860
4310 4260 2850 2870
4310 4270 2850 2880
4310 4270 2850 2870
4300 4260 2860 2860
4310 4260 2850 2870
4310 4250 2850 2870
4310 4250 2850 2860
4310 4260 2860 2860
4310 4260 2860 2860
4300 4260 2850 2860
4310 4250 2850 2860
4300 4250 2850 2860
4300 4250 2860 2860
4300 4250 2860 2860
4310 4250 2850 2860
4310 4250 2840 2860
4300 4250 2840 2860
4290 4250 2840 2860
4270 4240 2840 2860
4290 4260 2840 2860
4300 4250 2840 2860
4300 4230 2840 2860
4300 4250 2840 2870
4290 4260 2850 2870
4300 4250 2860 2870
4310 4260 2860 2870
4310 4260 2860 2870
4310 4260 2850 2870
4300 4270 2850 2860
4300 4240 2860 2880
4310 4250 2850 2860
4310 4240 2860 2870
4300 4260 2850 2860
4310 4250 2850 2860
4300 4250 2850 2860
4300 4250 2850 2860
4300 4260 2850 2860
4310 4250 2850 2860
4300 4240 2840 2860
4300 4260 2840 2850
4310 4240 2830 2860
4300 4240 2840 2860
4290 4240 2850 2860
4300 4250 2850 2860
4300 4230 2850 2860
4310 4230 2840 2860
4300 4230 2830 2860
4300 4230 2830 2860
4310 4240 2830 2860
4310 4240 2840 2860
4310 4250 2840 2860
4310 4270 2840 2860
4310 4260 2840 2860
4310 4290 2850 2860
4310 4290 2860 2870
4310 4270 2860 2860
4320 4260 2860 2860
4310 4250 2860 2860
4320 4240 2860 2870
4310 4240 2870 2870
4320 4250 2870 2870
4320 4250 2870 2870
4320 4250 2870 2870
4320 4240 2860 2860
4320 4250 2860 2860
4320 4240 2850 2860
4320 4230 2850 2860
4320 4230 2840 2860
4320 4240 2840 2860
4320 4250 2840 2860
4320 4250 2850 2860
