4740 4750 2610 2680
4750 4750 2610 2680
4750 4760 2610 2670
4750 4760 2610 2680
4760 4760 2600 2670
4750 4740 2600 2680
4750 4750 2590 2680
4740 4760 2590 2680
4730 4760 2590 2670
4740 4760 2600 2670
4730 4750 2610 2670
4730 4760 2600 2660
4730 4760 2600 2660
4720 4760 2610 2680
4710 4750 2610 2670
4720 4750 2600 2680
4730 4750 2600 2680
4730 4740 2590 2670
4740 4740 2600 2670
4750 4740 2600 2670
4740 4730 2610 2670
4740 4740 2600 2670
4750 4740 2600 2670
4740 4740 2600 2670
4740 4740 2600 2680
4740 4750 2600 2680
4730 4770 2610 2670
4720 4750 2610 2670
4720 4750 2610 2680
4730 4750 2610 2680
4720 4760 2610 2680
4710 4760 2620 2680
4730 4760 2620 2680
4740 4770 2610 2670
4720 4760 2610 2670
4730 4760 2610 2670
4720 4760 2610 2660
4730 4760 2610 2660
4730 4760 2610 2660
4730 4760 2600 2660
4730 4760 2600 2650
4730 4760 2590 2650
4720 4760 2600 2650
4730 4760 2610 2650
4730 4760 2610 2660
4730 4760 2610 2670
4720 4750 2610 2670
4720 4750 2600 2670
4730 4750 2590 2660
4720 4750 2600 2670
4730 4740 2600 2670
4730 4750 2600 2670
4730 4740 2600 2680
4720 4750 2610 2690
4710 4750 2610 2680
4710 4750 2610 2680
4720 4750 2610 2680
4730 4750 2610 2680
4730 4750 2610 2680
4730 4760 2610 2680
4730 4750 2610 2680
4730 4750 2600 2680
4730 4750 2600 2680
4730 4750 2600 2680
4740 4750 2600 2680
4720 4750 2610 2680
4710 4750 2600 2690
4710 4750 2600 2690
4710 4740 2590 2680
4730 4740 2600 2680
4730 4740 2610 2680
4720 4750 2610 2680
4720 4750 2610 2680
4740 4750 2610 2680
4740 4760 2600 2680
4730 4760 2610 2680
4720 4750 2610 2680
4720 4750 2610 2670
4720 4750 2610 2670
4720 4750 2610 2670
4730 4750 2610 2670
4730 4760 2600 2670
4730 4760 2600 2670
4730 4760 2600 2660
4730 4750 2600 2660
4720 4750 2600 2660
4720 4750 2600 2660
4710 4760 2600 2670
4710 4760 2600 2670
4710 4760 2610 2670
4720 4750 2610 2670
4740 4760 2610 2670
4740 4760 2600 2670
4720 4760 2610 2680
4730 4750 2610 2680
4730 4750 2600 2670
4720 4750 2600 2670
4730 4750 2610 2670
4720 4750 2600 2660
4730 4750 2610 2670
4720 4750 2610 2670
4730 4750 2600 2680
4730 4750 2600 2680
4720 4750 2600 2680
4720 4750 2600 2670
4720 4750 2600 2670
4720 4750 2610 2670
4720 4750 2600 2670
4710 4750 2600 2670
4720 4750 2610 2670
4730 4750 2610 2670
4720 4750 2620 2660
4720 4750 2620 2670
4710 4750 2620 2670
4710 4750 2620 2670
4710 4750 2620 2670
4720 4750 2620 2670
4720 4750 2610 2680
4720 4760 2610 2670
4710 4760 2620 2670
4700 4750 2620 2670
4710 4750 2620 2670
4730 4760 2610 2670
4740 4760 2610 2670
4720 4750 2620 2670
4730 4750 2620 2690
4730 4750 2610 2680
4720 4750 2610 2680
4710 4750 2610 2680
4710 4750 2600 2680
4730 4760 2600 2680
4730 4760 2600 2670
4720 4760 2600 2670
4720 4760 2610 2670
4710 4760 2620 2670
4710 4760 2620 2660
4730 4760 2610 2670
4730 4760 2600 2660
4730 4750 2600 2660
4710 4760 2600 2660
4710 4760 2610 2660
4710 4750 2610 2660
4730 4750 2610 2670
4740 4750 2600 2670
4740 4750 2600 2670
4730 4750 2600 2670
4730 4750 2610 2680
4730 4750 2610 2680
4730 4750 2610 2680
4730 4740 2610 2670
4720 4750 2610 2670
4720 4750 2610 2680
4740 4750 2610 2680
4730 4750 2610 2680
4720 4750 2620 2670
4720 4760 2620 2670
4730 4760 2620 2670
4720 4750 2620 2680
4740 4750 2620 2680
4730 4750 2610 2680
4720 4760 2610 2680
4710 4760 2600 2670
4710 4760 2600 2680
4710 4760 2600 2680
4700 4760 2610 2670
4700 4760 2610 2670
4720 4750 2620 2670
4710 4750 2610 2670
4720 4750 2610 2670
4710 4750 2610 2670
4710 4760 2620 2660
4700 4760 2620 2670
4700 4760 2620 2670
4700 4760 2620 2670
4720 4760 2620 2680
4710 4760 2620 2670
4710 4760 2620 2670
4710 4760 2620 2670
4720 4760 2610 2680
4710 4760 2610 2680
4700 4760 2610 2670
4710 4760 2620 2670
4700 4760 2620 2670
4710 4760 2620 2670
4720 4760 2610 2660
4710 4750 2600 2660
4710 4750 2600 2660
4710 4750 2600 2660
4730 4750 2610 2670
4720 4750 2610 2660
4730 4740 2610 2660
4740 4740 2610 2660
4730 4740 2610 2670
4720 4750 2610 2670
4710 4750 2610 2670
4710 4750 2610 2670
4710 4750 2610 2670
4710 4750 2620 2670
4730 4750 2600 2670
4730 4760 2600 2670
4720 4750 2600 2670
4730 4750 2600 2670
4730 4750 2600 2670
4720 4760 2600 2670
4720 4770 2600 2670
4730 4760 2600 2670
4740 4760 2610 2670
4740 4760 2610 2670
4730 4760 2600 2670
4720 4760 2610 2670
4720 4770 2610 2680
4720 4770 2610 2680
4730 4760 2610 2680
4740 4760 2600 2680
4740 4760 2600 2670
4720 4760 2590 2670
4720 4750 2590 2670
4740 4750 2600 2680
4740 4750 2600 2680
4730 4760 2600 2680
4720 4760 2600 2680
4730 4760 2600 2670
4730 4760 2610 2670
4730 4760 2610 2670
4730 4760 2610 2670
4740 4760 2610 2660
4730 4770 2620 2660
4740 4770 2620 2670
4740 4760 2620 2670
4750 4760 2620 2670
4740 4750 2610 2670
4740 4750 2600 2660
4740 4750 2600 2650
4740 4750 2610 2650
4730 4750 2620 2650
4720 4750 2620 2650
4720 4750 2620 2660
4720 4750 2610 2670
4710 4740 2600 2660
4710 4750 2590 2660
4710 4760 2590 2660
4700 4740 2590 2660
4700 4740 2600 2660
4710 4740 2600 2660
4720 4750 2600 2670
4730 4750 2600 2680
4730 4750 2600 2680
4730 4750 2600 2680
4730 4750 2600 2680
4740 4750 2600 2680
4720 4740 2600 2680
4730 4740 2610 2680
4730 4740 2610 2680
4730 4750 2600 2680
4720 4760 2610 2680
4710 4760 2610 2680
4720 4760 2610 2690
4730 4770 2620 2680
4730 4760 2610 2680
4730 4760 2620 2680
4730 4760 2620 2680
4720 4760 2620 2680
4730 4760 2620 2680
4720 4750 2620 2670
4720 4750 2620 2670
4730 4750 2610 2670
4720 4770 2610 2680
4720 4770 2610 2690
4730 4760 2610 2680
4730 4760 2610 2680
4720 4760 2600 2690
4730 4760 2600 2690
4720 4770 2600 2680
4730 4760 2600 2680
4720 4760 2600 2660
4730 4750 2600 2660
4740 4750 2600 2660
4750 4750 2600 2660
4750 4750 2600 2660
