5200 5150 2500 2510
5190 5160 2500 2510
5210 5160 2500 2510
5210 5160 2500 2510
5210 5160 2490 2510
5210 5160 2490 2510
5210 5170 2490 2520
5210 5160 2490 2510
5210 5160 2490 2510
5210 5180 2490 2510
5200 5170 2490 2510
5200 5170 2490 2510
5200 5160 2490 2510
5200 5160 2490 2510
5200 5170 2490 2510
5200 5160 2490 2510
5200 5160 2490 2510
5200 5160 2490 2510
5200 5160 2490 2510
5190 5160 2490 2510
5190 5160 2490 2520
5190 5160 2490 2510
5200 5160 2490 2510
5200 5170 2490 2510
5200 5160 2500 2510
5200 5160 2500 2510
5190 5160 2500 2510
5200 5170 2500 2510
5210 5160 2490 2520
5210 5160 2490 2520
5210 5160 2500 2520
5200 5160 2500 2520
5200 5170 2500 2520
5210 5160 2500 2520
5210 5150 2510 2520
5200 5150 2510 2520
5200 5150 2510 2520
5200 5150 2510 2520
5200 5150 2500 2520
5200 5150 2500 2520
5210 5150 2500 2520
5210 5160 2500 2520
5210 5160 2500 2520
5210 5160 2500 2510
5210 5160 2500 2510
5210 5160 2500 2510
5210 5160 2490 2510
5210 5160 2480 2510
5210 5160 2480 2510
5210 5160 2490 2510
5200 5170 2480 2510
5200 5170 2490 2510
5200 5170 2490 2510
5200 5170 2480 2510
5210 5170 2490 2510
5210 5160 2490 2520
5230 5160 2490 2520
5230 5160 2490 2520
5230 5170 2480 2510
5230 5160 2490 2510
5230 5160 2490 2510
5230 5160 2490 2510
5230 5160 2490 2510
5210 5170 2490 2520
5230 5170 2490 2520
5210 5160 2490 2520
5210 5160 2500 2520
5210 5160 2500 2510
5210 5150 2500 2510
5210 5150 2500 2510
5210 5160 2500 2510
5210 5160 2500 2520
5210 5160 2500 2520
5210 5170 2490 2520
5210 5160 2500 2520
5210 5160 2500 2520
5210 5160 2500 2520
5210 5160 2500 2520
5200 5160 2500 2520
5190 5160 2500 2520
5200 5160 2500 2510
5200 5160 2500 2510
5200 5160 2490 2520
5210 5160 2500 2510
5210 5170 2500 2510
5210 5170 2500 2520
5210 5170 2500 2520
5230 5160 2490 2510
5240 5160 2490 2510
5230 5150 2490 2510
5210 5150 2490 2510
5210 5150 2490 2510
5210 5150 2490 2510
5190 5160 2490 2510
5200 5160 2480 2510
5210 5160 2480 2510
5210 5160 2480 2520
5210 5160 2480 2520
5210 5160 2480 2510
5210 5170 2490 2510
5210 5170 2490 2510
5200 5170 2490 2510
5210 5160 2490 2510
5200 5160 2490 2510
5210 5160 2490 2510
5210 5160 2490 2510
5210 5160 2490 2510
5210 5160 2490 2510
5210 5160 2490 2510
5210 5160 2500 2510
5210 5160 2490 2510
5200 5160 2490 2510
5190 5160 2490 2510
5190 5160 2490 2510
5190 5160 2500 2510
5190 5160 2500 2510
5190 5160 2500 2510
5190 5160 2500 2500
5200 5160 2500 2500
5210 5160 2490 2500
5190 5160 2490 2500
5190 5160 2490 2510
5190 5160 2500 2510
5190 5160 2490 2510
5200 5170 2490 2510
5200 5170 2500 2510
5210 5170 2500 2510
5210 5160 2500 2510
5210 5160 2500 2510
5210 5170 2500 2510
5200 5170 2500 2510
5200 5170 2500 2510
5210 5170 2500 2520
5200 5160 2490 2510
5190 5160 2490 2510
5190 5160 2490 2510
5190 5170 2490 2510
5190 5170 2490 2510
5200 5170 2480 2510
5210 5170 2480 2500
5210 5170 2490 2500
5200 5170 2500 2500
5210 5170 2500 2500
5200 5170 2500 2510
5210 5170 2500 2510
5200 5170 2500 2510
5230 5170 2500 2510
5230 5170 2500 2520
5200 5170 2500 2520
5200 5170 2500 2510
5210 5160 2500 2510
5210 5160 2500 2510
5210 5160 2500 2510
5200 5160 2500 2520
5200 5170 2490 2510
5200 5180 2490 2500
5200 5170 2490 2500
5200 5160 2500 2510
5200 5160 2500 2520
5200 5170 2500 2500
5210 5160 2490 2500
5210 5160 2490 2500
5210 5160 2490 2500
5210 5160 2490 2510
5210 5170 2500 2510
5210 5170 2500 2510
5210 5170 2500 2510
5210 5170 2500 2510
5210 5160 2500 2510
5210 5150 2500 2510
5200 5150 2500 2510
5210 5150 2500 2510
5210 5150 2500 2500
5210 5150 2500 2500
5210 5150 2500 2510
5210 5150 2500 2510
5230 5150 2490 2510
5210 5150 2480 2510
5210 5150 2490 2510
5210 5150 2490 2500
