5490 5000 2980 2020
5490 4990 2980 2010
5480 4990 2980 2000
5480 4990 3000 2010
5490 4990 3000 2010
5500 4990 2980 2010
5500 4990 2970 2010
5500 4990 2990 2010
5490 4990 2990 2000
5480 4990 2990 2000
5490 5000 2990 2010
5490 5000 2980 2010
5490 5000 2990 2010
5490 4990 2990 2000
5490 4990 2980 2010
5490 4990 2980 2000
5500 4990 2990 2000
5500 4980 2980 2000
5500 4970 2990 1990
5500 4970 2990 2000
5500 4970 3000 2010
5490 4970 3000 2000
5490 4990 3000 2010
5500 4990 3000 2010
5500 4980 2990 2010
5500 4980 2990 2020
5490 4980 2980 2020
5490 4970 2970 2030
5490 4980 2990 2040
5490 4970 2970 2020
5490 4970 2970 2030
5490 4970 2970 2020
5490 4970 2970 2020
5490 4980 2980 2010
5490 4990 3000 2020
5490 4990 2990 2020
5500 4990 2990 2020
5500 5000 2990 2020
5490 5000 3010 2030
5490 4980 2990 2010
5500 4990 2980 2010
5500 4990 2980 2000
5500 4990 3000 2010
5490 5000 3010 2020
5490 5000 2990 2020
5490 4990 2970 2000
5490 4980 2990 2000
5490 4990 2990 2010
5480 5000 2990 2020
5480 5000 2990 2020
5480 5000 2980 2020
5480 5000 2990 2020
5490 4980 2980 2010
5480 4990 2980 1990
5480 4980 2980 1990
5480 4980 2990 1990
5480 4980 2990 1990
5480 4990 3000 1990
5480 4990 3020 2000
5480 4990 3010 2000
5480 4990 3000 2000
5480 4990 2990 2010
5480 5010 2980 2010
5480 4990 2990 2010
5480 4990 2970 2010
5480 5000 2970 2000
5490 5000 2990 2010
5490 4990 2980 2000
5490 5000 2990 2000
5480 5000 2960 2010
5480 4990 2950 2000
5490 4990 2980 2000
5490 4990 2970 2000
5490 4990 2970 2010
5490 4990 2980 2020
5490 4990 2970 2020
5490 4990 2960 2010
5490 5000 2980 2010
5490 5000 2980 2010
5490 5000 2990 2000
5490 5000 2990 2010
5490 4990 2970 2020
5490 4980 2970 2010
5490 4980 2960 2000
5500 4990 2980 2000
5500 4990 2970 2000
5490 4980 2980 2010
5490 4990 2990 2000
5490 4990 2980 2010
5490 4990 2990 2000
5500 4980 2990 2010
5500 4980 2980 2020
5500 4990 2970 2010
5500 4980 2960 2020
5500 4990 2960 2020
5500 4990 2960 2010
5510 4990 2970 2000
5500 5000 2980 2010
5490 4990 2970 2020
5490 4990 2970 2020
5500 4990 2970 2010
5500 4990 2960 2010
5500 4990 2980 2010
5500 4980 2970 2020
5500 4990 2990 1990
5500 4990 2990 1990
5500 4990 2980 2010
5500 4990 2990 2010
5500 4990 3000 2000
5500 4990 3000 2000
5500 4990 2980 2000
5500 4990 2980 1990
5500 4990 2970 1990
5500 4990 2970 1990
5500 4990 2970 1990
5500 4990 2970 1980
5490 5000 2980 1990
5490 4990 2980 1990
5500 4990 2980 1990
5500 4990 2990 1990
5500 5000 2990 1990
5490 4990 3000 2000
5490 4990 2980 2000
5490 4990 3000 1980
5500 4990 2990 1990
5500 4990 2990 2000
5490 4990 2980 2000
5490 4990 2980 2000
5490 4990 2970 2000
5490 4990 2970 2010
5490 4990 2960 2000
5490 5000 2960 2000
5490 5000 2960 2000
5490 4990 2960 2000
5490 4990 2980 2010
5490 4990 2980 2000
5490 5000 2980 1990
5490 4990 2990 2000
5490 4990 2990 1990
5490 4990 2990 1990
5490 4990 2980 1990
5490 4980 2980 2000
5490 4980 2980 1990
5490 4990 2990 2000
5490 4990 3000 2000
5490 4990 2980 2000
5490 4990 2980 1990
5500 4990 3000 1990
5500 4990 3000 1990
5500 5000 3000 1990
