5040 4430 3130 2180
5040 4430 3130 2180
5040 4430 3140 2190
5030 4430 3120 2180
5030 4430 3130 2170
5030 4440 3140 2160
5030 4440 3150 2170
5030 4440 3150 2170
5030 4440 3150 2170
5040 4440 3130 2170
5030 4440 3130 2170
5030 4440 3150 2170
5030 4440 3160 2170
5030 4440 3150 2170
5040 4430 3150 2170
5050 4430 3170 2160
5050 4420 3160 2170
5030 4430 3160 2180
5030 4420 3160 2180
5040 4420 3160 2190
5040 4420 3160 2190
5040 4420 3160 2190
5040 4420 3160 2180
5030 4430 3130 2180
5030 4430 3120 2180
5020 4440 3110 2180
5020 4430 3120 2180
5020 4420 3110 2170
5020 4420 3120 2170
5030 4440 3130 2170
5030 4430 3130 2170
5030 4430 3120 2180
5020 4440 3100 2180
5020 4440 3100 2190
5030 4430 3100 2190
5030 4430 3110 2190
5030 4420 3110 2190
5040 4430 3100 2190
5030 4430 3120 2190
5030 4430 3130 2190
5030 4430 3120 2190
5030 4430 3110 2190
5030 4420 3130 2180
5040 4430 3140 2180
5040 4440 3140 2180
5040 4440 3140 2180
5030 4430 3110 2180
5030 4440 3120 2170
5030 4440 3130 2170
5040 4440 3140 2170
5040 4430 3140 2160
5030 4430 3130 2160
5030 4420 3120 2160
5030 4430 3130 2170
5030 4430 3140 2170
5040 4440 3130 2160
5030 4420 3130 2160
5020 4420 3120 2160
5020 4420 3120 2170
5030 4420 3130 2160
5030 4430 3140 2170
5030 4430 3140 2170
5030 4430 3140 2170
5030 4430 3130 2180
5030 4420 3140 2180
5030 4420 3140 2180
5040 4420 3130 2180
5040 4430 3130 2180
5040 4440 3130 2180
5040 4430 3120 2180
5040 4430 3110 2180
5040 4430 3120 2180
5030 4430 3140 2180
5030 4440 3140 2170
5030 4440 3140 2180
5020 4440 3140 2180
5030 4430 3150 2170
5030 4430 3140 2160
5030 4430 3140 2160
5030 4420 3160 2160
5020 4420 3140 2170
5030 4440 3140 2170
5030 4430 3120 2180
5020 4420 3130 2180
5020 4430 3140 2180
5020 4440 3140 2180
5030 4440 3150 2180
5030 4440 3150 2180
5030 4440 3140 2180
5030 4440 3150 2180
5030 4440 3140 2180
5040 4440 3130 2170
5040 4430 3130 2170
5030 4430 3140 2180
5030 4440 3140 2180
5040 4440 3150 2180
5030 4440 3130 2180
5030 4440 3140 2180
5030 4440 3140 2180
5030 4440 3160 2180
5040 4440 3140 2180
5030 4430 3140 2190
5030 4430 3150 2190
5040 4430 3150 2190
5040 4420 3150 2180
5040 4430 3140 2180
5040 4430 3120 2190
5040 4430 3130 2190
5040 4420 3130 2190
5040 4430 3140 2190
5040 4430 3140 2180
5040 4430 3150 2180
5040 4430 3150 2180
5040 4440 3130 2190
5040 4440 3130 2190
5040 4440 3150 2190
5040 4430 3160 2190
5040 4440 3140 2190
5030 4440 3150 2180
5030 4440 3140 2180
5020 4440 3140 2180
5020 4450 3140 2170
5020 4440 3130 2170
5030 4430 3140 2170
5030 4430 3140 2170
5040 4430 3140 2160
5040 4440 3150 2170
5030 4440 3140 2160
5030 4440 3150 2170
5020 4430 3150 2180
5020 4430 3150 2180
5020 4440 3160 2180
5030 4430 3160 2180
5030 4430 3160 2180
5040 4440 3150 2180
5040 4430 3170 2170
5040 4420 3170 2170
5050 4420 3160 2170
5040 4410 3160 2170
5040 4410 3150 2160
5040 4420 3150 2170
5040 4430 3140 2160
5030 4430 3120 2160
5020 4440 3120 2170
5030 4440 3120 2180
5030 4440 3120 2180
5040 4450 3120 2180
5040 4450 3120 2180
5040 4450 3120 2180
5040 4440 3150 2190
5040 4430 3170 2190
5030 4430 3170 2190
5040 4430 3160 2190
5040 4430 3150 2190
5040 4440 3150 2190
5040 4430 3150 2200
5040 4430 3160 2190
5040 4430 3160 2180
5030 4430 3150 2170
5020 4430 3160 2170
5020 4420 3160 2180
5020 4420 3160 2170
5030 4420 3140 2170
5030 4420 3130 2170
5020 4420 3130 2170
5020 4420 3120 2170
5020 4430 3140 2170
5020 4450 3150 2180
5030 4450 3150 2180
5030 4450 3160 2180
