2090 3810 3920 4870
2080 3800 3920 4880
2080 3800 3920 4870
2080 3820 3920 4870
2080 3820 3920 4870
2070 3820 3930 4860
2080 3810 3920 4860
2070 3810 3920 4860
2080 3820 3910 4860
2080 3800 3920 4860
2070 3800 3930 4860
2080 3800 3920 4860
2070 3800 3920 4860
2070 3800 3920 4860
2070 3800 3920 4850
2070 3800 3920 4850
2080 3800 3920 4860
2080 3820 3920 4860
2070 3820 3920 4870
2070 3820 3920 4870
2060 3820 3930 4870
2070 3820 3930 4870
2070 3820 3930 4870
2070 3820 3930 4880
2070 3820 3930 4880
2070 3820 3930 4880
2080 3820 3920 4880
2080 3810 3920 4870
2080 3810 3920 4860
2070 3810 3920 4860
2070 3810 3920 4860
2070 3820 3920 4860
2070 3820 3920 4870
2070 3820 3930 4870
2070 3820 3920 4870
2070 3820 3910 4860
2060 3830 3920 4850
2060 3820 3920 4850
2070 3820 3920 4850
2070 3830 3920 4860
2080 3830 3910 4860
2090 3840 3920 4870
2090 3830 3920 4870
2080 3830 3920 4880
2070 3820 3930 4880
2070 3820 3920 4870
2080 3830 3930 4860
2070 3820 3930 4860
2070 3800 3930 4860
2070 3800 3930 4870
2080 3800 3930 4860
2070 3800 3920 4860
2070 3800 3930 4860
2070 3820 3930 4860
2070 3820 3930 4860
2070 3810 3910 4860
2080 3820 3910 4860
2080 3820 3910 4860
2080 3810 3920 4870
2070 3810 3920 4860
2070 3810 3920 4860
2060 3810 3920 4870
2060 3800 3920 4870
2050 3800 3920 4870
2060 3810 3920 4870
2070 3820 3920 4860
2070 3820 3920 4860
2070 3820 3910 4860
2070 3830 3910 4860
2070 3820 3910 4860
2070 3810 3910 4860
2070 3820 3910 4870
2070 3830 3910 4870
2070 3840 3920 4860
2080 3840 3930 4860
2070 3840 3930 4860
2080 3850 3930 4860
2070 3850 3920 4870
2070 3860 3920 4870
2070 3830 3910 4860
2070 3830 3910 4860
2080 3820 3920 4860
2070 3830 3920 4860
2070 3830 3920 4860
2070 3820 3920 4860
2070 3820 3910 4870
2080 3810 3920 4870
2080 3830 3920 4870
2080 3830 3920 4860
2080 3830 3920 4870
2080 3820 3920 4870
2090 3830 3920 4870
2090 3820 3930 4880
2090 3820 3930 4870
2090 3820 3920 4870
2090 3820 3920 4870
2090 3810 3910 4870
2080 3800 3910 4870
2080 3820 3910 4870
2080 3820 3910 4870
2080 3830 3890 4870
2070 3830 3900 4870
2080 3830 3910 4870
2080 3820 3910 4870
2080 3820 3900 4880
2070 3830 3890 4890
2080 3820 3890 4890
2090 3820 3900 4890
2090 3830 3900 4880
2090 3820 3910 4880
2080 3830 3910 4870
2070 3820 3910 4870
2070 3820 3920 4880
2070 3810 3920 4870
2070 3810 3920 4870
2080 3810 3910 4870
2090 3810 3920 4860
2090 3810 3910 4860
2090 3800 3900 4860
2080 3800 3890 4860
2080 3800 3890 4860
2080 3810 3880 4860
2090 3810 3890 4860
2090 3810 3890 4860
2090 3810 3890 4860
2090 3810 3900 4870
2090 3810 3900 4870
2090 3810 3900 4860
2090 3810 3900 4860
2080 3800 3900 4860
2080 3830 3890 4860
2080 3830 3890 4870
2080 3830 3890 4870
2090 3840 3890 4860
2090 3840 3890 4860
2090 3830 3880 4860
2090 3840 3890 4860
2090 3830 3880 4860
2080 3820 3880 4870
2090 3810 3890 4860
2080 3820 3890 4860
2080 3810 3890 4860
2080 3810 3900 4860
2070 3820 3890 4870
2070 3820 3890 4870
2070 3810 3890 4870
2080 3830 3900 4860
2080 3820 3900 4860
2070 3810 3900 4860
2080 3810 3910 4860
2070 3820 3910 4860
2070 3820 3900 4860
2070 3810 3900 4860
2070 3810 3890 4860
2070 3810 3890 4870
2070 3800 3890 4860
2070 3810 3890 4860
2070 3820 3890 4870
2070 3820 3890 4870
2080 3830 3890 4870
2070 3820 3890 4870
2080 3830 3890 4870
2070 3820 3890 4870
2070 3830 3900 4860
2070 3830 3900 4860
2070 3820 3900 4860
2070 3820 3900 4870
2070 3820 3900 4870
2070 3810 3900 4870
2080 3820 3900 4870
2070 3820 3900 4870
2080 3800 3900 4860
2070 3810 3900 4870
2090 3830 3900 4870
2090 3830 3910 4870
2110 3830 3920 4860
2090 3820 3910 4860
2110 3820 3910 4860
2110 3820 3910 4860
2090 3810 3910 4860
2090 3810 3910 4860
2090 3820 3910 4860
2090 3830 3900 4860
2110 3840 3900 4870
2110 3830 3900 4870
2090 3820 3900 4860
2090 3840 3890 4860
2110 3830 3890 4860
2110 3840 3890 4860
2110 3820 3890 4870
2110 3820 3880 4860
2090 3820 3890 4860
2090 3830 3900 4870
