4630 3980 3290 2470
4620 3980 3300 2450
4630 3960 3300 2470
4630 3960 3310 2470
4640 3960 3310 2460
4630 3960 3320 2470
4620 3980 3330 2470
4620 3960 3330 2470
4620 3960 3340 2470
4630 3980 3330 2460
4630 3980 3330 2470
4640 3980 3330 2480
4640 3980 3360 2470
4630 3960 3340 2460
4630 3980 3330 2450
4640 3980 3330 2460
4640 3980 3310 2450
4630 3960 3330 2480
4630 3960 3330 2480
4640 3980 3320 2490
4630 3960 3320 2460
4640 3980 3320 2470
4630 3980 3320 2450
4630 3980 3320 2470
4630 3980 3330 2480
4630 3980 3330 2470
4630 3980 3330 2480
4630 3990 3340 2480
4640 3980 3330 2470
4650 3960 3340 2480
4640 3960 3320 2450
4640 3980 3320 2450
4630 3990 3320 2460
4630 3990 3320 2470
4640 3990 3320 2460
4640 3980 3330 2480
4630 3960 3310 2470
4640 3980 3310 2470
4630 3960 3320 2460
4640 3960 3320 2470
4630 3980 3320 2470
4640 3960 3360 2460
4640 3950 3330 2470
4640 3950 3330 2460
4640 3950 3330 2450
4640 3960 3320 2430
4630 3960 3310 2420
4630 3960 3320 2450
4630 3960 3330 2440
4630 3980 3330 2440
4630 3960 3330 2460
4640 3980 3330 2480
4650 3980 3320 2480
4630 3980 3320 2490
4630 3980 3320 2490
4640 3980 3320 2500
4640 3980 3320 2500
4640 3980 3320 2490
4640 3980 3320 2470
4640 3980 3320 2460
4640 3980 3310 2470
4640 3980 3300 2480
4640 3980 3300 2480
4640 3990 3300 2480
4640 3980 3310 2480
4640 3990 3310 2480
4640 3990 3310 2480
4640 3980 3330 2490
4630 3960 3320 2460
4630 3960 3330 2470
4630 3960 3340 2470
4630 3960 3320 2470
4630 3960 3310 2460
4630 3980 3310 2450
4630 3980 3320 2450
4630 3980 3320 2450
4620 3980 3330 2460
4620 3980 3330 2470
4620 3980 3320 2470
4620 3980 3320 2460
4620 3980 3320 2460
4620 3980 3320 2470
4630 3960 3320 2470
4630 3960 3330 2460
4630 3960 3320 2470
4630 3960 3330 2480
4630 3960 3320 2470
4630 3960 3320 2460
4630 3960 3330 2450
4620 3950 3340 2450
4610 3950 3340 2460
4620 3950 3330 2470
4620 3960 3320 2480
4620 3980 3320 2480
4620 3960 3320 2480
4620 3980 3320 2470
4630 3980 3320 2470
4640 3960 3320 2470
4640 3960 3320 2470
4630 3960 3320 2470
4630 3960 3320 2460
4630 3960 3320 2460
4630 3990 3320 2470
4630 3990 3320 2480
4620 3980 3320 2460
4620 3980 3320 2470
4630 3960 3330 2470
4630 3980 3330 2460
4640 3960 3330 2450
4640 3980 3330 2460
4630 3960 3330 2480
4620 3980 3320 2470
4620 3980 3330 2460
4640 3980 3320 2460
4630 3960 3320 2480
4630 3960 3310 2490
4640 3960 3310 2490
4630 3960 3310 2490
4630 3980 3320 2490
4630 3980 3320 2480
4640 3980 3320 2460
4650 3980 3340 2460
4640 3980 3330 2470
4640 3980 3330 2480
4650 3990 3320 2470
4650 3980 3320 2470
4640 3980 3320 2450
4650 3980 3320 2450
4650 3990 3320 2460
4650 3990 3320 2470
4640 3980 3320 2470
4650 3980 3320 2480
4660 3960 3320 2470
4650 3980 3320 2460
4650 3980 3310 2470
4640 3980 3320 2460
4650 3960 3310 2480
4650 3960 3320 2470
4640 3960 3320 2480
4650 3960 3320 2470
4630 3960 3320 2450
4630 3960 3320 2460
4620 3980 3320 2480
4630 3960 3320 2460
4630 3950 3320 2450
4630 3960 3320 2460
4640 3960 3320 2450
4630 3960 3320 2450
4630 3960 3310 2470
4640 3960 3310 2460
4630 3960 3310 2450
4650 3960 3310 2440
4640 3980 3310 2450
4650 3980 3310 2450
4650 3980 3310 2460
4650 3960 3310 2450
4640 3960 3310 2450
4650 3960 3320 2450
4650 3980 3320 2460
4630 3990 3320 2470
4630 3990 3320 2470
4630 3990 3310 2460
4630 3990 3310 2460
4630 3990 3310 2450
4640 3990 3320 2470
4630 3980 3320 2480
4630 3980 3320 2490
