4240 3570 3550 2710
4250 3560 3550 2740
4250 3560 3550 2720
4240 3570 3550 2720
4240 3570 3550 2740
4250 3550 3550 2720
4250 3550 3550 2720
4240 3560 3550 2720
4240 3570 3550 2710
4230 3560 3550 2700
4230 3560 3550 2710
4240 3560 3550 2720
4230 3570 3560 2740
4230 3570 3560 2740
4230 3570 3560 2740
4240 3570 3560 2720
4240 3570 3560 2720
4240 3560 3550 2720
4250 3560 3550 2720
4250 3560 3540 2740
4250 3570 3550 2740
4240 3570 3550 2740
4240 3560 3550 2740
4240 3560 3550 2720
4240 3560 3550 2720
4230 3560 3550 2740
4230 3570 3550 2740
4230 3570 3550 2740
4240 3570 3550 2740
4240 3560 3550 2740
4240 3560 3550 2740
4240 3570 3550 2740
4240 3570 3550 2740
4250 3580 3550 2720
4260 3570 3550 2710
4250 3570 3550 2700
4240 3560 3550 2710
4260 3560 3550 2720
4240 3560 3550 2740
4230 3580 3550 2740
4230 3580 3550 2740
4230 3580 3550 2740
4230 3580 3550 2740
4230 3580 3550 2750
4240 3570 3550 2740
4250 3570 3560 2740
4250 3570 3560 2720
4250 3570 3550 2710
4260 3560 3550 2710
4260 3570 3550 2720
4260 3560 3550 2720
4270 3560 3550 2720
4260 3560 3550 2720
4270 3540 3550 2720
4270 3540 3560 2710
4260 3550 3550 2720
4250 3540 3560 2740
4240 3550 3560 2720
4230 3560 3560 2720
4230 3560 3550 2710
4230 3560 3550 2700
4240 3560 3560 2690
4230 3560 3560 2700
4230 3560 3560 2690
4230 3560 3560 2690
4230 3560 3560 2690
4240 3560 3560 2700
4230 3560 3560 2700
4240 3560 3560 2690
4240 3550 3560 2690
4240 3550 3560 2700
4230 3550 3560 2720
4220 3550 3560 2720
4230 3550 3550 2710
4230 3560 3550 2710
4230 3560 3550 2710
4230 3560 3540 2720
4230 3570 3540 2710
4230 3560 3550 2710
4230 3550 3550 2720
4240 3550 3550 2720
4230 3550 3550 2710
4230 3550 3550 2720
4240 3560 3550 2720
4230 3560 3550 2720
4230 3560 3550 2710
4230 3570 3550 2700
4230 3570 3550 2700
4230 3560 3550 2710
4230 3560 3550 2710
4230 3560 3550 2710
4250 3560 3560 2740
4240 3560 3550 2750
4240 3560 3550 2740
4250 3570 3550 2720
4240 3570 3550 2710
4230 3550 3560 2720
4240 3540 3560 2740
4250 3550 3560 2740
4240 3560 3550 2720
4240 3550 3550 2740
4230 3570 3550 2740
4240 3560 3560 2720
4240 3550 3550 2720
4240 3570 3560 2720
4240 3570 3560 2710
4230 3570 3560 2710
4230 3570 3560 2720
4230 3570 3570 2740
4240 3570 3570 2740
4230 3560 3550 2720
4230 3560 3550 2710
4240 3570 3560 2710
4250 3570 3560 2720
4240 3580 3560 2740
4250 3570 3560 2740
4240 3570 3560 2740
4240 3570 3550 2740
4250 3560 3570 2710
4250 3560 3580 2710
4240 3560 3560 2720
4250 3560 3560 2720
4240 3560 3560 2720
4240 3560 3540 2720
4240 3560 3550 2720
4240 3560 3550 2720
4240 3560 3550 2720
4240 3560 3550 2740
4240 3550 3540 2740
4240 3550 3550 2750
4240 3550 3550 2740
4240 3550 3550 2740
4240 3550 3560 2740
4240 3550 3550 2750
4240 3550 3550 2750
4240 3550 3560 2750
4240 3550 3560 2740
4230 3550 3560 2710
4230 3550 3570 2710
4230 3540 3570 2710
4230 3550 3570 2710
4230 3560 3580 2710
