3880 3180 3830 3110
3900 3180 3840 3110
3900 3170 3830 3110
3900 3170 3830 3110
3900 3170 3820 3120
3890 3180 3820 3110
3890 3180 3820 3110
3880 3190 3820 3130
3900 3190 3830 3110
3900 3190 3820 3110
3890 3190 3830 3100
3910 3180 3840 3100
3890 3180 3840 3110
3880 3180 3840 3110
3870 3180 3840 3110
3880 3180 3840 3110
3900 3190 3840 3110
3880 3180 3850 3090
3880 3180 3850 3100
3890 3190 3850 3110
3880 3190 3850 3120
3880 3190 3850 3110
3890 3180 3840 3110
3880 3170 3840 3110
3880 3160 3830 3110
3880 3170 3830 3110
3900 3170 3840 3110
3900 3170 3840 3120
3910 3170 3850 3130
3920 3170 3840 3130
3900 3170 3830 3120
3890 3170 3830 3120
3900 3170 3820 3120
3900 3170 3830 3110
3890 3180 3840 3100
3880 3170 3840 3100
3880 3170 3840 3110
3880 3180 3840 3110
3870 3180 3830 3100
3870 3180 3830 3100
3870 3180 3820 3100
3870 3180 3820 3110
3870 3180 3830 3100
3860 3180 3840 3110
3860 3180 3840 3110
3880 3170 3830 3110
3870 3180 3830 3110
3870 3180 3830 3110
3880 3170 3830 3100
3900 3170 3830 3100
3890 3180 3830 3100
3890 3180 3840 3100
3900 3180 3840 3100
3900 3180 3840 3090
3900 3180 3840 3090
3880 3180 3840 3110
3870 3190 3840 3110
3870 3180 3840 3110
3880 3180 3840 3110
3880 3180 3840 3110
3890 3180 3840 3090
3880 3180 3840 3090
3890 3180 3840 3110
3890 3180 3850 3110
3900 3180 3850 3120
3900 3180 3840 3110
3890 3180 3850 3120
3900 3190 3850 3120
3910 3180 3850 3110
3880 3180 3820 3110
3890 3180 3840 3120
3890 3170 3820 3120
3890 3170 3820 3120
3890 3170 3820 3110
3890 3170 3840 3120
3870 3170 3830 3120
3880 3180 3830 3110
3890 3180 3830 3100
3880 3180 3830 3090
3880 3190 3820 3120
3880 3190 3830 3110
3880 3190 3830 3110
3870 3190 3830 3110
3870 3190 3830 3110
3870 3190 3840 3110
3870 3190 3840 3120
3880 3180 3830 3120
3880 3180 3820 3120
3890 3180 3820 3110
3880 3180 3830 3110
3880 3180 3820 3110
3870 3180 3820 3110
3880 3190 3830 3100
3880 3190 3820 3110
3880 3190 3830 3110
3880 3190 3830 3100
3870 3190 3830 3110
3870 3190 3840 3120
3870 3190 3840 3110
3890 3180 3840 3100
3890 3170 3820 3110
3900 3170 3830 3110
3890 3170 3830 3100
3900 3170 3840 3120
3900 3180 3840 3120
3870 3180 3820 3090
3880 3180 3820 3090
3880 3180 3830 3120
3880 3190 3820 3100
3890 3180 3840 3100
3880 3180 3830 3100
3880 3180 3830 3100
3860 3180 3830 3120
3870 3180 3820 3110
3870 3180 3840 3120
3870 3180 3840 3120
3880 3180 3830 3110
3880 3180 3830 3100
3880 3180 3840 3100
3880 3180 3830 3110
3890 3180 3830 3110
3870 3180 3820 3120
3870 3180 3820 3120
3870 3180 3820 3120
3870 3180 3830 3130
3870 3180 3830 3120
3860 3180 3820 3120
3860 3180 3820 3120
3870 3180 3830 3110
3860 3180 3830 3110
3860 3180 3820 3120
3870 3180 3820 3100
3870 3180 3820 3100
3860 3180 3830 3110
3870 3180 3820 3100
3870 3180 3820 3110
3870 3180 3830 3110
3870 3180 3830 3110
3870 3180 3840 3110
3870 3180 3840 3120
3870 3180 3840 3120
3860 3180 3820 3120
