3560 2820 4120 3580
3560 2820 4130 3580
3570 2820 4130 3580
3570 2820 4130 3580
3570 2820 4140 3580
3570 2820 4120 3570
3570 2820 4130 3570
3580 2820 4120 3570
3580 2830 4150 3570
3580 2830 4140 3580
3580 2830 4150 3580
3580 2820 4160 3580
3580 2810 4150 3580
3580 2810 4150 3580
3580 2810 4150 3570
3580 2810 4150 3570
3590 2810 4140 3570
3590 2810 4130 3570
3570 2810 4120 3570
3570 2810 4120 3570
3580 2820 4130 3570
3580 2820 4130 3570
3580 2820 4130 3570
3580 2820 4120 3580
3580 2820 4120 3580
3580 2820 4130 3580
3580 2820 4140 3580
3580 2820 4140 3580
3580 2830 4140 3580
3580 2830 4140 3580
3580 2830 4130 3580
3580 2830 4130 3580
3580 2820 4140 3580
3580 2820 4130 3580
3580 2830 4130 3580
3580 2830 4140 3580
3580 2820 4130 3580
3580 2820 4120 3580
3580 2820 4130 3570
3570 2820 4130 3570
3580 2830 4130 3570
3590 2830 4120 3580
3580 2840 4130 3580
3580 2830 4130 3580
3580 2820 4130 3580
3580 2820 4130 3580
3580 2820 4130 3580
3580 2820 4130 3580
3580 2810 4130 3580
3580 2820 4140 3570
3570 2820 4130 3570
3560 2830 4140 3570
3570 2840 4130 3570
3580 2840 4130 3570
3580 2840 4140 3570
3580 2830 4130 3570
3580 2830 4110 3570
3580 2830 4120 3570
3590 2830 4130 3570
3580 2820 4120 3570
3580 2830 4130 3570
3570 2830 4130 3570
3570 2830 4140 3570
3570 2830 4140 3570
3570 2830 4140 3570
3580 2830 4150 3570
3580 2830 4130 3570
3580 2820 4120 3570
3580 2820 4120 3570
3590 2820 4120 3570
3590 2820 4120 3570
3580 2830 4140 3570
3590 2830 4130 3570
3590 2820 4130 3570
3590 2820 4130 3570
3590 2820 4130 3570
3590 2820 4120 3570
3590 2820 4140 3570
3580 2820 4130 3570
3580 2810 4130 3570
3580 2810 4130 3570
3580 2810 4140 3570
3580 2810 4140 3570
3590 2810 4150 3570
3590 2810 4140 3570
3590 2810 4140 3570
3590 2810 4140 3570
3590 2810 4140 3570
3580 2820 4140 3570
3580 2820 4130 3570
3580 2820 4140 3570
3580 2820 4130 3570
3580 2820 4130 3570
3580 2820 4140 3570
3580 2820 4130 3570
3580 2820 4120 3570
3580 2820 4140 3570
3580 2820 4150 3560
3590 2820 4150 3560
3590 2820 4150 3560
3580 2820 4150 3560
3580 2820 4140 3560
3580 2820 4130 3560
3590 2820 4130 3560
3580 2820 4130 3560
3580 2820 4130 3570
3580 2820 4130 3570
3570 2820 4130 3570
3580 2810 4140 3570
3580 2820 4130 3570
3580 2820 4130 3570
3590 2830 4130 3570
3590 2830 4130 3570
3580 2830 4130 3570
3580 2830 4120 3570
3590 2830 4140 3570
3590 2830 4140 3570
3590 2830 4150 3570
3580 2830 4150 3570
3580 2840 4150 3570
3590 2830 4150 3570
3590 2830 4150 3570
3590 2830 4140 3570
3580 2830 4150 3570
3590 2830 4150 3570
3590 2830 4150 3570
3590 2830 4150 3570
3590 2830 4150 3570
3590 2830 4150 3570
3580 2830 4140 3570
3590 2830 4130 3570
3590 2830 4140 3570
3600 2830 4140 3570
3600 2830 4140 3570
3580 2830 4130 3570
3570 2830 4130 3580
3570 2830 4120 3580
3570 2830 4130 3580
3570 2830 4140 3570
3570 2830 4140 3570
3580 2830 4130 3570
3590 2830 4130 3570
3580 2830 4130 3570
3580 2830 4120 3570
3580 2830 4130 3570
3580 2830 4140 3580
3580 2830 4130 3580
3590 2830 4140 3580
3580 2830 4140 3580
3580 2830 4140 3580
3590 2830 4150 3570
3590 2820 4140 3570
3580 2820 4140 3570
3580 2820 4140 3570
3570 2820 4160 3570
3570 2820 4160 3570
3570 2820 4160 3570
3570 2820 4160 3580
3570 2820 4160 3580
3570 2820 4160 3580
3570 2820 4160 3580
3570 2820 4150 3580
3570 2830 4140 3580
3570 2830 4140 3580
3570 2830 4140 3580
3570 2830 4140 3580
3580 2830 4150 3570
3580 2830 4140 3570
3580 2830 4140 3570
3580 2830 4140 3570
3580 2840 4140 3570
3580 2840 4150 3560
3580 2840 4140 3560
3580 2830 4130 3560
3580 2830 4130 3560
3590 2830 4130 3560
3590 2830 4120 3560
3590 2830 4120 3560
3580 2830 4130 3560
3580 2830 4130 3560
3590 2830 4130 3560
3590 2820 4130 3560
3590 2820 4130 3560
3580 2820 4140 3570
3590 2820 4150 3570
3590 2820 4130 3570
3580 2820 4140 3570
3590 2820 4130 3580
