3240 2490 4600 4070
3240 2490 4600 4070
3240 2500 4610 4070
3230 2500 4610 4070
3220 2500 4610 4070
3220 2480 4610 4070
3240 2470 4610 4070
3240 2480 4610 4070
3240 2480 4610 4070
3240 2480 4610 4070
3240 2500 4610 4070
3240 2500 4600 4080
3250 2470 4610 4080
3240 2480 4610 4080
3220 2470 4620 4070
3230 2470 4620 4080
3230 2480 4610 4080
3230 2480 4610 4080
3230 2470 4600 4080
3240 2470 4600 4080
3230 2480 4580 4070
3230 2470 4570 4060
3220 2490 4580 4060
3220 2480 4580 4070
3220 2480 4580 4070
3210 2480 4580 4070
3220 2490 4570 4060
3250 2490 4570 4060
3230 2480 4580 4060
3230 2490 4610 4060
3230 2490 4620 4070
3220 2460 4610 4070
3230 2460 4600 4060
3230 2480 4580 4060
3220 2480 4580 4060
3230 2490 4580 4050
3250 2490 4580 4060
3240 2490 4610 4070
3230 2490 4620 4070
3240 2480 4580 4070
3240 2470 4580 4050
3240 2470 4600 4050
3220 2470 4610 4050
3220 2460 4600 4050
3230 2470 4610 4050
3230 2470 4610 4060
3220 2470 4580 4060
3220 2480 4580 4060
3220 2480 4580 4060
3240 2480 4570 4060
3240 2480 4600 4070
3240 2490 4580 4070
3250 2480 4580 4060
3260 2480 4580 4060
3250 2480 4580 4070
3250 2460 4580 4070
3260 2470 4600 4060
3250 2480 4600 4070
3250 2470 4580 4060
3250 2470 4570 4070
3230 2480 4570 4070
3240 2480 4580 4070
3250 2480 4600 4060
3240 2470 4580 4060
3250 2460 4570 4070
3240 2470 4620 4070
3240 2470 4610 4060
3230 2470 4620 4060
3220 2470 4610 4060
3240 2470 4600 4060
3240 2480 4610 4060
3240 2480 4610 4060
3240 2480 4610 4060
3250 2490 4610 4070
3250 2490 4580 4060
3250 2500 4580 4070
3250 2500 4580 4070
3260 2500 4570 4070
3250 2490 4570 4070
3250 2470 4600 4070
3240 2460 4600 4070
3240 2480 4600 4070
3240 2480 4610 4060
3240 2480 4610 4060
3240 2480 4600 4060
3230 2480 4600 4070
3230 2480 4600 4070
3230 2480 4600 4070
3220 2490 4610 4070
3230 2480 4600 4060
3230 2480 4600 4060
3230 2490 4600 4060
3230 2490 4600 4060
3230 2480 4600 4050
3230 2480 4600 4060
3230 2500 4610 4060
3230 2490 4620 4060
3220 2480 4620 4060
3230 2480 4610 4060
3230 2470 4600 4060
3230 2480 4610 4060
3240 2480 4620 4060
3240 2480 4610 4050
3240 2480 4600 4060
3230 2480 4610 4060
3230 2490 4600 4050
3220 2500 4600 4060
3220 2500 4600 4060
3220 2480 4580 4070
3220 2480 4600 4070
3220 2490 4610 4060
3220 2480 4620 4060
3230 2470 4620 4060
3230 2480 4610 4060
3230 2480 4610 4060
3230 2490 4610 4060
3230 2480 4600 4060
3240 2470 4600 4060
3230 2470 4580 4060
3240 2470 4580 4060
3240 2480 4570 4060
3240 2490 4580 4070
3240 2490 4580 4070
3240 2490 4580 4060
3240 2480 4600 4060
3240 2480 4610 4070
3240 2500 4600 4070
3220 2490 4600 4070
3230 2470 4610 4060
3240 2450 4600 4060
3230 2460 4600 4060
3230 2460 4600 4070
3250 2460 4610 4080
3240 2450 4610 4080
3240 2450 4600 4080
3230 2450 4600 4070
3220 2450 4600 4060
3230 2490 4600 4060
3240 2510 4610 4070
3240 2490 4580 4060
3240 2470 4570 4060
3240 2480 4570 4060
3250 2490 4580 4060
3250 2490 4580 4070
3240 2490 4600 4070
3230 2500 4600 4070
3220 2500 4600 4060
3230 2500 4600 4060
3240 2480 4610 4060
3230 2470 4610 4060
3230 2480 4600 4060
3230 2500 4600 4060
3230 2500 4580 4060
3240 2490 4600 4060
3230 2470 4580 4060
3210 2460 4600 4060
3210 2460 4600 4060
3220 2480 4600 4060
3220 2500 4600 4060
3220 2510 4600 4070
3220 2510 4600 4060
3230 2500 4600 4060
3220 2500 4600 4070
3220 2500 4600 4070
3220 2480 4600 4070
3220 2460 4600 4060
3230 2480 4600 4060
3240 2470 4580 4060
3240 2480 4580 4070
3240 2490 4600 4070
3240 2510 4600 4070
3240 2500 4600 4070
3230 2490 4580 4070
3230 2490 4600 4060
3230 2490 4600 4060
3230 2480 4610 4070
3240 2490 4600 4070
3240 2490 4610 4070
3230 2490 4610 4070
3230 2490 4610 4060
3230 2490 4610 4050
3230 2480 4600 4060
3230 2470 4610 4060
3230 2480 4600 4060
3230 2490 4610 4060
3230 2480 4610 4060
3230 2470 4610 4070
3230 2470 4610 4070
3230 2480 4610 4070
3230 2500 4610 4070
3230 2500 4610 4070
3230 2500 4600 4060
3230 2510 4580 4060
3230 2480 4610 4060
3230 2490 4610 4060
3230 2480 4610 4070
3220 2490 4610 4070
3220 2480 4610 4070
3230 2470 4610 4070
3230 2480 4610 4060
3230 2480 4610 4060
