3090 2240 5010 4480
3090 2230 5010 4480
3080 2230 5000 4480
3080 2230 5010 4480
3070 2230 5000 4500
3070 2230 5000 4500
3070 2220 4990 4500
3060 2230 4990 4500
3070 2220 4990 4500
3060 2230 5000 4500
3050 2230 4990 4510
3060 2240 4990 4500
3070 2240 4990 4490
3060 2240 5000 4480
3060 2240 4990 4480
3070 2240 5000 4480
3060 2240 4980 4480
3050 2240 5000 4490
3060 2240 5000 4490
3070 2250 5000 4490
3060 2250 5000 4480
3070 2250 4990 4490
3070 2250 4990 4490
3070 2250 4990 4490
3070 2250 4990 4490
3080 2240 5000 4490
3080 2240 4990 4480
3080 2240 4980 4490
3080 2240 5000 4480
3080 2240 4990 4480
3070 2240 5000 4480
3060 2240 4980 4480
3060 2240 4990 4490
3060 2240 4990 4490
3060 2240 5000 4490
3070 2230 4980 4500
3050 2230 4990 4500
3070 2240 4990 4490
3060 2240 4980 4500
3070 2240 4980 4490
3070 2240 4970 4500
3080 2240 4990 4510
3070 2240 4990 4510
3070 2240 5000 4500
3080 2240 4990 4490
3070 2240 4990 4490
3070 2240 4990 4490
3060 2250 4990 4490
3030 2250 4990 4500
3030 2240 4990 4500
3030 2240 5000 4500
3050 2240 5000 4500
3030 2250 5000 4500
3050 2240 5000 4500
3030 2250 5000 4510
3030 2250 5010 4500
3060 2250 5010 4490
3070 2250 5020 4500
3070 2250 5010 4490
3070 2240 4990 4490
3070 2250 4990 4480
3060 2250 4990 4490
3060 2250 5000 4490
3070 2250 4990 4480
3070 2260 5000 4500
3080 2260 5000 4500
3060 2250 5000 4490
3070 2250 4990 4490
3070 2250 4980 4480
3070 2240 4990 4480
3060 2240 4990 4480
3030 2240 5000 4480
3050 2240 5000 4480
3060 2250 4990 4480
3050 2250 4990 4480
3050 2250 4990 4490
3070 2250 4990 4500
3050 2240 4990 4490
3070 2240 5000 4490
3070 2230 4990 4480
3080 2230 4990 4480
3080 2230 4990 4480
3080 2230 4990 4490
3060 2240 4980 4490
3070 2240 4980 4490
3060 2240 4980 4490
3060 2240 4980 4480
3060 2250 4980 4490
3070 2250 4980 4490
3070 2240 4980 4490
3050 2250 4980 4480
3050 2250 4980 4480
3060 2250 4980 4490
3050 2250 4990 4500
3070 2260 4980 4500
3080 2260 4980 4500
3080 2250 4970 4500
3070 2240 4970 4490
3060 2240 4980 4500
3030 2240 4980 4480
3050 2230 4970 4490
3050 2230 4980 4490
3060 2250 4980 4480
3060 2250 4990 4480
3070 2250 4990 4480
3050 2250 4990 4490
3050 2250 4990 4490
3050 2250 4990 4490
3050 2250 4990 4480
3050 2250 4990 4480
3050 2250 4990 4490
3050 2250 4990 4490
3030 2250 4990 4490
3060 2250 4990 4500
3060 2250 4980 4490
3070 2240 4990 4490
3060 2240 4990 4490
3050 2240 4990 4490
3070 2240 5000 4490
3080 2240 5010 4490
3080 2250 5000 4500
3070 2250 4990 4500
3060 2240 5000 4500
3060 2240 4990 4490
3050 2240 4990 4480
3060 2240 4990 4480
3070 2240 4990 4480
3070 2240 4990 4490
3060 2240 4990 4490
3050 2240 4990 4500
3050 2240 4980 4490
3070 2240 4980 4490
3070 2250 4990 4480
3080 2250 4990 4480
3080 2250 4990 4480
3070 2240 5000 4480
3080 2240 5000 4490
3070 2240 5000 4480
3060 2240 4990 4490
