2940 2070 5420 4940
2950 2070 5420 4940
2960 2080 5430 4940
2960 2080 5430 4940
2960 2080 5430 4940
2940 2080 5420 4940
2950 2070 5420 4950
2950 2090 5430 4950
2950 2090 5420 4950
2950 2090 5420 4940
2950 2070 5410 4930
2950 2070 5420 4930
2950 2070 5410 4930
2950 2070 5410 4920
2970 2070 5410 4940
2960 2060 5410 4940
2960 2070 5420 4940
2950 2080 5420 4940
2950 2080 5420 4950
2950 2090 5420 4930
2950 2090 5420 4940
2950 2080 5420 4930
2950 2080 5400 4940
2960 2070 5410 4930
2960 2060 5410 4940
2960 2060 5400 4940
2960 2050 5400 4950
2960 2060 5400 4940
2950 2070 5400 4930
2940 2070 5400 4930
2950 2070 5400 4950
2950 2070 5420 4940
2950 2070 5420 4940
2950 2070 5420 4940
2960 2070 5420 4940
2950 2070 5420 4940
2950 2080 5420 4940
2950 2080 5420 4930
2950 2070 5410 4920
2940 2070 5410 4920
2950 2080 5400 4930
2940 2080 5410 4930
2940 2070 5410 4940
2940 2070 5410 4940
2940 2070 5410 4940
2950 2080 5410 4930
2950 2070 5410 4930
2950 2070 5420 4950
2940 2070 5420 4950
2940 2070 5430 4950
2930 2070 5430 4940
2940 2080 5430 4930
2940 2080 5420 4940
2940 2070 5410 4940
2950 2080 5420 4940
2960 2070 5420 4940
2960 2070 5410 4940
2950 2070 5410 4940
2950 2080 5410 4940
2960 2070 5410 4950
2960 2070 5420 4940
2960 2070 5420 4940
2960 2070 5420 4930
2960 2070 5430 4930
2960 2070 5430 4930
2960 2070 5430 4940
2960 2070 5430 4940
2980 2070 5430 4930
2980 2070 5420 4930
2980 2070 5420 4920
2980 2080 5420 4920
2970 2080 5420 4930
2970 2070 5410 4940
2960 2080 5420 4920
2960 2080 5420 4930
2970 2070 5420 4930
2970 2070 5420 4930
2970 2070 5420 4930
2970 2070 5410 4930
2970 2070 5420 4930
2970 2070 5420 4940
2970 2080 5420 4940
2960 2070 5420 4940
2970 2080 5420 4940
2970 2070 5420 4940
2960 2070 5410 4930
2960 2070 5410 4940
2970 2070 5410 4940
2970 2080 5410 4930
2970 2070 5410 4930
2970 2070 5400 4930
2980 2070 5400 4930
2970 2070 5410 4940
2960 2070 5410 4940
2960 2070 5410 4950
2960 2070 5410 4950
2970 2070 5410 4950
2960 2070 5430 4930
2960 2080 5420 4930
2960 2080 5410 4940
2950 2080 5410 4950
2950 2080 5410 4950
2950 2080 5410 4950
2950 2070 5410 4950
2950 2080 5420 4940
2950 2070 5410 4950
2950 2080 5410 4950
2960 2080 5420 4950
2960 2070 5420 4950
2960 2060 5420 4940
2960 2070 5420 4930
2960 2070 5430 4930
2960 2070 5430 4930
2960 2080 5430 4930
2960 2070 5440 4930
2960 2070 5440 4940
2970 2070 5440 4940
2970 2080 5440 4940
2970 2070 5430 4940
2970 2070 5420 4940
2970 2070 5420 4940
2970 2070 5440 4940
2970 2070 5430 4940
2970 2070 5430 4930
2980 2070 5440 4930
2980 2070 5440 4930
2970 2070 5430 4930
2970 2070 5430 4940
2970 2070 5430 4940
2960 2070 5430 4950
2960 2060 5420 4940
2960 2070 5420 4930
2980 2080 5410 4920
2980 2080 5400 4920
2980 2070 5420 4930
2980 2080 5420 4940
2970 2070 5420 4930
2970 2070 5430 4910
2970 2070 5430 4910
2960 2070 5430 4920
2960 2080 5430 4920
2960 2080 5430 4920
2960 2080 5420 4920
2970 2080 5410 4920
2970 2080 5410 4920
2970 2090 5410 4920
2970 2090 5420 4920
2960 2090 5420 4930
2960 2090 5420 4930
2960 2090 5430 4920
2950 2090 5430 4920
2950 2080 5430 4930
2950 2110 5430 4930
2950 2110 5430 4930
2950 2110 5430 4930
2960 2090 5430 4930
2960 2090 5430 4930
2960 2070 5430 4920
2960 2070 5430 4920
2960 2070 5430 4930
2960 2080 5430 4940
2960 2080 5430 4940
2960 2070 5430 4940
2970 2060 5430 4940
