3550 1490 5700 4690
3550 1470 5700 4690
3550 1470 5690 4710
3550 1490 5690 4720
3560 1490 5690 4710
3560 1460 5690 4710
3560 1460 5690 4710
3560 1460 5690 4710
3560 1470 5690 4710
3560 1470 5690 4710
3560 1470 5690 4700
3560 1490 5690 4700
3560 1490 5690 4700
3560 1500 5690 4700
3550 1470 5690 4700
3550 1470 5690 4700
3560 1470 5690 4710
3560 1450 5690 4720
3560 1450 5700 4710
3560 1460 5700 4710
3550 1460 5700 4710
3550 1450 5700 4700
3550 1460 5700 4700
3550 1460 5700 4700
3550 1460 5700 4700
3560 1490 5700 4700
3560 1490 5700 4700
3570 1470 5700 4700
3570 1470 5700 4700
3550 1490 5700 4690
3550 1490 5700 4680
3550 1500 5700 4680
3550 1500 5690 4680
3550 1500 5680 4680
3550 1500 5680 4680
3560 1500 5680 4690
3560 1500 5690 4680
3560 1490 5690 4680
3560 1470 5690 4680
3560 1490 5690 4680
3560 1500 5690 4700
3550 1470 5690 4700
3550 1470 5690 4700
3550 1490 5690 4710
3550 1470 5700 4710
3560 1470 5700 4710
3560 1490 5700 4710
3560 1500 5700 4710
3560 1490 5700 4710
3560 1490 5700 4700
3560 1470 5700 4700
3570 1470 5700 4700
3570 1470 5700 4700
3570 1470 5700 4700
3570 1460 5690 4690
3570 1450 5690 4700
3570 1450 5690 4700
3560 1460 5690 4700
3560 1460 5690 4710
3550 1490 5690 4690
3550 1490 5690 4710
3550 1490 5690 4710
3560 1490 5690 4710
3560 1490 5690 4710
3560 1470 5690 4710
3560 1470 5690 4710
3560 1470 5690 4710
3570 1460 5690 4710
3570 1470 5690 4710
3570 1470 5690 4710
3570 1470 5690 4710
3570 1490 5690 4700
3570 1490 5690 4700
3570 1470 5690 4710
3560 1460 5690 4690
3570 1460 5700 4690
3570 1460 5700 4690
3570 1470 5700 4690
3570 1490 5700 4700
3570 1490 5700 4710
3570 1470 5690 4710
3570 1490 5690 4700
3570 1490 5690 4710
3580 1490 5680 4710
3580 1490 5680 4710
3580 1490 5680 4710
3580 1500 5690 4690
3580 1500 5690 4700
3570 1500 5690 4700
3570 1510 5690 4710
3570 1510 5690 4710
3560 1510 5690 4710
3560 1490 5690 4710
3560 1490 5690 4710
3560 1460 5690 4700
3570 1460 5690 4710
3570 1450 5690 4710
3560 1450 5690 4710
3560 1450 5690 4710
3560 1460 5690 4710
3560 1460 5690 4690
3570 1460 5690 4690
3570 1470 5690 4680
3570 1470 5690 4680
3570 1470 5680 4700
3560 1470 5690 4700
3560 1470 5690 4700
3570 1470 5690 4700
3570 1460 5700 4700
3570 1470 5690 4700
3570 1470 5690 4720
3580 1470 5690 4720
3570 1460 5690 4700
3570 1470 5690 4720
3570 1460 5690 4710
3570 1460 5690 4710
3560 1490 5690 4710
3560 1500 5700 4700
3560 1500 5700 4690
3560 1490 5690 4690
3560 1470 5690 4710
3560 1460 5690 4700
3560 1460 5690 4700
3560 1460 5690 4710
3550 1470 5690 4710
3550 1470 5680 4710
3550 1460 5680 4700
3550 1450 5680 4710
3550 1460 5690 4710
3550 1470 5690 4710
3550 1490 5690 4720
3560 1470 5690 4710
3560 1470 5690 4710
3560 1470 5690 4710
3560 1470 5690 4700
3560 1460 5690 4700
3560 1460 5690 4700
3560 1470 5690 4710
3560 1460 5700 4720
3550 1470 5690 4710
3550 1470 5690 4720
3560 1470 5690 4710
3570 1450 5700 4710
3570 1460 5700 4700
3560 1470 5700 4700
3560 1470 5690 4700
3560 1490 5680 4710
3570 1500 5680 4710
3560 1500 5690 4720
3560 1490 5690 4710
3570 1490 5690 4710
3570 1460 5690 4730
3570 1470 5690 4710
3560 1490 5690 4720
3560 1460 5700 4700
3560 1460 5700 4700
3550 1470 5700 4710
3550 1470 5700 4710
3550 1470 5700 4710
3550 1470 5700 4710
3550 1470 5690 4710
3550 1460 5690 4700
3550 1470 5690 4710
3550 1470 5690 4710
3560 1460 5690 4710
3560 1470 5690 4700
3550 1490 5680 4690
3550 1490 5680 4690
3550 1490 5690 4700
3560 1490 5690 4690
3560 1470 5690 4700
3550 1470 5690 4700
3550 1470 5690 4690
3550 1460 5690 4690
3550 1470 5690 4700
3550 1470 5690 4710
3550 1470 5700 4710
3550 1470 5700 4700
3550 1450 5700 4700
3550 1470 5700 4700
3550 1470 5700 4700
3550 1490 5700 4710
3560 1490 5700 4720
3550 1500 5700 4720
3550 1490 5700 4720
