3690 1740 5230 4240
3690 1750 5230 4240
3700 1750 5230 4240
3710 1750 5230 4230
3700 1750 5230 4230
3700 1760 5230 4240
3690 1760 5210 4240
3690 1760 5210 4240
3700 1750 5210 4240
3700 1750 5240 4240
3700 1740 5250 4240
3700 1750 5250 4250
3680 1740 5230 4240
3680 1740 5210 4250
3680 1740 5240 4250
3680 1740 5240 4250
3680 1740 5210 4250
3690 1740 5210 4240
3690 1750 5210 4240
3690 1750 5230 4240
3690 1750 5230 4250
3680 1750 5230 4250
3650 1770 5210 4240
3650 1770 5210 4240
3670 1770 5210 4240
3670 1770 5210 4250
3670 1770 5240 4250
3690 1770 5240 4240
3690 1770 5250 4240
3690 1760 5240 4240
3690 1760 5230 4240
3690 1760 5210 4230
3690 1750 5210 4240
3690 1750 5210 4250
3680 1760 5240 4240
3680 1750 5240 4240
3690 1750 5230 4250
3690 1750 5230 4250
3690 1750 5240 4240
3690 1750 5240 4240
3690 1750 5230 4240
3690 1750 5230 4230
3690 1750 5240 4230
3690 1750 5240 4230
3690 1750 5240 4240
3690 1740 5240 4250
3690 1740 5240 4250
3690 1760 5240 4240
3700 1750 5230 4240
3700 1760 5240 4240
3700 1750 5240 4240
3700 1740 5240 4240
3700 1750 5240 4240
3700 1750 5250 4240
3690 1760 5240 4240
3690 1760 5230 4250
3690 1750 5230 4250
3690 1750 5210 4250
3680 1750 5210 4240
3680 1750 5200 4240
3680 1750 5210 4250
3680 1760 5210 4260
3680 1760 5210 4260
3690 1760 5210 4250
3690 1750 5230 4260
3690 1750 5210 4260
3690 1740 5210 4250
3690 1740 5210 4240
3700 1740 5230 4240
3700 1740 5230 4240
3700 1750 5230 4260
3700 1750 5250 4260
3700 1750 5250 4250
3690 1760 5250 4260
3690 1760 5240 4260
3680 1750 5240 4260
3690 1750 5240 4260
3690 1740 5230 4250
3690 1740 5230 4250
3690 1750 5230 4250
3690 1750 5210 4240
3690 1750 5210 4240
3690 1740 5210 4240
3690 1760 5210 4240
3690 1760 5210 4240
3690 1750 5210 4250
3690 1750 5210 4240
3700 1750 5210 4250
3700 1750 5200 4250
3690 1760 5200 4240
3690 1760 5200 4250
3690 1750 5200 4240
3690 1750 5200 4240
3690 1750 5200 4240
3690 1750 5200 4240
3690 1760 5200 4240
3680 1750 5200 4240
3690 1750 5200 4240
3700 1740 5230 4240
3690 1740 5210 4240
3690 1740 5210 4240
3690 1740 5210 4240
3690 1750 5210 4240
3680 1750 5230 4240
3680 1750 5210 4240
3680 1760 5210 4240
3690 1760 5210 4240
3690 1760 5210 4240
3690 1760 5210 4240
3700 1750 5200 4240
3690 1750 5210 4240
3690 1750 5210 4240
3690 1750 5210 4250
3680 1750 5210 4250
3680 1760 5210 4250
3680 1750 5210 4250
3690 1750 5230 4250
3700 1750 5230 4250
3690 1760 5240 4250
3690 1760 5240 4260
3700 1760 5240 4260
3700 1750 5250 70
3690 1760 5240 4250
3690 1760 5230 4260
3690 1750 5250 4250
3690 1770 5240 4250
3690 1780 5230 4250
3700 1770 5230 4250
3700 1760 5230 4240
3710 1770 5230 4250
3710 1770 5230 4240
3700 1770 5240 4240
3700 1760 5240 4240
3700 1750 5230 4250
3700 1740 5210 4240
3700 1750 5210 4240
3700 1750 5210 4250
3700 1770 5210 4250
3690 1760 5230 4250
3690 1770 5230 4260
3680 1770 5230 4260
3680 1760 5230 4260
3680 1750 5210 4260
3680 1750 5210 4250
3690 1760 5230 4250
3690 1760 5230 4250
3690 1750 5230 4250
3690 1750 5230 4250
3700 1750 5210 4270
3700 1750 5210 4270
3700 1770 5210 4260
3700 1760 5210 4260
3690 1760 5210 4250
3690 1750 5210 4260
3690 1740 5230 4260
3690 1740 5210 4260
3690 1750 5210 4260
3690 1760 5210 4250
3690 1760 5210 4250
3690 1760 5210 4250
3690 1760 5210 4250
3690 1760 5210 4250
3690 1760 5210 4250
3680 1770 5240 4250
3690 1760 5240 4240
3690 1760 5230 4240
3690 1760 5240 4240
3690 1760 5230 4240
3690 1760 5230 4240
3690 1750 5210 4250
3700 1750 5210 4250
3700 1750 5210 4250
3700 1750 5210 4250
3690 1760 5210 4240
3690 1750 5210 4240
3680 1750 5210 4240
3680 1750 5210 4240
3690 1740 5210 4240
3690 1740 5210 4240
3700 1740 5210 4240
3700 1760 5230 4240
3700 1760 5230 4250
3700 1750 5210 4250
3690 1750 5240 4250
3680 1760 5240 4250
3690 1760 5240 4250
3690 1750 5230 4250
3700 1770 5240 4250
3700 1770 5210 4250
3700 1760 5230 4240
3700 1760 5210 4240
