3850 2060 4850 3830
3850 2060 4860 3830
3850 2070 4860 3820
3840 2070 4860 3840
3840 2080 4860 3830
3840 2080 4860 3830
3840 2080 4860 3830
3860 2060 4860 3840
3850 2070 4860 3840
3860 2060 4860 3850
3860 2060 4870 3840
3860 2060 4860 3820
3850 2060 4860 3830
3850 2050 4860 3850
3840 2040 4860 3860
3840 2040 4860 3850
3850 2050 4860 3830
3860 2050 4860 3850
3870 2070 4860 3820
3870 2070 4860 3830
3880 2060 4860 3820
3870 2050 4860 3830
3860 2050 4860 3840
3860 2050 4860 3840
3860 2040 4860 3870
3860 2030 4860 3860
3850 2050 4860 3850
3860 2050 4860 3850
3860 2050 4860 3860
3860 2040 4860 3840
3860 2040 4860 3840
3870 2040 4860 3840
3860 2060 4860 3830
3850 2050 4860 3820
3850 2050 4860 3830
3850 2050 4860 3830
3860 2050 4860 3830
3880 2040 4860 3820
3870 2050 4860 3830
3870 2050 4860 3840
3870 2050 4860 3840
3870 2050 4860 3840
3860 2040 4870 3840
3860 2040 4860 3840
3860 2040 4860 3850
3860 2050 4860 3840
3860 2060 4860 3830
3860 2050 4860 3820
3860 2050 4860 3810
3850 2040 4860 3810
3850 2060 4860 3830
3850 2060 4870 3840
3850 2050 4860 3830
3840 2050 4870 3840
3860 2060 4870 3840
3860 2060 4860 3840
3850 2060 4860 3820
3850 2050 4860 3840
3870 2050 4850 3840
3870 2050 4850 3830
3870 2050 4850 3820
3850 2070 4850 3820
3840 2060 4850 3830
3840 2050 4850 3840
3850 2050 4850 3840
3860 2060 4860 3840
3850 2050 4860 3820
3860 2050 4860 3820
3860 2050 4870 3800
3860 2050 4870 3800
3850 2060 4870 3810
3850 2050 4860 3820
3850 2060 4860 3830
3850 2060 4860 3820
3860 2060 4860 3820
3860 2060 4860 3820
3850 2050 4850 3810
3850 2050 4840 3830
3850 2060 4840 3820
3850 2060 4850 3830
3850 2050 4860 3830
3850 2040 4860 3820
3850 2040 4860 3810
3840 2040 4860 3830
3850 2040 4860 3820
3850 2050 4860 3820
3860 2040 4870 3830
3860 2040 4860 3830
3860 2050 4860 3850
3850 2060 4860 3840
3860 2060 4860 3830
3850 2050 4860 3830
3850 2050 4860 3820
3860 2040 4860 3810
3860 2040 4860 3810
3860 2040 4860 3820
3860 2040 4870 3830
3860 2040 4860 3820
3860 2040 4860 3810
3860 2040 4870 3820
3860 2040 4870 3830
3860 2060 4870 3840
3860 2080 4860 3840
3860 2070 4860 3830
3870 2090 4860 3840
3870 2080 4860 3830
3870 2070 4860 3820
3870 2070 4860 3810
3860 2070 4860 3810
3860 2070 4850 3820
3860 2060 4850 3830
3850 2050 4850 3820
3850 2060 4860 3830
3850 2050 4870 3830
3860 2060 4870 3850
3870 2050 4860 3830
3870 2050 4870 3830
3860 2050 4860 3830
3860 2060 4860 3820
3850 2050 4860 3820
3850 2050 4860 3820
3850 2050 4870 3820
3850 2060 4860 3810
3860 2070 4860 3820
3870 2070 4860 3820
3870 2060 4870 3820
3860 2070 4870 3830
3860 2070 4860 3830
3860 2070 4850 3840
3870 2070 4860 3820
3870 2050 4860 3820
3850 2050 4860 3840
3860 2040 4870 3830
3870 2040 4870 3840
3870 2040 4870 3850
3870 2050 4860 3860
3860 2050 4860 3840
3860 2060 4860 3840
3860 2050 4860 3830
3860 2070 4860 3830
3850 2060 4870 3830
3850 2060 4860 3830
3840 2060 4860 3820
3850 2070 4870 3840
3850 2070 4860 3820
3860 2070 4860 3840
3850 2070 4860 3840
3850 2070 4860 3830
3850 2070 4860 3830
3850 2070 4860 3830
3860 2070 4860 3830
3860 2070 4860 3830
3860 2060 4860 3840
3860 2070 4870 3840
3850 2070 4870 3840
3860 2050 4870 3830
3860 2050 4860 3840
3870 2050 4860 3840
3870 2050 4860 3830
3870 2050 4860 3850
3870 2040 4860 3840
3870 2040 4850 3820
3880 2050 4860 3820
3870 2050 4860 3830
3860 2040 4860 3830
3860 2040 4850 3850
3860 2040 4850 3840
3850 2040 4850 3840
3850 2060 4850 3840
3850 2050 4860 3840
3840 2070 4860 3830
3840 2060 4860 3820
3850 2040 4860 3820
3850 2040 4870 3830
3850 2040 4870 3840
3830 2050 4870 3840
