2440 4060 3460 4540
2440 4060 3450 4540
2430 4060 3460 4520
2430 4070 3470 4540
2450 4060 3470 4540
2450 4050 3470 4540
2450 4040 3470 4540
2450 4050 3470 4540
2440 4060 3470 4540
2440 4050 3460 4540
2440 4050 3460 4540
2440 4060 3460 4540
2430 4050 3460 4540
2430 4060 3460 4540
2430 4060 3460 4540
2440 4060 3460 4540
2440 4070 3460 4540
2450 4060 3460 4540
2440 4060 3460 4540
2440 4060 3470 4540
2440 4060 3470 4540
2440 4070 3470 4540
2440 4070 3470 4540
2440 4070 3480 4540
2440 4060 3480 4540
2450 4060 3480 4540
2460 4060 3480 4540
2460 4060 3470 4540
2450 4070 3470 4540
2440 4060 3470 4540
2450 4050 3460 4540
2450 4040 3460 4540
2450 4040 3460 4540
2440 4060 3470 4540
2440 4060 3470 4530
2450 4060 3470 4530
2440 4060 3470 4530
2440 4050 3460 4530
2440 4040 3460 4530
2440 4050 3460 4530
2440 4040 3460 4530
2440 4040 3460 4530
2440 4050 3460 4530
2450 4050 3460 4540
2450 4050 3460 4540
2440 4050 3460 4540
2430 4040 3460 4540
2420 4050 3460 4540
2420 4060 3460 4530
2430 4070 3460 4530
2420 4070 3470 4540
2420 4060 3470 4540
2430 4060 3470 4530
2440 4050 3460 4540
2440 4050 3460 4540
2430 4050 3470 4540
2440 4050 3460 4540
2450 4040 3460 4530
2450 4030 3470 4530
2440 4040 3470 4530
2440 4050 3460 4540
2430 4060 3460 4540
2430 4060 3460 4540
2440 4050 3460 4540
2440 4050 3460 4540
2440 4040 3460 4530
2440 4050 3460 4530
2440 4050 3460 4530
2440 4060 3460 4530
2440 4060 3460 4540
2440 4060 3460 4540
2440 4070 3460 4540
2440 4070 3460 4540
2440 4060 3460 4550
2440 4060 3460 4540
2440 4060 3460 4540
2430 4060 3460 4550
2430 4060 3460 4540
2420 4060 3460 4540
2430 4060 3460 4540
2430 4070 3460 4540
2420 4070 3460 4540
2430 4070 3460 4540
2430 4070 3460 4540
2430 4060 3460 4540
2430 4050 3460 4540
2430 4050 3460 4540
2440 4060 3460 4540
2440 4050 3460 4540
2450 4060 3460 4540
2450 4060 3460 4540
2450 4060 3460 4540
2450 4050 3460 4540
2450 4050 3460 4540
2450 4060 3460 4530
2450 4060 3460 4530
2450 4070 3460 4530
2450 4070 3460 4530
2450 4070 3470 4540
2440 4060 3470 4540
2430 4060 3470 4540
2430 4060 3470 4530
2430 4050 3460 4540
2430 4060 3450 4550
2430 4060 3450 4550
2430 4060 3460 4550
2430 4060 3460 4540
2430 4060 3460 4540
2440 4060 3460 4540
2450 4060 3460 4540
2440 4060 3460 4540
2440 4070 3460 4540
2440 4070 3460 4540
2440 4070 3460 4530
2440 4050 3460 4530
2440 4040 3460 4540
2440 4050 3460 4540
2430 4040 3470 4540
2440 4040 3460 4540
2450 4030 3460 4540
2450 4030 3460 4540
2450 4040 3460 4540
2450 4050 3470 4540
2450 4050 3470 4540
2440 4040 3470 4540
2440 4040 3470 4540
2430 4050 3470 4540
2450 4040 3460 4540
2450 4050 3460 4540
2450 4050 3460 4540
2450 4060 3460 4540
2450 4050 3460 4540
2440 4060 3460 4540
2440 4060 3460 4530
2440 4060 3460 4540
2440 4060 3460 4550
2450 4060 3450 4540
2450 4060 3450 4540
2440 4060 3450 4530
2440 4050 3460 4530
2440 4060 3460 4540
2440 4060 3460 4540
2440 4050 3450 4540
2440 4050 3450 4540
2440 4060 3460 4530
2420 4050 3460 4530
2430 4030 3460 4540
2430 4040 3460 4530
2430 4040 3470 4540
2430 4050 3470 4540
2440 4050 3470 4540
2440 4050 3470 4540
2440 4040 3470 4540
2440 4030 3470 4540
2450 4040 3470 4540
2450 4050 3470 4540
2450 4050 3470 4540
2440 4050 3470 4540
2440 4060 3470 4540
2440 4060 3470 4550
2440 4060 3470 4550
2430 4070 3470 4540
2430 4070 3470 4540
2430 4070 3470 4540
2440 4050 3470 4540
2450 4050 3470 4540
2440 4050 3470 4540
2440 4060 3460 4540
2440 4060 3460 4540
2430 4060 3460 4540
2420 4060 3460 4540
2420 4060 3460 4540
2420 4060 3450 4540
2420 4060 3450 4530
2420 4050 3450 4530
