4080 2490 4500 3290
4080 2490 4500 3300
4080 2480 4500 3300
4080 2480 4500 3300
4080 2490 4500 3300
4090 2480 4510 3300
4080 2500 4510 3300
4070 2500 4510 3300
4070 2500 4520 3300
4090 2490 4520 3300
4080 2480 4520 3300
4080 2490 4520 3300
4080 2490 4510 3300
4120 2500 4520 3300
4130 2500 4520 3300
4110 2490 4520 3300
4090 2490 4520 3300
4090 2490 4510 3300
4080 2490 4500 3300
4080 2490 4500 3300
4080 2500 4500 3300
4080 2500 4510 3300
4080 2500 4520 3300
4080 2500 4510 3300
4080 2500 4520 3310
4080 2500 4520 3300
4080 2500 4520 3300
4080 2500 4510 3300
4090 2490 4510 3290
4100 2490 4520 3300
4100 2490 4520 3300
4100 2490 4510 3290
4090 2500 4520 3300
4080 2490 4500 3310
4090 2480 4510 3310
4090 2480 4500 3300
4080 2490 4520 3310
4080 2480 4520 3320
4080 2470 4530 3310
4090 2470 4530 3310
4100 2470 4530 3300
4090 2470 4520 3300
4100 2480 4500 3300
4100 2480 4510 3310
4090 2470 4520 3310
4100 2480 4520 3310
4090 2480 4510 3310
4090 2490 4500 3310
4090 2490 4510 3300
4080 2490 4520 3300
4080 2480 4510 3310
4080 2480 4510 3320
4100 2480 4500 3320
4090 2480 4500 3310
4100 2480 4500 3310
4090 2470 4500 3310
4090 2470 4510 3310
4080 2480 4500 3300
4090 2480 4500 3300
4090 2490 4500 3300
4090 2500 4510 3300
4090 2500 4520 3300
4090 2500 4520 3300
4090 2500 4520 3300
4080 2500 4520 3300
4090 2490 4530 3300
4090 2490 4520 3310
4090 2480 4520 3310
4090 2480 4510 3310
4090 2470 4510 3310
4090 2480 4510 3300
4090 2480 4520 3300
4090 2480 4520 3300
4090 2480 4520 3300
4090 2490 4520 3300
4090 2490 4520 3300
4090 2490 4500 3300
4090 2490 4500 3300
4090 2490 4500 3310
4090 2490 4500 3310
4090 2500 4510 3310
4100 2490 4520 3310
4080 2480 4520 3300
4080 2490 4520 3300
4080 2490 4500 3300
4080 2490 4510 3300
4080 2490 4510 3310
4080 2490 4510 3310
4080 2490 4500 3310
4080 2500 4520 3310
4090 2500 4520 3300
4080 2500 4510 3300
4080 2510 4500 3300
4080 2510 4490 3310
4080 2500 4500 3310
4080 2490 4510 3310
4080 2470 4520 3300
4100 2470 4520 3300
4090 2480 4520 3300
4100 2490 4510 3290
4090 2490 4510 3290
4090 2490 4520 3300
4090 2490 4520 3310
4080 2490 4520 3310
4080 2480 4520 3310
4090 2480 4520 3300
4080 2480 4510 3300
4100 2480 4520 3310
4090 2470 4510 3310
4080 2480 4510 3310
4090 2490 4510 3310
4090 2500 4510 3310
4090 2500 4510 3310
4080 2500 4500 3310
4080 2500 4500 3310
4080 2490 4500 3310
4080 2490 4510 3300
4090 2480 4510 3300
4090 2480 4520 3300
4100 2470 4520 3310
4090 2480 4510 3310
4090 2490 4510 3300
4090 2490 4510 3300
4090 2490 4510 3300
4090 2490 4520 3300
4090 2490 4520 3300
4090 2490 4520 3300
4100 2500 4520 3300
4100 2500 4510 3300
4090 2500 4510 3310
4090 2500 4510 3310
4090 2510 4510 3310
4090 2510 4520 3310
4090 2510 4510 3310
4090 2500 4520 3310
4090 2500 4520 3310
4090 2500 4520 3310
4090 2490 4520 3310
4090 2500 4520 3310
4090 2500 4510 3300
4080 2500 4510 3290
4090 2490 4500 3290
4090 2490 4500 3290
4100 2490 4510 3300
4100 2480 4510 3300
4090 2480 4510 3300
4090 2480 4520 3300
4100 2480 4530 3300
4090 2490 4540 3300
4090 2500 4540 3290
4090 2500 4530 3300
4090 2500 4540 3310
4080 2500 4530 3310
4080 2490 4520 3300
4080 2490 4520 3310
4080 2490 4510 3310
4090 2490 4510 3300
4100 2500 4520 3300
4100 2490 4520 3300
4090 2490 4520 3290
4090 2480 4510 3300
4090 2490 4510 3300
4090 2490 4510 3300
4080 2470 4500 3320
4090 2460 4500 3300
4090 2480 4510 3300
4090 2490 4500 3300
4090 2490 4500 3300
4100 2480 4510 3290
