4380 2890 4160 2840
4370 2890 4160 2840
4370 2890 4160 2850
4390 2900 4170 2850
4380 2910 4170 2830
4370 2920 4170 2840
4380 2930 4170 2850
4380 2930 4170 2860
4380 2930 4170 2870
4380 2930 4170 2870
4370 2930 4160 2870
4370 2930 4160 2880
4380 2930 4160 2870
4370 2940 4160 2860
4390 2940 4160 2860
4390 2940 4160 2860
4390 2940 4160 2860
4380 2940 4170 2860
4370 2940 4170 2850
4370 2940 4180 2870
4370 2940 4160 2870
4370 2940 4160 2870
4360 2930 4160 2870
4370 2920 4170 2860
4360 2920 4160 2870
4360 2940 4160 2850
4370 2940 4160 2840
4380 2930 4160 2850
4370 2920 4170 2840
4370 2920 4170 2850
4360 2920 4160 2840
4360 2920 4160 2840
4380 2920 4170 2840
4380 2920 4170 2840
4370 2920 4170 2840
4370 2920 4160 2850
4370 2920 4150 2870
4370 2920 4150 2870
4380 2920 4160 2860
4380 2920 4160 2870
4390 2930 4160 2890
4380 2940 4160 2890
4370 2940 4160 2880
4370 2930 4160 2880
4370 2920 4160 2870
4360 2920 4170 2870
4370 2920 4160 2860
4370 2920 4160 2850
4370 2920 4150 2850
4370 2920 4160 2840
4370 2920 4160 2840
4370 2930 4160 2850
4370 2930 4160 2860
4370 2930 4160 2870
4360 2930 4170 2870
4350 2940 4170 2870
4350 2930 4170 2870
4350 2930 4180 2870
4370 2930 4180 2870
4360 2930 4180 2880
4370 2940 4170 2860
4370 2940 4170 2870
4370 2940 4170 2860
4380 2930 4170 2860
4390 2940 4160 2850
4390 2930 4160 2850
4390 2930 4150 2860
4380 2930 4160 2860
4380 2930 4160 2850
4380 2930 4170 2850
4380 2930 4170 2850
4390 2930 4170 2850
4380 2930 4170 2850
4370 2920 4170 2850
4370 2910 4170 2870
4380 2920 4180 2860
4390 2920 4170 2860
4390 2910 4170 2860
4390 2920 4170 2860
4370 2920 4160 2860
4370 2920 4160 2860
4380 2920 4160 2860
4370 2920 4160 2870
4390 2920 4170 2870
4380 2920 4170 2870
4370 2920 4170 2870
4370 2920 4170 2860
4360 2920 4170 2860
4380 2920 4170 2860
4380 2920 4170 2860
4380 2920 4170 2860
4380 2920 4160 2870
4370 2920 4170 2860
4370 2940 4170 2860
4360 2940 4180 2860
4360 2940 4170 2860
4370 2930 4180 2870
4370 2910 4180 2880
4380 2910 4180 2890
4380 2910 4170 2890
4380 2910 4170 2880
4370 2910 4170 2870
4370 2910 4170 2870
4370 2910 4170 2870
4370 2910 4160 2860
4360 2910 4170 2870
4370 2920 4180 2870
4360 2920 4170 2850
4380 2920 4160 2860
4380 2920 4170 2850
4380 2920 4170 2850
4380 2910 4170 2860
4380 2910 4170 2860
4360 2910 4180 2860
4370 2920 4170 2850
4380 2910 4170 2850
4380 2920 4170 2840
4380 2910 4170 2840
4380 2910 4170 2840
4380 2910 4170 2840
4370 2890 4170 2850
4370 2890 4170 2860
4380 2890 4170 2860
4360 2900 4170 2850
4370 2900 4160 2850
4360 2900 4170 2860
4370 2890 4170 2860
4360 2890 4170 2870
4370 2900 4170 2860
4360 2900 4170 2850
4350 2900 4170 2860
4360 2900 4160 2860
4370 2900 4170 2860
4370 2920 4170 2850
4380 2920 4170 2850
4370 2910 4170 2850
4380 2910 4170 2850
4380 2910 4170 2840
4380 2910 4170 2840
4380 2900 4170 2850
4390 2900 4170 2860
4390 2910 4170 2850
4380 2910 4170 2860
4380 2910 4170 2850
4380 2910 4160 2850
4370 2910 4170 2850
4370 2920 4180 2860
4370 2910 4180 2870
4380 2910 4170 2870
4380 2910 4170 2880
4370 2910 4170 2860
4380 2910 4180 2860
4380 2910 4180 2850
4370 2920 4180 2850
4370 2920 4170 2860
4360 2910 4170 2850
4360 2910 4170 2860
