4660 3330 3910 2430
4660 3330 3910 2450
4660 3330 3900 2450
4670 3330 3900 2450
4660 3330 3910 2460
4650 3320 3900 2460
4660 3310 3910 2440
4680 3310 3910 2440
4680 3310 3910 2440
4670 3310 3900 2440
4660 3320 3890 2450
4660 3320 3900 2450
4660 3330 3890 2460
4650 3330 3890 2470
4650 3330 3890 2460
4660 3330 3900 2450
4660 3330 3900 2450
4650 3330 3890 2450
4650 3330 3890 2460
4670 3330 3890 2440
4670 3330 3890 2440
4660 3360 3910 2440
4660 3340 3900 2450
4660 3340 3900 2460
4650 3340 3900 2440
4670 3340 3900 2440
4660 3340 3900 2440
4660 3340 3900 2430
4660 3330 3900 2430
4660 3330 3910 2440
4660 3340 3910 2440
4660 3330 3910 2450
4660 3330 3900 2460
4660 3330 3900 2450
4660 3330 3910 2450
4660 3320 3910 2440
4660 3330 3910 2440
4660 3330 3900 2430
4670 3330 3890 2440
4670 3330 3890 2440
4670 3330 3890 2440
4660 3330 3880 2450
4660 3330 3880 2450
4650 3330 3880 2450
4660 3340 3900 2450
4650 3340 3890 2440
4660 3360 3880 2440
4670 3340 3900 2440
4680 3330 3910 2440
4670 3330 3910 2450
4670 3330 3910 2450
4660 3330 3910 2450
4660 3330 3900 2440
4660 3330 3900 2440
4660 3330 3900 2450
4670 3320 3890 2450
4670 3320 3890 2450
4660 3320 3890 2450
4680 3330 3900 2450
4670 3330 3900 2430
4660 3330 3900 2430
4660 3330 3890 2440
4660 3330 3900 2450
4660 3330 3900 2450
4660 3330 3900 2450
4680 3340 3890 2450
4680 3340 3890 2440
4680 3360 3900 2440
4680 3340 3900 2450
4680 3340 3890 2440
4680 3330 3890 2440
4680 3330 3890 2440
4670 3330 3890 2440
4670 3330 3890 2440
4670 3330 3910 2450
4660 3330 3900 2450
4670 3330 3910 2450
4660 3330 3910 2450
4660 3330 3900 2450
4660 3330 3900 2450
4660 3330 3900 2440
4670 3330 3900 2440
4670 3330 3900 2440
4670 3330 3900 2430
4670 3330 3900 2420
4660 3330 3900 2430
4670 3330 3910 2440
4660 3330 3910 2430
4660 3330 3910 2430
4660 3330 3910 2430
4660 3330 3910 2440
4660 3330 3910 2430
4670 3330 3910 2440
4680 3330 3910 2430
4670 3330 3910 2420
4670 3330 3910 2430
4680 3330 3910 2440
4680 3330 3910 2440
4680 3340 3910 2440
4670 3330 3910 2450
4660 3330 3900 2450
4660 3330 3890 2450
4670 3330 3890 2450
4670 3330 3890 2450
4670 3330 3890 2450
4670 3330 3900 2450
4670 3330 3900 2450
4660 3330 3910 2450
4670 3330 3910 2440
4660 3330 3900 2440
4660 3330 3900 2440
4660 3330 3900 2440
4660 3330 3900 2440
4660 3330 3890 2440
4650 3330 3890 2450
4660 3330 3900 2440
4660 3330 3900 2440
4670 3330 3900 2440
4680 3330 3900 2440
4680 3330 3900 2430
4670 3330 3900 2420
4670 3330 3900 2430
4670 3330 3900 2420
4660 3330 3900 2420
4670 3330 3900 2430
4670 3330 3900 2440
4670 3330 3910 2440
4660 3330 3910 2450
4660 3340 3900 2440
4670 3330 3900 2450
4660 3330 3890 2430
4670 3330 3900 2440
4670 3330 3900 2450
4680 3330 3890 2450
4680 3330 3900 2450
4680 3330 3900 2450
4680 3330 3900 2450
4690 3330 3890 2450
4680 3330 3890 2440
4680 3330 3890 2460
4670 3330 3890 2450
4670 3330 3900 2440
4670 3330 3900 2450
4670 3330 3900 2450
4670 3330 3900 2450
4670 3330 3900 2450
4670 3330 3900 2450
4670 3330 3900 2430
4670 3330 3900 2420
4660 3330 3900 2430
4670 3330 3910 2420
4670 3340 3900 2420
4680 3360 3900 2420
4680 3360 3900 2420
4670 3360 3900 2430
4670 3340 3900 2420
4660 3340 3900 2420
4660 3330 3900 2430
4650 3330 3900 2420
4670 3340 3900 2440
4660 3330 3910 2430
4660 3330 3900 2440
4670 3340 3910 2440
4670 3340 3900 2450
4660 3340 3900 2440
4660 3340 3900 2440
4670 3330 3880 2440
4660 3330 3880 2440
4660 3330 3880 2430
4670 3330 3890 2420
4660 3340 3890 2440
4660 3330 3890 2450
4650 3330 3890 2440
4650 3340 3900 2430
4650 3340 3900 2430
4650 3340 3900 2440
4660 3340 3900 2440
4660 3370 3900 2440
4650 3330 3900 2440
4650 3340 3900 2450
4640 3340 3900 2450
4650 3330 3900 2440
4650 3340 3910 2430
4660 3340 3910 2430
4650 3340 3910 2430
4650 3330 3910 2420
4660 3330 3910 2430
4660 3330 3910 2430
4660 3330 3910 2430
4660 3340 3910 2440
4650 3340 3910 2430
4650 3340 3910 2430
