5020 3790 3740 2050
5040 3800 3750 2050
5020 3800 3740 2050
5020 3800 3740 2050
5020 3810 3730 2050
5020 3810 3740 2050
5020 3810 3740 2050
5020 3810 3740 2050
5030 3810 3740 2050
5020 3790 3740 2050
5030 3780 3740 2050
5030 3770 3740 2050
5030 3780 3740 2060
5020 3760 3740 2060
5020 3760 3740 2060
5010 3770 3740 2060
5010 3780 3740 2060
5010 3780 3740 2060
5010 3780 3740 2060
5010 3790 3740 2060
5020 3800 3730 2060
5020 3790 3730 2060
5010 3790 3740 2050
5000 3790 3740 2050
5000 3800 3740 2060
5000 3780 3740 2060
5000 3790 3740 2060
5000 3770 3750 2050
4990 3770 3750 2050
5010 3780 3750 2060
5010 3780 3750 2050
5000 3770 3740 2060
5000 3770 3750 2060
5010 3780 3750 2060
5010 3780 3750 2040
5010 3780 3760 2050
5000 3790 3760 2050
5010 3790 3750 2050
5020 3790 3750 2050
5020 3790 3750 2060
5020 3790 3760 2060
5010 3770 3740 2050
5000 3770 3750 2060
5010 3770 3750 2060
5010 3770 3740 2050
5020 3790 3750 2060
5020 3800 3750 2060
5010 3790 3760 2050
5010 3790 3750 2060
5020 3790 3750 2060
5020 3790 3750 2060
5020 3800 3750 2060
5020 3770 3750 2060
5010 3760 3750 2050
5000 3760 3750 2050
5000 3770 3740 2050
5010 3780 3750 2040
5010 3770 3750 2050
5000 3770 3750 2040
5000 3770 3750 2040
5000 3770 3750 2040
5010 3780 3750 2050
5010 3800 3750 2050
5000 3790 3740 2060
5020 3780 3740 2060
5020 3790 3740 2060
5020 3790 3740 2060
5020 3770 3740 2060
5020 3770 3740 2060
5020 3760 3740 2070
5020 3770 3750 2060
5010 3780 3750 2060
5020 3780 3750 2050
5020 3790 3760 2050
5010 3800 3760 2050
5010 3800 3750 2050
5010 3800 3750 2050
5010 3780 3750 2060
5010 3800 3750 2060
5010 3800 3750 2060
5020 3800 3750 2050
5010 3810 3750 2060
5010 3800 3750 2060
5010 3800 3750 2060
5010 3800 3750 2060
5010 3790 3750 2050
5020 3790 3750 2050
5020 3790 3750 2050
5020 3800 3750 2040
5020 3800 3750 2040
5020 3790 3760 2040
5020 3770 3750 2050
5030 3780 3750 2050
5030 3790 3750 2050
5030 3780 3750 2060
5020 3770 3750 2060
5020 3780 3740 2070
5020 3780 3740 2060
5020 3780 3750 2050
5020 3780 3750 2050
5020 3770 3740 2050
5020 3750 3750 2050
5030 3750 3750 2050
5030 3750 3750 2050
5040 3750 3750 2050
5030 3750 3750 2050
5030 3770 3750 2060
5020 3770 3750 2060
5020 3780 3750 2060
5020 3780 3750 2060
5020 3780 3750 2050
5020 3790 3750 2050
5020 3790 3750 2060
5020 3780 3760 2060
5020 3790 3760 2060
5020 3790 3760 2050
5030 3790 3760 2050
5020 3790 3760 2060
5030 3780 3760 2070
5020 3800 3760 2070
5020 3800 3760 2070
5020 3780 3760 2060
5010 3780 3760 2060
5000 3780 3750 2060
5000 3770 3750 2060
5020 3780 3750 2060
5020 3770 3750 2060
5020 3800 3750 2060
5020 3780 3750 2060
5020 3790 3750 2060
5010 3770 3740 2050
5030 3790 3730 2040
5020 3780 3740 2040
5020 3790 3740 2040
5010 3790 3740 2040
5010 3770 3740 2040
5040 3770 3750 2040
5030 3780 3750 2040
5030 3780 3750 2040
5020 3780 3750 2040
5020 3770 3750 2040
5030 3770 3750 2040
5020 3760 3750 2050
5020 3770 3740 2050
5030 3780 3740 2050
5030 3780 3740 2050
5020 3780 3740 2050
5020 3790 3740 2060
5020 3790 3740 2060
5020 3800 3750 2060
5020 3790 3750 2050
5020 3790 3750 2050
5020 3790 3750 2050
5020 3790 3740 2060
5020 3780 3740 2050
5020 3790 3740 2060
5020 3790 3740 2060
5030 3790 3740 2060
5020 3790 3740 2070
5020 3790 3740 2060
5030 3790 3750 2060
5020 3790 3740 2050
5020 3790 3750 2050
5030 3800 3750 2050
5030 3790 3750 2060
5030 3780 3740 2050
5020 3790 3740 2060
5020 3790 3740 2060
5030 3770 3740 2060
5030 3770 3740 2060
5040 3770 3740 2060
5040 3790 3740 2050
5030 3790 3750 2050
5020 3780 3740 2050
5020 3780 3750 2050
5020 3790 3750 2050
5020 3800 3750 2050
5020 3800 3750 2050
