5400 4220 3510 1710
5400 4240 3510 1710
5400 4230 3520 1710
5400 4230 3520 1720
5400 4230 3520 1720
5400 4240 3520 1710
5400 4240 3510 1700
5410 4240 3510 1700
5410 4240 3510 1700
5410 4250 3520 1700
5410 4260 3520 1700
5410 4260 3520 1710
5410 4260 3510 1710
5410 4260 3510 1710
5410 4250 3510 1710
5410 4240 3510 1710
5410 4240 3510 1710
5410 4250 3520 1710
5410 4240 3510 1710
5410 4250 3510 1710
5410 4260 3510 1700
5400 4260 3510 1700
5400 4260 3510 1700
5420 4240 3520 1710
5400 4240 3520 1700
5400 4230 3520 1700
5400 4230 3520 1700
5400 4230 3520 1710
5400 4230 3530 1700
5410 4230 3530 1700
5410 4240 3530 1710
5410 4250 3510 1710
5410 4260 3510 1710
5410 4250 3520 1700
5410 4250 3520 1700
5400 4260 3520 1710
5410 4260 3530 1700
5400 4260 3530 1700
5420 4250 3520 1720
5420 4240 3520 1710
5420 4230 3530 1710
5410 4220 3530 1710
5410 4240 3520 1720
5410 4240 3520 1710
5410 4240 3520 1700
5400 4240 3520 1710
5400 4240 3520 1710
5400 4250 3530 1710
5400 4260 3530 1700
5410 4270 3520 1700
5410 4270 3530 1700
5400 4240 3530 1700
5400 4250 3530 1700
5400 4250 3510 1700
5400 4240 3520 1700
5410 4230 3530 1710
5420 4240 3530 1710
5410 4250 3530 1710
5400 4240 3530 1720
5400 4240 3530 1710
5400 4240 3530 1710
5410 4250 3510 1710
5410 4240 3510 1710
5400 4230 3510 1710
5400 4220 3520 1710
5410 4240 3530 1710
5400 4250 3530 1690
5400 4250 3530 1690
5400 4240 3520 1690
5400 4250 3520 1690
5400 4250 3520 1690
5400 4260 3520 1700
5400 4270 3520 1710
5410 4270 3520 1710
5410 4260 3520 1710
5410 4250 3510 1700
5410 4260 3520 1700
5400 4250 3520 1710
5400 4240 3520 1710
5400 4240 3510 1710
5400 4250 3510 1710
5400 4240 3520 1710
5400 4250 3530 1710
5420 4250 3520 1720
5420 4250 3530 1710
5420 4250 3520 1710
5420 4250 3520 1710
5410 4260 3520 1700
5420 4240 3520 1700
5420 4240 3520 1700
5420 4240 3510 1710
5420 4240 3510 1710
5410 4240 3510 1700
5410 4250 3520 1700
5410 4240 3520 1690
5410 4240 3520 1700
5420 4240 3520 1700
5410 4230 3530 1700
5420 4240 3520 1710
5410 4250 3520 1710
5410 4230 3520 1700
5410 4240 3520 1710
5410 4240 3520 1700
5410 4260 3520 1700
5410 4250 3510 1710
5410 4250 3520 1710
5410 4260 3520 1700
5420 4260 3530 1710
5420 4260 3530 1710
5410 4260 3530 1720
5420 4270 3520 1720
5420 4260 3520 1720
5420 4250 3530 1720
5420 4250 3530 1710
5420 4240 3520 1710
5420 4230 3520 1710
5420 4240 3520 1710
5420 4250 3510 1700
5420 4240 3520 1710
5420 4230 3520 1710
5420 4230 3520 1700
5410 4220 3510 1710
5410 4230 3510 1710
5410 4230 3510 1710
5410 4240 3510 1710
5410 4230 3510 1710
5410 4230 3510 1710
5400 4240 3510 1710
5400 4230 3520 1710
5400 4240 3520 1710
5410 4230 3520 1700
5410 4230 3520 1700
5410 4250 3520 1700
5410 4260 3520 1700
5420 4260 3520 1710
5420 4250 3520 1710
5420 4240 3520 1710
5410 4250 3530 1710
5410 4240 3530 1710
5410 4240 3520 1710
5410 4250 3520 1720
5410 4240 3520 1720
5410 4250 3520 1730
5410 4240 3520 1720
5410 4250 3520 1710
5410 4250 3520 1710
5410 4250 3510 1710
5410 4240 3500 1710
5410 4250 3490 1720
5410 4230 3500 1710
5410 4230 3500 1720
5410 4240 3510 1720
5400 4250 3520 1700
5400 4260 3520 1700
5400 4250 3520 1700
5420 4250 3520 1700
5410 4250 3520 1710
5410 4240 3520 1710
5410 4230 3520 1710
5400 4230 3530 1720
5400 4230 3530 1710
5400 4230 3530 1710
