5810 4790 3420 1550
5810 4790 3420 1530
5810 4790 3420 1540
5820 4780 3430 1540
5820 4780 3430 1540
5810 4780 3440 1530
5810 4780 3440 1530
5810 4770 3440 1540
5820 4780 3440 1520
5820 4780 3430 1530
5800 4780 3420 1530
5800 4770 3430 1540
5810 4790 3430 1540
5810 4770 3430 1540
5810 4780 3430 1540
5810 4790 3430 1540
5810 4790 3430 1530
5830 4780 3430 1530
5830 4780 3430 1520
5830 4780 3410 1540
5830 4790 3410 1540
5830 4800 3420 1530
5820 4790 3420 1540
5810 4780 3430 1550
5820 4780 3440 1530
5820 4780 3430 1550
5820 4780 3440 1550
5810 4780 3420 1540
5810 4780 3430 1550
5820 4780 3420 1550
5820 4780 3420 1540
5820 4790 3420 1550
5830 4780 3400 1540
5830 4760 3420 1540
5830 4760 3420 1520
5830 4760 3420 1510
5820 4760 3430 1500
5820 4770 3420 1520
5830 4780 3420 1520
5830 4780 3410 1510
5820 4780 3420 1530
5830 4780 3410 1540
5830 4780 3420 1550
5830 4780 3430 1530
5830 4780 3420 1540
5820 4780 3420 1550
5820 4780 3420 1540
5820 4780 3420 1540
5830 4770 3440 1510
5830 4790 3420 1530
5830 4790 3440 1540
5820 4780 3440 1530
5820 4780 3440 1530
5830 4790 3440 1520
5850 4770 3440 1530
5850 4780 3430 1530
5850 4780 3430 1530
5830 4770 3420 1540
5830 4770 3430 1540
5830 4770 3430 1530
5830 4770 3420 1520
5830 4780 3430 1510
5830 4780 3420 1510
5850 4780 3420 1520
5850 4780 3430 1520
5850 4780 3420 1520
5850 4780 3440 1520
5830 4780 3450 1530
5830 4780 3440 1510
5830 4780 3440 1520
5820 4780 3430 1520
5820 4780 3440 1520
5810 4780 3440 1510
5820 4780 3440 1510
5820 4780 3440 1520
5820 4780 3440 1520
5830 4770 3430 1510
5830 4790 3440 1520
5830 4780 3430 1510
5820 4770 3420 1500
5830 4770 3430 1510
5830 4780 3430 1510
5830 4780 3440 1510
5830 4790 3430 1490
5830 4780 3430 1490
5830 4770 3440 1500
5830 4780 3430 1500
5830 4780 3430 1510
5820 4790 3440 1500
5820 4790 3430 1490
5820 4790 3430 1490
5820 4790 3420 1490
5820 4780 3420 1490
5820 4780 3420 1470
5820 4780 3420 1490
5830 4800 3430 1510
5830 4780 3430 1520
5850 4780 3430 1510
5850 4770 3430 1520
5850 4770 3430 1520
5850 4770 3430 1510
5830 4780 3430 1510
5830 4780 3430 1510
5830 4770 3420 1510
5830 4770 3430 1500
5830 4770 3410 1520
5830 4780 3420 1520
5850 4780 3430 1510
5830 4780 3430 1510
5830 4790 3430 1520
5830 4780 3430 1520
5830 4800 3430 1510
5820 4800 3430 1500
5820 4800 3430 1510
5830 4780 3440 1500
5820 4780 3430 1500
5830 4780 3420 1500
5830 4780 3420 1490
5830 4780 3420 1490
5820 4790 3430 1510
5820 4780 3440 1530
5820 4790 3430 1510
5830 4790 3430 1520
5820 4780 3430 1510
5820 4780 3430 1520
5820 4780 3420 1510
5820 4790 3430 1520
5820 4770 3440 1520
5820 4780 3440 1520
5820 4780 3440 1510
5820 4760 3440 1510
5820 4780 3440 1510
5830 4770 3440 1520
5830 4780 3430 1520
5830 4780 3430 1530
5850 4780 3430 1530
5850 4780 3430 1530
5850 4780 3440 1520
5830 4780 3440 1520
5830 4780 3440 1520
5830 4780 3430 1520
5830 4780 3430 1500
5830 4780 3430 1500
5830 4780 3430 1490
5830 4780 3440 1510
5830 4780 3440 1520
5830 4790 3430 1510
5830 4790 3430 1500
5830 4790 3430 1510
5830 4780 3420 1510
5830 4780 3420 1510
5830 4790 3420 1510
5830 4790 3420 1520
