6120 4570 3990 1070
6120 4560 4000 1050
6130 4560 4000 1060
6140 4550 3990 1060
6140 4550 4000 1060
6140 4550 4000 1070
6140 4550 4000 1080
6140 4550 3990 1070
6160 4550 3990 1080
6140 4550 3990 1070
6140 4550 3990 1080
6130 4550 3990 1060
6130 4550 4000 1050
6130 4550 4000 1050
6130 4550 4000 1060
6120 4550 4010 1050
6120 4550 4010 1060
6120 4550 4010 1070
6140 4550 4010 1060
6140 4560 4010 1060
6140 4560 4010 1070
6140 4560 4010 1080
6130 4580 4010 1070
6130 4570 4010 1090
6120 4570 4010 1100
6120 4560 4010 1090
6140 4560 4010 1080
6120 4550 4010 1080
6120 4550 4010 1080
6120 4550 4010 1090
6120 4550 4010 1090
6120 4550 4010 1090
6110 4560 4000 1090
6120 4560 4000 1100
6120 4560 4000 1090
6120 4550 4000 1080
6120 4560 4000 1070
6120 4560 4000 1060
6120 4570 4000 1050
6120 4560 4000 1080
6120 4550 4000 1090
6140 4550 4000 1090
6140 4560 4000 1090
6140 4570 4000 1070
6140 4570 4000 1070
6140 4570 4000 1060
6160 4580 4010 1090
6160 4580 4010 1100
6140 4560 4000 1080
6140 4560 4000 1080
6130 4560 4000 1060
6120 4570 3990 1060
6120 4570 4000 1070
6130 4570 3990 1090
6130 4570 3990 1090
6130 4570 3990 1090
6130 4570 3990 1080
6130 4560 3990 1070
6130 4560 4000 1060
6130 4550 4000 1050
6130 4550 3990 1050
6130 4560 3990 1080
6120 4550 3990 1070
6130 4560 3990 1060
6120 4570 3990 1060
6110 4570 3990 1060
6120 4580 3990 1060
6120 4580 4000 1040
6130 4580 3990 1070
6130 4580 3990 1060
6120 4570 4000 1060
6120 4580 4000 1060
6120 4580 4000 1070
6120 4580 4000 1060
6130 4560 3990 1070
6120 4560 4000 1080
6120 4560 3990 1070
6120 4550 3990 1060
6120 4560 4000 1050
6130 4550 4000 1080
6130 4560 4000 1060
6130 4570 4000 1080
6120 4560 3990 1080
6120 4560 3990 1090
6120 4560 4000 1110
6120 4560 4010 1100
6120 4550 4010 1070
6110 4550 4010 1080
6120 4560 4010 1090
6120 4550 4010 1080
6130 4550 4000 1080
6130 4550 3990 1080
6130 4550 3990 1090
6130 4550 3990 1070
6130 4550 4000 1080
6140 4550 3990 1100
6160 4550 3990 1080
6140 4550 3990 1070
6140 4550 3990 1090
6130 4570 3990 1060
6130 4550 4000 1070
6140 4550 3990 1070
6140 4560 3980 1060
6140 4560 3980 1060
6140 4550 3990 1080
6140 4550 4000 1080
6130 4570 4010 1060
6130 4570 4010 1070
6130 4560 4010 1060
6120 4560 4020 1050
6120 4560 4010 1080
6120 4560 4010 1090
6130 4570 4000 1090
6130 4570 3990 1080
6130 4570 3980 1060
6140 4570 3980 1070
6140 4570 3950 1070
6140 4560 3950 1060
6140 4570 3950 1080
6130 4560 3950 1070
6120 4550 3990 1070
6110 4560 4010 1080
6110 4550 4010 1070
6120 4560 4020 1080
6130 4570 4030 1070
6130 4570 4030 1080
6140 4570 4020 1080
6130 4560 4020 1070
6130 4540 4030 1060
6130 4550 4030 1080
6120 4550 4030 1080
6130 4550 4030 1070
6130 4570 4030 1070
6130 4580 4020 1080
6130 4560 4020 1100
6110 4560 4020 1080
6110 4570 4020 1090
6110 4570 4010 1100
6120 4560 4010 1080
6120 4570 4020 1080
6120 4580 4020 1090
6130 4560 4020 1080
6130 4560 4020 1070
6130 4580 4020 1050
6130 4580 4020 1050
6130 4580 4020 1050
6140 4580 4010 1080
6140 4570 4010 1060
6130 4580 4000 1060
6130 4570 3990 1070
6140 4580 4000 1060
6140 4580 4000 1060
6130 4560 4000 1070
6140 4570 4010 1070
6130 4580 4010 1080
6140 4570 4010 1070
6140 4560 4020 1060
6140 4560 4020 1080
6140 4560 4010 1080
6140 4560 4010 1070
6140 4560 4010 1070
6140 4550 4010 1080
6140 4550 4010 1070
6140 4560 4000 1060
6140 4560 4000 1060
6140 4560 4010 1060
6140 4560 4010 1050
6160 4560 4020 1030
6160 4550 4020 1040
6140 4550 4020 1060
6140 4550 4010 1060
6140 4550 4010 1070
6130 4570 4010 1060
6140 4570 4010 1060
6140 4560 4010 1080
6140 4560 4010 1070
6160 4550 4010 1070
6160 4550 4010 1080
