5780 4060 4040 1360
5770 4060 4040 1350
5770 4050 4040 1360
5760 4060 4040 1370
5760 4070 4030 1370
5760 4070 4030 1370
5760 4070 4040 1370
5760 4060 4040 1370
5760 4060 4030 1360
5760 4070 4040 1350
5760 4080 4030 1350
5780 4060 4030 1360
5780 4060 4030 1350
5760 4070 4060 1360
5780 4060 4040 1360
5780 4060 4040 1360
5770 4060 4030 1360
5770 4060 4060 1350
5760 4060 4050 1350
5760 4060 4050 1350
5770 4040 4060 1340
5770 4040 4060 1360
5770 4050 4050 1360
5760 4070 4060 1360
5750 4070 4060 1350
5750 4060 4070 1360
5770 4050 4070 1350
5760 4050 4070 1350
5760 4040 4070 1350
5770 4060 4060 1340
5770 4070 4060 1350
5760 4070 4060 1350
5760 4080 4060 1360
5770 4070 4060 1350
5770 4050 4060 1360
5770 4060 4060 1370
5770 4070 4060 1350
5770 4080 4060 1350
5760 4060 4060 1340
5760 4060 4060 1340
5760 4050 4050 1350
5760 4050 4060 1350
5760 4060 4060 1350
5770 4060 4050 1350
5780 4050 4050 1340
5780 4060 4060 1340
5780 4050 4060 1340
5770 4050 4070 1340
5770 4060 4050 1330
5760 4060 4050 1340
5760 4060 4050 1340
5770 4070 4050 1350
5780 4060 4060 1330
5780 4060 4060 1340
5770 4060 4060 1350
5760 4080 4050 1340
5760 4080 4050 1340
5760 4070 4050 1330
5740 4050 4060 1350
5750 4050 4060 1350
5760 4080 4060 1350
5760 4060 4060 1350
5750 4060 4060 1360
5750 4050 4060 1360
5760 4060 4060 1340
5760 4050 4060 1350
5760 4040 4070 1350
5760 4050 4070 1350
5760 4070 4070 1350
5760 4060 4060 1360
5760 4070 4060 1350
5760 4070 4060 1350
5760 4080 4060 1350
5760 4080 4060 1370
5760 4070 4060 1360
5760 4060 4060 1350
5760 4050 4060 1360
5760 4060 4050 1350
5760 4050 4050 1340
5760 4060 4050 1350
5760 4050 4040 1360
5760 4050 4050 1370
5750 4040 4060 1370
5760 4060 4060 1380
5760 4060 4060 1380
5760 4060 4060 1380
5760 4060 4060 1360
5760 4050 4070 1360
5770 4060 4050 1350
5770 4070 4060 1350
5770 4050 4060 1360
5760 4060 4060 1360
5760 4070 4060 1360
5760 4070 4060 1360
5760 4060 4060 1360
5760 4060 4070 1370
5760 4040 4060 1370
5760 4060 4060 1370
5770 4060 4070 1370
5770 4060 4070 1350
5780 4070 4070 1350
5770 4070 4070 1360
5770 4070 4060 1350
5760 4070 4060 1360
5760 4070 4060 1360
5760 4080 4060 1370
5760 4080 4060 1370
5760 4070 4070 1370
5760 4060 4070 1360
5760 4050 4070 1380
5750 4040 4070 1370
5750 4050 4060 1370
5770 4050 4060 1370
5760 4040 4060 1360
5770 4050 4060 1340
5770 4040 4060 1360
5770 4030 4060 1350
5760 4040 4060 1370
5770 4050 4050 1380
5770 4050 4060 1350
5770 4060 4060 1350
5770 4060 4060 1340
5770 4050 4060 1340
5770 4060 4060 1340
5770 4060 4060 1330
5760 4060 4060 1330
5760 4050 4060 1340
5760 4060 4060 1340
5780 4060 4060 1360
5770 4060 4060 1350
5770 4060 4070 1350
5770 4060 4070 1350
5770 4060 4070 1360
5770 4060 4070 1360
5760 4060 4060 1370
5760 4060 4060 1370
5760 4050 4060 1360
5750 4060 4060 1360
5760 4060 4060 1350
5760 4070 4050 1350
5760 4070 4050 1350
5760 4050 4040 1340
5760 4060 4040 1340
5750 4070 4040 1360
5750 4070 4040 1360
5750 4080 4040 1360
5750 4080 4040 1360
5750 4070 4050 1360
5750 4070 4050 1340
5740 4060 4050 1350
5750 4050 4050 1340
5740 4060 4050 1350
5750 4070 4060 1340
