5390 3570 4190 1770
5390 3570 4200 1770
5390 3580 4190 1780
5380 3600 4180 1780
5380 3590 4190 1780
5390 3580 4180 1770
5390 3580 4200 1780
5390 3570 4200 1770
5390 3580 4210 1770
5400 3580 4200 1770
5400 3590 4210 1770
5400 3580 4210 1770
5400 3580 4210 1760
5400 3570 4180 1780
5410 3570 4200 1780
5410 3570 4190 1800
5400 3560 4180 1800
5400 3560 4200 1770
5410 3560 4210 1780
5390 3570 4210 1780
5390 3560 4210 1770
5390 3560 4200 1760
5390 3550 4190 1770
5400 3550 4200 1770
5410 3550 4210 1770
5390 3550 4210 1770
5380 3550 4210 1770
5380 3560 4220 1780
5380 3560 4210 1800
5380 3560 4220 1770
5370 3560 4220 1760
5380 3570 4220 1750
5400 3570 4220 1750
5390 3560 4210 1760
5400 3550 4220 1760
5390 3560 4220 1750
5390 3560 4210 1760
5390 3560 4210 1760
5380 3560 4210 1760
5370 3560 4220 1770
5370 3560 4220 1760
5370 3570 4210 1760
5370 3570 4210 1770
5370 3560 4220 1760
5380 3560 4210 1780
5380 3570 4210 1780
5400 3570 4210 1780
5390 3570 4200 1800
5390 3580 4200 1800
5410 3590 4190 1810
5400 3600 4190 1800
5390 3590 4190 1780
5400 3580 4190 1770
5390 3570 4210 1780
5400 3580 4210 1800
5410 3570 4200 1800
5420 3560 4190 1800
5400 3560 4200 1780
5410 3550 4190 1780
5390 3570 4220 1780
5390 3580 4220 1780
5390 3570 4200 1780
5380 3570 4210 1780
5380 3570 4200 1800
5380 3570 4210 1800
5370 3570 4220 1800
5370 3580 4220 1780
5380 3580 4220 1770
5380 3580 4230 1760
5390 3570 4210 1770
5390 3570 4220 1760
5400 3560 4210 1760
5400 3560 4220 1770
5400 3560 4220 1770
5390 3570 4210 1780
5400 3580 4210 1780
5400 3590 4200 1770
5400 3580 4210 1770
5400 3560 4220 1760
5410 3560 4210 1760
5390 3560 4200 1760
5390 3570 4200 1780
5390 3570 4200 1780
5390 3570 4200 1780
5390 3570 4190 1780
5390 3580 4180 1780
5400 3580 4180 1770
5390 3570 4190 1780
5390 3570 4200 1780
5400 3570 4210 1780
5410 3580 4200 1780
5410 3570 4190 1800
5400 3570 4210 1780
5400 3580 4210 1770
5400 3590 4210 1780
5400 3590 4220 1800
5400 3570 4210 1800
5400 3570 4210 1780
5400 3580 4210 1770
5400 3570 4210 1760
5400 3570 4210 1770
5380 3570 4220 1760
5380 3570 4210 1770
5390 3570 4210 1770
5400 3570 4210 1770
5400 3580 4220 1780
5400 3570 4220 1800
5390 3570 4220 1800
5400 3560 4220 1780
5400 3560 4210 1780
5390 3560 4220 1780
5380 3560 4210 1780
5380 3570 4200 1770
5370 3560 4190 1780
5380 3560 4200 1770
5380 3560 4210 1780
5380 3560 4220 1780
5380 3550 4220 1770
5380 3570 4220 1780
5390 3590 4210 1800
5390 3590 4200 1800
5400 3580 4210 1800
5400 3580 4210 1800
5390 3570 4200 1800
5410 3570 4190 1800
5400 3570 4180 1800
5400 3570 4180 1800
5400 3590 4200 1780
5390 3580 4200 1800
5390 3580 4200 1800
5390 3580 4190 1780
5390 3570 4200 1780
5380 3580 4210 1780
5380 3580 4200 1800
5380 3580 4210 1800
5390 3580 4210 1800
5390 3570 4220 1780
5390 3590 4220 1770
5400 3580 4210 1780
5390 3580 4210 1780
5390 3590 4220 1780
5400 3590 4220 1770
5410 3590 4220 1780
5380 3580 4220 1780
5390 3570 4230 1780
5390 3570 4230 1800
5390 3570 4210 1800
5390 3570 4190 1780
5390 3570 4190 1800
5390 3570 4190 1800
5390 3570 4200 1810
5390 3560 4190 1800
5390 3550 4190 1780
5390 3550 4200 1780
5390 3560 4200 1800
5380 3560 4210 1800
5380 3560 4220 1780
5380 3560 4220 1770
5380 3560 4220 1770
5390 3570 4210 1770
5390 3570 4210 1770
5390 3570 4200 1780
5390 3580 4200 1780
5400 3570 4210 1800
5400 3570 4210 1800
5400 3570 4220 1780
5400 3570 4220 1800
5400 3570 4210 1800
5400 3560 4200 1770
5400 3570 4210 1770
5400 3570 4210 1770
