5050 3110 4400 2200
5040 3110 4420 2210
5040 3110 4430 2200
5040 3110 4430 2210
5040 3110 4410 2210
5040 3110 4400 2210
5030 3110 4400 2210
5030 3110 4410 2210
5030 3110 4400 2220
5040 3120 4400 2220
5050 3110 4390 2210
5040 3100 4390 2220
5040 3100 4400 2210
5040 3110 4400 2220
5060 3110 4400 2210
5050 3100 4410 2200
5040 3100 4410 2200
5050 3090 4400 2190
5050 3090 4400 2200
5050 3090 4400 2200
5050 3100 4400 2210
5050 3100 4400 2200
5050 3100 4390 2190
5060 3100 4390 2190
5060 3100 4400 2200
5060 3100 4410 2210
5060 3100 4410 2210
5060 3100 4410 2200
5050 3110 4420 2210
5060 3110 4400 2220
5060 3110 4390 2210
5060 3110 4390 2210
5050 3110 4400 2210
5050 3110 4400 2210
5050 3110 4400 2220
5050 3110 4400 2220
5060 3100 4410 2210
5060 3100 4420 2200
5060 3100 4420 2200
5060 3100 4420 2200
5070 3100 4400 2200
5070 3100 4390 2200
5050 3100 4390 2210
5050 3100 4390 2200
5050 3090 4390 2200
5050 3090 4400 2200
5050 3090 4390 2200
5050 3090 4400 2210
5060 3080 4400 2220
5060 3090 4410 2230
5060 3100 4400 2230
5050 3100 4400 2230
5050 3080 4410 2230
5060 3090 4400 2220
5060 3090 4400 2210
5050 3090 4400 2220
5040 3100 4390 2210
5050 3100 4390 2220
5040 3100 4400 2210
5040 3100 4400 2210
5050 3110 4410 2200
5060 3110 4390 2200
5050 3110 4400 2220
5050 3110 4410 2210
5040 3110 4410 2210
5050 3110 4410 2200
5050 3110 4420 2190
5050 3110 4420 2190
5050 3110 4420 2190
5050 3090 4410 2200
5040 3090 4400 2220
5060 3100 4410 2220
5060 3100 4410 2220
5060 3100 4410 2210
5060 3100 4400 2210
5060 3100 4410 2210
5060 3100 4410 2220
5060 3100 4420 2210
5060 3110 4410 2210
5060 3110 4400 2210
5060 3100 4400 2230
5060 3110 4400 2240
5050 3100 4410 2230
5060 3100 4400 2240
5060 3110 4400 2210
5050 3110 4390 2220
5040 3080 4390 2220
5040 3090 4390 2220
5060 3090 4400 2210
5060 3100 4410 2220
5060 3100 4410 2220
5040 3100 4400 2210
5030 3100 4390 2210
5040 3100 4400 2200
5040 3090 4410 2210
5030 3100 4410 2210
5030 3110 4400 2200
5040 3110 4410 2200
5040 3120 4400 2210
5040 3100 4400 2210
5060 3110 4420 2210
5060 3100 4410 2210
5050 3100 4410 2210
5060 3110 4400 2210
5060 3120 4410 2220
5060 3110 4410 2210
5060 3110 4410 2210
5060 3110 4400 2210
5050 3120 4410 2210
5060 3100 4400 2200
5040 3110 4400 2200
5050 3110 4400 2200
5050 3110 4400 2210
5040 3120 4400 2230
5050 3120 4400 2220
5040 3120 4420 2210
5060 3110 4420 2210
5070 3120 4400 2210
5080 3100 4390 2200
5070 3100 4400 2200
5070 3110 4400 2200
5070 3110 4400 2200
5090 3100 4400 2190
5090 3100 4400 2200
5100 3110 4400 2210
5100 3110 4410 2200
5090 3100 4410 2210
5090 3100 4410 2210
5090 3090 4410 2210
5080 3100 4400 2210
5070 3110 4410 2220
5070 3110 4400 2210
5070 3110 4400 2210
5080 3120 4410 2210
5080 3110 4400 2200
5070 3110 4410 2200
5080 3110 4410 2200
5070 3100 4420 2200
5080 3100 4400 2200
5080 3110 4410 2200
5060 3110 4400 2220
5070 3110 4400 2210
5070 3110 4400 2210
5090 3120 4390 2210
5090 3120 4400 2200
5100 3120 4410 2200
5100 3120 4410 2200
5090 3110 4400 2200
5080 3090 4400 2210
5090 3080 4390 2220
5090 3080 4390 2220
5090 3080 4390 2220
5090 3090 4390 2220
5100 3090 4390 2220
5100 3090 4390 2210
5090 3100 4390 2220
5090 3100 4390 2210
5090 3100 4410 2210
5090 3110 4400 2220
5090 3110 4400 2220
5090 3120 4390 2210
5090 3120 4390 2210
5090 3110 4390 2200
5090 3110 4390 2200
