2830 4320 3010 4210
2830 4300 3020 4220
2830 4300 3020 4200
2820 4310 3020 4210
2800 4310 3020 4200
2810 4310 3010 4210
2800 4310 3020 4210
2800 4310 3030 4200
2820 4310 3030 4190
2820 4310 3030 4200
2820 4310 3030 4210
2820 4300 3030 4220
2820 4310 3020 4210
2810 4310 3020 4230
2810 4310 3020 4230
2810 4310 3020 4210
2820 4320 3020 4210
2820 4320 3020 4220
2820 4320 3020 4240
2830 4320 3020 4220
2810 4320 3020 4230
2820 4330 3020 4210
2820 4330 3020 4200
2810 4330 3020 4200
2800 4330 3020 4190
2800 4330 3010 4200
2800 4330 3000 4190
2800 4330 3000 4190
2810 4330 3010 4200
2820 4330 3000 4210
2820 4330 3000 4220
2810 4330 3010 4210
2810 4330 3010 4200
2810 4330 3010 4200
2810 4330 3010 4210
2800 4330 3010 4220
2820 4330 3010 4210
2810 4330 3010 4220
2820 4330 3010 4220
2830 4320 3010 4220
2840 4330 3010 4200
2830 4330 3020 4190
2840 4330 3020 4190
2830 4330 3010 4210
2820 4330 3010 4210
2810 4330 3020 4200
2820 4330 3020 4200
2810 4330 3020 4210
2830 4320 3010 4210
2830 4320 3020 4210
2830 4320 3020 4230
2820 4320 3020 4230
2820 4320 3010 4220
2820 4320 3010 4220
2820 4320 3010 4220
2820 4320 3010 4200
2820 4320 3010 4200
2820 4320 3010 4220
2820 4320 3010 4220
2820 4330 3010 4220
2820 4330 3010 4220
2810 4330 3010 4210
2820 4330 3010 4220
2830 4330 3020 4200
2830 4330 3010 4210
2830 4330 3010 4220
2840 4330 3010 4210
2830 4320 3010 4200
2810 4320 3020 4200
2810 4320 3020 4220
2820 4320 3020 4220
2820 4320 3020 4230
2810 4320 3020 4230
2810 4320 3020 4220
2820 4320 3020 4210
2820 4320 3020 4210
2820 4320 3020 4210
2820 4320 3020 4210
2820 4320 3030 4220
2830 4320 3020 4200
2840 4320 3020 4210
2850 4320 3020 4220
2830 4310 3020 4220
2830 4310 3020 4230
2830 4310 3020 4230
2820 4310 3010 4220
2830 4310 3010 4220
2820 4310 3010 4220
2810 4310 3020 4220
2820 4320 3020 4220
2820 4320 3020 4220
2820 4320 3010 4220
2820 4320 3010 4210
2810 4320 3010 4210
2810 4320 3010 4200
2810 4320 3010 4210
2810 4320 3010 4200
2810 4320 3000 4210
2820 4320 3010 4210
2820 4320 3010 4220
2820 4320 3020 4230
2810 4320 3020 4200
2810 4320 3020 4190
2800 4320 3020 4180
2810 4320 3020 4170
2830 4320 3020 4190
2830 4320 3020 4190
2820 4320 3020 4210
2820 4330 3010 4210
2820 4330 3010 4200
2820 4330 3010 4200
2810 4330 3000 4200
2830 4320 3000 4190
2830 4320 3000 4200
2830 4320 3000 4190
2820 4310 3000 4200
2830 4310 3000 4220
2810 4320 3000 4220
2810 4320 3000 4210
2810 4320 3000 4200
2830 4320 3000 4210
2820 4320 3010 4190
2810 4320 3010 4180
2810 4320 3010 4200
2810 4320 3010 4220
2830 4320 3010 4230
2820 4320 3010 4230
2820 4320 3020 4210
2820 4330 3020 4200
2820 4330 3020 4210
2820 4330 3010 4210
2830 4330 3020 4200
2830 4330 3020 4210
2820 4330 3020 4210
2820 4330 3010 4210
2820 4330 3010 4220
2820 4330 3020 4230
2820 4330 3020 4220
2820 4330 3020 4220
