4760 2590 4650 2700
4760 2580 4650 2700
4760 2580 4650 2710
4760 2580 4650 2700
4770 2580 4650 2700
4770 2580 4660 2690
4780 2580 4650 2690
4780 2580 4660 2680
4780 2610 4650 2690
4780 2600 4650 2700
4780 2610 4650 2700
4780 2610 4650 2690
4780 2600 4650 2690
4770 2610 4650 2700
4780 2600 4650 2720
4790 2610 4640 2700
4780 2630 4650 2700
4780 2630 4650 2700
4780 2600 4640 2700
4780 2600 4640 2700
4770 2600 4640 2700
4780 2610 4640 2700
4780 2600 4640 2690
4770 2590 4640 2690
4770 2590 4640 2690
4770 2600 4650 2680
4760 2610 4650 2700
4780 2600 4650 2690
4780 2610 4650 2700
4770 2610 4650 2710
4780 2610 4650 2710
4790 2610 4650 2710
4790 2630 4650 2700
4790 2620 4650 2710
4780 2600 4650 2710
4780 2610 4650 2720
4780 2600 4640 2710
4780 2600 4640 2700
4790 2610 4640 2700
4790 2610 4640 2690
4770 2600 4640 2680
4770 2590 4630 2680
4770 2590 4640 2680
4760 2590 4640 2680
4750 2590 4640 2680
4750 2600 4640 2670
4750 2610 4650 2680
4750 2600 4650 2680
4760 2600 4640 2700
4760 2600 4640 2690
4760 2590 4640 2690
4790 2620 4640 2700
4780 2610 4640 2680
4780 2610 4650 2700
4790 2610 4650 2700
4790 2610 4650 2680
4790 2600 4650 2690
4790 2600 4650 2690
4780 2610 4660 2680
4780 2600 4660 2680
4780 2600 4660 2680
4780 2590 4660 2680
4780 2590 4660 2690
4770 2590 4650 2690
4770 2600 4650 2700
4770 2600 4650 2690
4770 2600 4650 2690
4760 2610 4650 2690
4770 2600 4650 2700
4770 2610 4650 2710
4770 2610 4650 2710
4770 2610 4650 2700
4770 2610 4650 2700
4760 2620 4640 2700
4760 2630 4650 2690
4770 2620 4650 2690
4770 2610 4650 2700
4780 2620 4650 2700
4780 2620 4650 2700
4780 2610 4660 2700
4780 2610 4660 2700
4780 2620 4660 2690
4780 2600 4650 2690
4780 2610 4650 2690
4790 2610 4650 2690
4790 2600 4650 2690
4780 2600 4650 2690
4790 2600 4650 2690
4790 2600 4650 2700
4790 2600 4660 2700
4780 2610 4660 2710
4780 2610 4650 2710
4770 2620 4650 2700
4770 2600 4650 2690
4760 2600 4650 2690
4760 2600 4650 2690
4770 2610 4650 2690
4780 2620 4650 2690
4780 2600 4640 2690
4780 2600 4640 2690
4780 2600 4640 2680
4770 2590 4650 2680
4760 2580 4650 2690
4770 2580 4650 2700
4770 2590 4650 2690
4770 2600 4660 2690
4770 2600 4660 2710
4770 2600 4660 2700
4770 2600 4660 2700
4780 2590 4660 2690
4770 2600 4660 2710
4770 2590 4660 2710
4770 2600 4660 2710
4770 2600 4660 2690
4770 2590 4660 2690
4760 2590 4660 2690
4750 2600 4660 2690
4760 2610 4650 2700
4760 2610 4650 2680
4770 2600 4660 2670
4760 2590 4660 2680
4770 2590 4660 2690
4770 2590 4660 2690
4770 2600 4660 2680
4760 2590 4660 2670
4770 2580 4650 2660
4760 2590 4660 2670
4760 2600 4670 2670
4760 2600 4660 2670
4750 2600 4660 2680
4750 2610 4650 2680
4750 2610 4660 2680
4750 2600 4650 2700
4750 2600 4650 2700
4750 2600 4650 2710
4750 2590 4640 2710
4750 2590 4640 2710
4760 2580 4650 2700
4770 2580 4650 2710
4770 2580 4660 2710
4770 2580 4660 2710
4760 2590 4650 2700
4760 2590 4650 2710
4770 2590 4650 2700
4770 2590 4650 2690
4770 2590 4650 2700
4780 2590 4660 2700
4780 2600 4660 2700
4770 2580 4660 2710
4770 2600 4660 2710
4780 2600 4650 2720
4780 2610 4650 2720
4780 2620 4640 2710
4770 2630 4640 2710
4770 2610 4640 2690
4770 2600 4650 2690
4770 2600 4650 2680
4770 2610 4660 2670
4770 2600 4660 2680
4760 2610 4650 2690
4760 2610 4660 2700
4780 2610 4660 2700
4770 2600 4660 2700
4760 2590 4660 2710
4770 2580 4650 2700
4770 2580 4650 2700
4760 2580 4660 2700
4760 2580 4660 2690
4760 2590 4660 2700
4770 2580 4660 2700
4770 2590 4650 2700
4770 2590 4650 2710
