4550 2140 4920 3180
4550 2140 4930 3170
4530 2140 4930 3180
4530 2140 4920 3180
4530 2140 4920 3180
4540 2140 4910 3180
4540 2150 4910 3170
4540 2150 4920 3190
4540 2140 4910 3190
4540 2130 4930 3180
4530 2140 4930 3170
4530 2140 4920 3170
4530 2140 4920 3170
4530 2130 4930 3180
4530 2140 4930 3180
4530 2140 4940 3170
4530 2140 4940 3170
4540 2150 4940 3170
4540 2160 4930 3180
4530 2160 4930 3180
4530 2160 4920 3180
4530 2150 4930 3180
4530 2160 4930 3180
4530 2160 4920 3180
4530 2160 4920 3180
4530 2150 4930 3170
4520 2150 4940 3170
4520 2140 4940 3170
4520 2140 4940 3170
4520 2140 4940 3180
4510 2140 4940 3180
4510 2140 4940 3180
4500 2150 4940 3170
4520 2150 4930 3160
4520 2150 4930 3170
4520 2140 4920 3160
4520 2140 4920 3160
4530 2130 4920 3160
4520 2140 4920 3170
4520 2140 4930 3170
4530 2130 4930 3170
4530 2140 4940 3170
4520 2140 4940 3170
4520 2140 4940 3170
4520 2150 4940 3180
4520 2140 4950 3180
4520 2140 4950 3180
4510 2140 4950 3160
4510 2140 4950 3170
4510 2150 4940 3180
4530 2140 4940 3180
4530 2140 4940 3180
4530 2130 4940 3190
4540 2140 4940 3190
4540 2140 4940 3180
4530 2150 4930 3190
4530 2130 4920 3180
4520 2130 4910 3180
4520 2130 4920 3180
4520 2140 4930 3180
4520 2150 4930 3180
4540 2140 4930 3170
4540 2140 4930 3170
4540 2140 4940 3170
4540 2130 4940 3170
4530 2130 4940 3170
4530 2130 4940 3170
4530 2130 4940 3170
4520 2120 4940 3180
4510 2150 4940 3170
4510 2150 4940 3170
4500 2150 4940 3180
4510 2140 4930 3170
4520 2140 4920 3170
4520 2150 4920 3170
4530 2150 4920 3180
4520 2140 4920 3170
4520 2140 4930 3180
4510 2140 4930 3170
4510 2140 4930 3180
4510 2140 4930 3180
4510 2140 4930 3180
4500 2140 4930 3180
4520 2140 4930 3190
4520 2140 4930 3180
4520 2140 4930 3180
4520 2140 4920 3180
4530 2130 4920 3170
4530 2130 4930 3160
4540 2130 4930 3160
4520 2130 4930 3170
4520 2130 4930 3170
4520 2140 4930 3170
4520 2150 4930 3170
4530 2150 4930 3170
4520 2150 4930 3180
4530 2160 4920 3170
4540 2160 4930 3170
4530 2150 4920 3180
4530 2140 4920 3180
4520 2140 4930 3180
4520 2130 4920 3180
4520 2130 4920 3180
4530 2130 4920 3170
4540 2140 4920 3170
4540 2140 4920 3170
4530 2150 4920 3170
4520 2150 4920 3170
4510 2150 4920 3170
4510 2150 4920 3180
4510 2160 4920 3180
4510 2160 4930 3170
4530 2160 4930 3160
4540 2140 4930 3170
4510 2120 4930 3170
4530 2120 4930 3180
4540 2130 4930 3180
4550 2130 4930 3180
4530 2130 4930 3180
4550 2140 4930 3190
4530 2140 4930 3190
4510 2150 4930 3190
4500 2140 4930 3190
4510 2140 4920 3180
4520 2130 4920 3180
4520 2130 4920 3180
4520 2120 4930 3180
4530 2120 4930 3190
4550 2110 4920 3190
4530 2120 4920 3190
4540 2130 4930 3180
4530 2130 4920 3180
4530 2120 4920 3180
4520 2110 4920 3170
4510 2120 4930 3180
4500 2120 4930 3170
4500 2120 4930 3170
4500 2120 4930 3170
4510 2120 4920 3170
4510 2130 4920 3160
4500 2130 4920 3160
4510 2130 4920 3170
4530 2130 4930 3170
4520 2130 4930 3170
4510 2130 4940 3180
4500 2140 4930 3180
4510 2130 4920 3190
4520 2130 4930 3200
4530 2140 4920 3180
4530 2140 4920 3180
4530 2130 4920 3180
4530 2130 4920 3190
4520 2130 4930 3200
4520 2140 4930 3190
4520 2140 4930 3180
4530 2140 4930 3180
4530 2140 4930 3180
4520 2150 4930 3180
4520 2160 4930 3190
4520 2150 4930 3190
4520 2140 4930 3180
4520 2140 4940 3190
4520 2140 4940 3180
4520 2140 4930 3180
4540 2150 4940 3180
4550 2140 4940 3180
4550 2140 4940 3170
4550 2140 4940 3180
4550 2150 4940 3190
4550 2150 4940 3190
4550 2150 4940 3190
4540 2160 4940 3190
4530 2150 4930 3180
4540 2150 4940 3180
4550 2140 4930 3180
4560 2140 4930 3170
4550 2140 4920 3160
4550 2140 4930 3160
4550 2140 4940 3180
4540 2150 4940 3180
4520 2150 4950 3180
