4340 1670 5240 3710
4340 1670 5260 3720
4340 1650 5260 3720
4340 1670 5260 3710
4350 1670 5260 3710
4350 1660 5260 3710
4340 1660 5270 3710
4340 1650 5270 3710
4340 1660 5280 3700
4340 1640 5290 3700
4340 1660 5290 3700
4340 1660 5290 3700
4340 1640 5290 3700
4340 1650 5280 3700
4330 1660 5290 3700
4320 1650 5250 3690
4330 1650 5250 3690
4320 1650 5250 3700
4330 1650 5240 3700
4330 1640 5250 3700
4330 1650 5260 3690
4330 1640 5260 3700
4330 1650 5260 3700
4330 1660 5250 3700
4330 1670 5260 3710
4330 1670 5280 3710
4330 1660 5290 3720
4340 1660 5270 3710
4340 1660 5280 3700
4340 1660 5290 3700
4350 1660 5280 3690
4340 1660 5280 3680
4340 1650 5280 3680
4340 1650 5290 3690
4340 1650 5290 3700
4340 1650 5270 3710
4340 1650 5270 3700
4330 1650 5270 3690
4330 1650 5280 3700
4330 1640 5260 3700
4330 1650 5270 3700
4340 1620 5270 3700
4340 1620 5270 3700
4350 1630 5270 3710
4360 1630 5260 3720
4350 1640 5250 3710
4350 1630 5250 3700
4340 1630 5250 3700
4340 1630 5260 3700
4340 1640 5270 3690
4330 1640 5280 3690
4320 1630 5290 3700
4340 1640 5280 3720
4330 1640 5270 3710
4330 1640 5280 3710
4330 1650 5270 3710
4330 1640 5280 3710
4340 1640 5270 3690
4340 1640 5270 3700
4340 1650 5260 3700
4340 1650 5260 3700
4340 1650 5250 3700
4340 1660 5250 3700
4340 1660 5260 3700
4340 1660 5280 3700
4340 1670 5290 3700
4340 1670 5290 3700
4340 1670 5290 3690
4340 1670 5280 3690
4330 1660 5250 3700
4330 1650 5250 3700
4340 1640 5270 3700
4340 1640 5260 3700
4340 1640 5270 3700
4340 1630 5270 3700
4340 1640 5290 3700
4350 1640 5290 3700
4350 1640 5290 3700
4350 1630 5280 3700
4350 1640 5260 3700
4340 1660 5270 3700
4340 1680 5280 3700
4330 1680 5270 3710
4330 1670 5280 3710
4330 1670 5270 3700
4330 1670 5260 3700
4320 1670 5280 3700
4330 1670 5290 3710
4340 1660 5290 3720
4340 1670 5290 3720
4350 1660 5280 3720
4340 1660 5280 3700
4330 1640 5280 3700
4340 1640 5270 3710
4340 1640 5270 3710
4340 1640 5260 3710
4340 1640 5280 3710
4340 1640 5270 3710
4340 1640 5260 3710
4340 1640 5270 3710
4330 1630 5280 3700
4340 1640 5270 3710
4340 1640 5250 3710
4340 1650 5260 3710
4340 1660 5260 3710
4330 1680 5270 3710
4330 1680 5270 3700
4350 1680 5280 3710
4340 1660 5290 3710
4340 1660 5290 3710
4340 1670 5290 3710
4330 1670 5300 3700
4340 1680 5300 3690
4340 1670 5300 3700
4340 1660 5290 3710
4350 1650 5270 3700
4360 1660 5280 3700
4350 1660 5290 3700
4340 1660 5280 3700
4340 1650 5280 3700
4340 1640 5290 3700
4350 1650 5290 3700
4340 1630 5290 3710
4330 1630 5290 3710
4330 1640 5280 3710
4330 1640 5290 3710
4340 1650 5290 3720
4340 1650 5280 3720
4340 1650 5290 3720
4340 1650 5290 3720
4340 1640 5290 3720
4340 1660 5290 3720
4330 1660 5290 3700
4330 1640 5290 3700
4330 1660 5290 3700
4330 1660 5280 3700
4330 1660 5270 3690
4340 1670 5270 3680
4350 1650 5280 3690
