4180 1310 5640 4090
4180 1300 5650 4100
4180 1300 5630 4100
4170 1300 5640 4110
4160 1300 5640 4100
4160 1300 5650 4100
4160 1300 5660 4110
4170 1300 5640 4110
4180 1310 5640 4100
4180 1310 5640 4120
4180 1310 5640 4130
4180 1310 5640 4120
4180 1310 5630 4120
4190 1310 5630 4110
4190 1310 5620 4100
4190 1310 5630 4090
4180 1320 5630 4100
4180 1320 5620 4120
4180 1310 5620 4120
4180 1300 5620 4100
4190 1300 5620 4100
4180 1300 5620 4120
4170 1300 5620 4120
4160 1290 5620 4120
4170 1300 5620 4120
4170 1300 5640 4120
4150 1290 5650 4100
4150 1290 5650 4110
4170 1300 5640 4110
4180 1310 5620 4120
4170 1300 5620 4100
4180 1300 5630 4110
4160 1300 5640 4110
4170 1310 5640 4110
4160 1320 5620 4110
4160 1320 5620 4100
4170 1320 5620 4120
4170 1320 5620 4110
4170 1310 5630 4130
4170 1300 5620 4130
4170 1310 5620 4130
4170 1310 5620 4130
4170 1310 5620 4140
4180 1310 5630 4130
4170 1310 5630 4120
4170 1310 5620 4130
4170 1300 5610 4130
4170 1310 5610 4120
4180 1320 5610 4100
4170 1320 5640 4110
4170 1320 5640 4110
4170 1320 5640 4090
4170 1320 5640 4090
4170 1310 5640 4110
4160 1310 5650 4100
4160 1320 5650 4120
4170 1310 5650 4120
4180 1300 5630 4110
4180 1300 5630 4120
4180 1300 5630 4120
4170 1300 5630 4110
4170 1300 5630 4110
4180 1300 5620 4110
4180 1300 5620 4110
4170 1310 5610 4120
4170 1310 5620 4120
4170 1310 5620 4120
4180 1310 5620 4120
4180 1310 5610 4120
4180 1310 5630 4120
4180 1310 5620 4110
4180 1310 5620 4120
4180 1300 5620 4120
4180 1300 5620 4120
4180 1300 5620 4120
4180 1300 5620 4120
4180 1310 5620 4110
4180 1320 5620 4110
4170 1320 5630 4120
4170 1310 5620 4120
4170 1320 5610 4120
4180 1320 5610 4110
4180 1320 5620 4130
4170 1320 5630 4140
4170 1320 5630 4130
4180 1320 5640 4120
4180 1320 5650 4120
4180 1320 5640 4120
4180 1310 5620 4120
4180 1320 5640 4130
4180 1320 5630 4130
4180 1320 5620 4110
4180 1320 5620 4110
4180 1320 5630 4120
4180 1320 5620 4120
4180 1320 5620 4120
4170 1320 5630 4120
4170 1320 5640 4120
4170 1320 5630 4130
4170 1310 5630 4120
4170 1320 5620 4110
4170 1320 5620 4110
4180 1320 5630 4110
4180 1320 5630 4120
4190 1320 5630 4130
4180 1320 5640 4130
4180 1320 5630 4120
4180 1320 5620 4120
4180 1320 5620 4130
4180 1320 5630 4130
4180 1320 5640 4130
4180 1320 5630 4130
4180 1310 5640 4120
4180 1310 5640 4110
4180 1310 5650 4110
4180 1310 5650 4120
4180 1310 5630 4120
4180 1310 5640 4120
4170 1310 5650 4110
4170 1320 5630 4120
4170 1310 5630 4120
4170 1310 5620 4110
4160 1320 5630 4100
4170 1320 5630 4110
4170 1320 5650 4110
4170 1310 5650 4110
4170 1310 5640 4110
4160 1310 5630 4110
4160 1310 5640 4120
4160 1310 5650 4110
4160 1310 5650 4110
4170 1310 5630 4120
4170 1320 5630 4110
4170 1320 5620 4090
4170 1320 5630 4090
4170 1310 5630 4090
4170 1320 5630 4110
4170 1320 5640 4120
4170 1310 5660 4120
4170 1310 5660 4120
4170 1310 5660 4110
4170 1310 5630 4100
4160 1310 5620 4120
4160 1310 5630 4120
4160 1310 5650 4120
4170 1310 5630 4120
4170 1300 5620 4120
4170 1300 5640 4130
4180 1300 5640 4120
4170 1300 5640 4130
4180 1310 5660 4120
4190 1300 5650 4110
4180 1300 5650 4130
4190 1300 5650 4120
4170 1310 5650 4120
4160 1300 5640 4110
4160 1290 5630 4110
4160 1290 5620 4110
4170 1300 5620 4110
4170 1310 5630 4120
4170 1310 5630 4120
4170 1320 5620 4110
4170 1320 5620 4100
4160 1310 5630 4070
4170 1310 5620 4080
4170 1310 5630 4080
4170 1320 5640 4080
4170 1320 5640 4090
4160 1320 5630 4090
4170 1320 5640 4100
4170 1320 5650 4100
4160 1320 5630 4090
4160 1310 5640 4090
