4050 1050 6040 4640
4050 1050 6040 4640
4050 1040 6040 4640
4060 1030 6050 4630
4060 1030 6050 4640
4080 1040 6050 4640
4090 1030 6050 4640
4080 1030 6050 4640
4080 1040 6050 4650
4080 1040 6050 4650
4070 1040 6050 4640
4070 1040 6050 4640
4070 1040 6050 4650
4070 1040 6040 4650
4070 1040 6040 4650
4070 1020 6040 4650
4080 1020 6040 4640
4070 1040 6040 4640
4070 1040 6040 4640
4070 1020 6040 4640
4070 1030 6040 4640
4070 1030 6040 4640
4090 1030 6030 4650
4060 1040 6040 4640
4070 1060 6050 4640
4080 1030 6030 4630
4070 1040 6030 4640
4090 1050 6040 4630
4080 1050 6040 4640
4080 1050 6040 4640
4080 1050 6040 4640
4080 1050 6040 4640
4090 1040 6030 4640
4080 1020 6030 4640
4090 1030 6050 4640
4080 1040 6050 4640
4080 1030 6050 4640
4070 1020 6040 4640
4070 1030 6040 4650
4080 1020 6030 4650
4080 1030 6030 4640
4080 1030 6030 4640
4080 1020 6030 4640
4080 1020 6040 4630
4080 1020 6040 4630
4080 1030 6040 4630
4100 1030 6040 4630
4100 1010 6030 4640
4090 1010 6030 4640
4090 1020 6030 4640
4090 1020 6030 4640
4080 1010 6040 4640
4080 1010 6050 4640
4080 1010 6050 4640
4080 1010 6050 4640
4080 1010 6050 4640
4070 1040 6050 4640
4070 1050 6050 4640
4070 1050 6040 4640
4080 1050 6040 4640
4080 1040 6030 4640
4080 1050 6040 4640
4080 1040 6040 4640
4080 1050 6050 4630
4090 1040 6050 4630
4090 1040 6050 4640
4090 1040 6050 4650
4090 1050 6040 4640
4090 1050 6040 4630
4080 1030 6040 4630
4090 1040 6040 4630
4080 1020 6040 4630
4080 1030 6040 4630
4080 1030 6040 4640
4070 1010 6050 4640
4100 1010 6050 4640
4090 1000 6050 4640
4080 1000 6050 4640
4080 1000 6050 4640
4080 1040 6050 4630
4080 1050 6050 4630
4080 1060 6040 4630
4080 1060 6040 4630
4080 1050 6040 4640
4080 1040 6040 4640
4070 1030 6040 4650
4070 1040 6040 4650
4070 1040 6040 4650
4070 1040 6040 4650
4080 1040 6040 4650
4070 1040 6040 4650
4080 1040 6040 4650
4070 1040 6040 4640
4070 1020 6060 4650
4070 1030 6060 4660
4060 1020 6060 4650
4050 1020 6050 4640
4060 1030 6050 4640
4070 1030 6050 4650
4060 1030 6050 4650
4060 1030 6050 4650
4060 1030 6050 4650
4060 1030 6050 4650
4060 1040 6050 4630
4060 1030 6050 4630
4060 1030 6050 4630
4070 1030 6050 4640
4070 1020 6050 4640
4080 1030 6050 4640
4080 1040 6050 4640
4080 1040 6050 4640
4080 1040 6050 4640
4080 1050 6050 4640
4080 1050 6050 4650
4080 1040 6050 4650
4080 1020 6060 4650
4080 1020 6060 4650
4070 1010 6050 4650
4070 1010 6050 4640
4070 1020 6040 4640
4070 1010 6040 4640
4070 1020 6050 4640
4060 1020 6050 4640
4060 1010 6050 4640
4060 1020 6050 4650
4060 1030 6050 4660
4060 1020 6050 4660
4060 1030 6060 4650
4060 1050 6050 4650
4060 1040 6050 4640
4060 1040 6050 4640
4060 1040 6050 4640
4060 1040 6050 4640
4060 1030 6040 4640
4070 1030 6040 4640
4070 1030 6040 4640
4060 1030 6040 4640
4070 1030 6040 4640
4070 1040 6040 4640
4060 1040 6040 4640
4080 1050 6040 4640
4070 1050 6040 4640
4070 1020 6050 4640
4070 1020 6040 4640
4070 1030 6040 4640
4070 1040 6040 4640
4080 1030 6040 4640
4080 1040 6040 4630
4080 1020 6040 4630
4070 1040 6050 4630
