4630 570 6380 4570
4630 580 6380 4570
4620 590 6360 4570
4630 590 6380 4570
4630 600 6380 4560
4630 590 6390 4560
4630 590 6380 4560
4630 590 6380 4560
4630 580 6390 4550
4630 570 6380 4550
4630 580 6380 4550
4630 570 6370 4560
4630 570 6370 4560
4630 580 6370 4570
4630 580 6380 4580
4630 600 6380 4580
4630 600 6390 4580
4630 600 6400 4580
4630 590 6390 4580
4630 590 6380 4580
4630 600 6380 4570
4630 600 6380 4570
4630 600 6380 4570
4620 590 6370 4570
4610 590 6370 4570
4610 590 6370 4560
4620 580 6360 4560
4630 570 6380 4560
4630 580 6380 4560
4630 570 6380 4550
4630 570 6390 4560
4630 570 6400 4560
4630 570 6390 4560
4630 570 6390 4570
4620 570 6380 4570
4630 580 6380 4560
4620 580 6360 4560
4620 570 6360 4570
4620 580 6360 4560
4620 580 6370 4560
4630 580 6370 4560
4630 570 6370 4560
4630 570 6370 4560
4620 580 6360 4570
4610 570 6360 4570
4610 570 6360 4570
4630 570 6370 4570
4630 570 6380 4570
4630 580 6380 4570
4630 570 6350 4570
4620 570 6350 4570
4610 570 6350 4560
4630 580 6360 4570
4620 570 6360 4570
4630 580 6360 4570
4630 580 6360 4570
4600 600 6360 4560
4600 600 6350 4560
4600 590 6350 4560
4600 580 6360 4560
4580 580 6350 4560
4580 570 6380 4560
4580 560 6380 4570
4610 580 6370 4570
4610 590 6380 4570
4600 580 6360 4550
4600 580 6360 4550
4610 570 6350 4550
4610 570 6350 4550
4600 570 6350 4550
4610 540 6360 4550
4610 570 6360 4550
4610 580 6370 4560
4600 590 6380 4560
4610 590 6380 4560
4610 580 6380 4550
4600 590 6380 4550
4610 570 6380 4560
4620 570 6380 4570
4620 570 6390 4570
4620 570 6390 4570
4620 570 6380 4570
4620 570 6380 4580
4610 570 6370 4570
4610 570 6360 4570
4600 580 6360 4570
4610 590 6370 4570
4610 590 6380 4570
4610 590 6390 4570
4580 580 6380 4560
4580 570 6370 4550
4610 560 6380 4560
4600 580 6370 4560
4610 580 6360 4570
4610 580 6380 4570
4610 580 6380 4570
4620 570 6360 4570
4620 580 6360 4560
4630 570 6370 4550
4620 580 6370 4560
4620 580 6370 4560
4610 570 6380 4560
4610 570 6370 4540
4620 580 6370 4550
4620 570 6360 4550
4620 570 6360 4550
4610 560 6360 4550
4620 570 6380 4560
4630 580 6370 4560
4620 590 6360 4550
4610 580 6350 4560
4620 580 6350 4550
4610 580 6370 4550
4610 580 6370 4550
4620 580 6370 4550
4630 570 6350 4560
4620 570 6350 4560
4630 560 6350 4550
4620 560 6350 4550
4620 570 6350 4560
4630 570 6350 4550
4620 570 6380 4540
4620 580 6380 4550
4620 590 6380 4560
4620 570 6370 4560
4610 580 6350 4550
4620 590 6350 4550
4610 590 6340 4550
4620 590 6340 4550
4610 580 6350 4550
4610 580 6350 4560
4610 580 6360 4560
4620 570 6360 4550
4610 570 6360 4560
4620 580 6360 4550
4610 580 6360 4560
4610 580 6360 4550
4610 580 6370 4560
4610 580 6370 4560
4600 590 6360 4550
4600 580 6360 4550
4600 580 6360 4550
4600 590 6360 4540
4610 580 6370 4550
4610 570 6360 4550
4610 570 6360 4560
4620 580 6360 4560
4630 570 6360 4570
4620 560 6360 4570
4620 570 6380 4560
4620 580 6380 4570
4630 590 6360 4550
4630 590 6350 4550
4610 580 6360 4540
4620 580 6360 4540
4620 580 6350 4540
4620 580 6360 4540
4620 570 6370 4540
4620 580 6370 4540
4620 580 6370 4540
4610 580 6370 4540
4610 580 6370 4540
4610 570 6380 4550
4610 580 6380 4560
4620 580 6390 4560
4630 580 6390 4560
4620 570 6380 4560
4630 570 6370 4560
