4630 1000 6010 4060
4640 1010 6020 4060
4650 1010 6030 4060
4650 1000 6040 4060
4650 1000 6040 4060
4650 990 6040 4060
4650 990 6040 4060
4640 980 6040 4050
4640 980 6030 4060
4640 980 6030 4060
4640 990 6020 4060
4650 990 6010 4060
4650 990 6010 4060
4640 1000 6010 4070
4640 990 6020 4070
4640 990 6010 4070
4640 990 6010 4070
4640 990 6010 4060
4640 990 6010 4060
4640 1000 6020 4060
4640 990 6020 4060
4640 990 6020 4050
4640 990 6010 4060
4650 990 6010 4050
4640 980 6020 4060
4640 990 6020 4060
4640 1000 6020 4060
4640 1000 6020 4070
4640 1000 6010 4070
4640 1000 6010 4070
4650 1000 6020 4060
4650 990 6030 4070
4640 1010 6020 4070
4640 1010 6020 4060
4640 1000 6020 4070
4650 1000 6010 4070
4650 1000 6010 4060
4650 1000 6010 4060
4650 1000 6010 4060
4650 1000 6020 4050
4650 1000 6020 4060
4640 1000 6010 4060
4640 1000 6010 4060
4640 1000 6010 4070
4640 1000 6010 4080
4650 990 6030 4080
4650 990 6020 4080
4650 980 6020 4070
4650 980 6010 4060
4650 970 6010 4060
4640 980 6010 4060
4640 980 6010 4070
4640 990 6010 4070
4640 1000 6010 4070
4640 1000 6010 4070
4640 990 6010 4070
4640 990 6010 4070
4630 990 6010 4080
4640 1000 6010 4080
4650 990 6010 4080
4650 1000 6010 4080
4650 1000 6010 4080
4650 1000 6000 4070
4650 1000 6020 4060
4650 1000 6010 4060
4650 1000 6010 4060
4640 990 6010 4060
4650 990 6010 4060
4650 990 6000 4060
4650 990 6010 4060
4650 990 6010 4050
4650 990 6010 4060
4640 1000 6010 4070
4640 1000 6010 4070
4640 1010 6010 4070
4640 1000 6020 4060
4640 1000 6020 4050
4640 1000 6020 4060
4640 1010 6020 4050
4640 1010 6010 4050
4640 1010 6020 4060
4640 1010 6010 4060
4640 1010 6010 4050
4640 1000 6010 4060
4640 1000 6010 4060
4640 990 6010 4060
4650 990 6020 4060
4640 990 6030 4070
4640 1000 6030 4070
4630 1000 6020 4060
4630 1000 6020 4060
4640 1000 6020 4040
4650 1000 6020 4050
4640 1000 6010 4050
4630 1010 6020 4070
4630 1010 6020 4060
4630 1010 6010 4060
4640 990 6010 4070
4640 990 6010 4070
4630 1010 6030 4060
4630 1000 6030 4050
4640 1000 6030 4050
4650 1000 6020 4060
4650 1000 6020 4070
4650 1000 6010 4060
4640 990 6010 4060
4640 990 6020 4060
4640 1000 6030 4060
4630 1010 6030 4060
4640 1010 6040 4050
4640 1010 6030 4050
4640 1000 6010 4050
4640 1000 6020 4060
4640 1010 6010 4060
4640 1000 6010 4050
4630 1000 6010 4060
4640 1010 6010 4060
4640 1010 6020 4050
4640 1010 6010 4060
4640 1000 6010 4070
4640 1000 6020 4070
