4840 1430 5710 3570
4820 1420 5700 3580
4840 1430 5700 3580
4840 1430 5690 3590
4840 1430 5690 3590
4830 1430 5690 3590
4810 1430 5690 3590
4810 1430 5690 3580
4800 1430 5700 3580
4810 1450 5700 3580
4800 1450 5710 3590
4790 1440 5710 3600
4800 1430 5710 3600
4790 1430 5700 3590
4800 1420 5700 3590
4790 1420 5700 3590
4790 1420 5710 3580
4810 1430 5700 3580
4800 1430 5710 3580
4790 1430 5710 3580
4780 1430 5710 3590
4790 1430 5720 3590
4810 1420 5720 3590
4810 1420 5720 3590
4830 1420 5720 3580
4850 1430 5710 3580
4850 1420 5710 3570
4820 1420 5710 3580
4830 1420 5710 3580
4820 1420 5710 3580
4810 1430 5710 3590
4810 1440 5710 3580
4820 1430 5710 3580
4810 1430 5720 3580
4800 1440 5710 3590
4790 1450 5710 3590
4790 1440 5720 3590
4820 1430 5710 3600
4810 1430 5720 3610
4810 1430 5720 3600
4820 1430 5710 3590
4820 1450 5710 3600
4810 1460 5710 3600
4810 1440 5720 3610
4810 1450 5720 3610
4810 1440 5710 3610
4790 1420 5710 3610
4790 1420 5720 3600
4810 1420 5720 3580
4830 1430 5710 3590
4820 1430 5720 3580
4810 1420 5720 3590
4800 1420 5710 3590
4820 1420 5710 3580
4820 1420 5710 3580
4810 1420 5710 3580
4820 1430 5710 3580
4820 1420 5710 3580
4840 1410 5710 3590
4830 1420 5710 3600
4820 1430 5710 3590
4820 1430 5720 3590
4810 1430 5720 3590
4820 1440 5720 3590
4810 1430 5720 3590
4830 1430 5720 3600
4840 1430 5720 3590
4830 1430 5720 3590
4820 1420 5720 3590
4810 1420 5710 3590
4810 1430 5700 3580
4790 1430 5710 3570
4810 1430 5710 3590
4810 1440 5710 3580
4810 1450 5710 3570
4800 1450 5710 3590
4820 1440 5710 3600
4810 1430 5710 3600
4810 1430 5710 3600
4830 1440 5710 3590
4830 1430 5710 3580
4830 1430 5700 3580
4830 1440 5700 3580
4830 1430 5700 3580
4830 1440 5700 3580
4820 1430 5700 3580
4810 1430 5700 3580
4800 1420 5710 3580
4810 1430 5710 3570
4810 1430 5710 3590
4830 1430 5710 3600
4830 1430 5710 3590
4830 1450 5700 3600
4820 1440 5700 3600
4840 1440 5710 3600
4820 1420 5700 3590
4810 1420 5710 3590
4830 1420 5710 3610
4830 1420 5710 3600
4830 1420 5710 3590
4820 1420 5700 3580
4830 1420 5700 3580
4830 1420 5700 3570
4850 1420 5710 3580
4820 1410 5710 3580
4820 1410 5710 3580
4830 1430 5710 3590
4830 1420 5710 3590
4830 1430 5710 3590
4820 1440 5710 3590
4810 1440 5710 3590
4810 1420 5700 3590
4820 1420 5710 3590
4840 1410 5710 3580
4840 1400 5720 3580
4830 1390 5720 3580
4830 1390 5720 3590
4830 1390 5720 3580
4830 1390 5720 3580
4820 1390 5710 3580
4810 1390 5710 3580
4800 1410 5710 3580
4810 1430 5710 3600
4820 1430 5710 3600
4830 1420 5710 3590
4840 1430 5720 3580
4840 1440 5720 3580
4840 1440 5720 3580
4840 1430 5720 3570
4820 1420 5720 3570
4830 1440 5710 3580
4840 1430 5710 3580
4830 1430 5710 3580
4830 1430 5710 3590
4840 1440 5710 3590
4840 1440 5710 3590
4820 1430 5710 3580
4840 1430 5710 3580
4820 1420 5710 3570
4830 1440 5710 3580
4810 1440 5710 3590
4820 1440 5710 3600
4830 1440 5710 3610
4820 1430 5710 3610
4810 1430 5700 3600
4830 1430 5710 3590
4830 1430 5710 3580
4830 1430 5710 3590
4840 1450 5710 3580
4840 1450 5700 3570
4830 1420 5700 3570
4840 1410 5710 3570
4840 1410 5720 3580
4830 1410 5710 3580
4830 1420 5710 3570
4830 1420 5720 3580
4830 1420 5710 3590
4820 1420 5700 3580
4820 1430 5700 3580
4820 1440 5700 3580
4820 1430 5710 3600
4830 1430 5720 3590
4830 1440 5720 3580
4810 1440 5720 3580
4830 1430 5710 3580
4830 1440 5710 3570
4820 1430 5700 3570
4820 1440 5700 3580
4810 1440 5700 3580
