5020 1870 5470 3070
5030 1870 5470 3070
5030 1870 5450 3070
5030 1870 5440 3080
5030 1860 5430 3070
5030 1870 5430 3070
5030 1870 5430 3080
5030 1860 5440 3070
5020 1870 5440 3070
5020 1860 5450 3080
5020 1860 5450 3070
5010 1870 5440 3060
5010 1870 5450 3070
5020 1860 5450 3070
5030 1860 5450 3070
5030 1870 5450 3070
5030 1870 5440 3070
5030 1870 5440 3080
5030 1860 5420 3080
5030 1870 5440 3080
5020 1870 5440 3080
5020 1870 5430 3070
5020 1880 5430 3070
5030 1870 5440 3070
5030 1860 5440 3070
5020 1880 5430 3060
5030 1880 5430 3060
5020 1870 5430 3060
5020 1880 5440 3060
5020 1870 5440 3060
5010 1870 5430 3060
5020 1860 5440 3070
5020 1880 5430 3070
5020 1870 5430 3070
5030 1880 5440 3060
5020 1880 5430 3060
5030 1870 5440 3060
5030 1880 5450 3050
5020 1880 5430 3070
5020 1880 5430 3060
5020 1890 5420 3060
5030 1880 5420 3070
5020 1890 5430 3070
5020 1890 5430 3070
5030 1900 5420 3060
5030 1900 5430 3060
5020 1880 5430 3060
5020 1860 5420 3050
5020 1870 5430 3030
5020 1870 5430 3030
5020 1880 5430 3050
5020 1870 5430 3060
5020 1880 5430 3060
5020 1880 5430 3060
5020 1870 5430 3060
5020 1870 5430 3060
5020 1880 5440 3060
5020 1880 5440 3060
5020 1870 5430 3060
5020 1870 5430 3070
5010 1870 5440 3070
5010 1870 5430 3080
5010 1870 5430 3080
5010 1870 5440 3080
5010 1870 5430 3080
5000 1870 5440 3080
5010 1880 5410 3070
5010 1880 5430 3070
5030 1870 5440 3070
5030 1860 5440 3070
5020 1860 5440 3060
5020 1870 5430 3060
5020 1870 5430 3060
5020 1870 5440 3060
5010 1870 5440 3060
5010 1880 5430 3070
5010 1870 5440 3070
5010 1880 5430 3070
5010 1880 5420 3060
5020 1890 5430 3070
5020 1870 5420 3070
5020 1870 5440 3070
5020 1870 5420 3080
5020 1860 5430 3080
5020 1860 5420 3080
5030 1860 5430 3070
5020 1870 5440 3070
5020 1870 5430 3070
5030 1870 5430 3070
5020 1870 5430 3060
5020 1870 5430 3060
5020 1870 5440 3060
5020 1870 5440 3060
5010 1870 5440 3060
5020 1880 5430 3060
5020 1870 5420 3060
5020 1870 5430 3060
5020 1870 5420 3070
5020 1880 5420 3070
5020 1880 5430 3070
5030 1890 5420 3070
5020 1880 5440 3070
5020 1880 5440 3070
5020 1880 5450 3070
5030 1880 5430 3070
5030 1870 5430 3070
5030 1860 5430 3070
5030 1870 5430 3070
5020 1870 5430 3070
5020 1870 5430 3070
5020 1870 5420 3060
5020 1860 5430 3060
5030 1860 5440 3070
5030 1860 5440 3070
5040 1860 5440 3070
5040 1860 5440 3070
5030 1860 5450 3070
5020 1860 5450 3080
5020 1870 5450 3080
5020 1870 5450 3070
5030 1870 5460 3070
5030 1870 5460 3070
5040 1870 5440 3070
5030 1880 5420 3080
5020 1880 5410 3080
5020 1870 5410 3080
5020 1870 5420 3080
5020 1870 5430 3080
5030 1860 5420 3080
5020 1880 5430 3080
5020 1870 5440 3080
5020 1870 5440 3080
5020 1860 5440 3080
5030 1860 5440 3070
5040 1860 5450 3050
5040 1870 5450 3060
5030 1870 5450 3060
5030 1870 5440 3060
5040 1880 5430 3060
5030 1880 5430 3060
5030 1870 5430 3060
5020 1870 5450 3060
5020 1870 5440 3060
5020 1870 5440 3060
5030 1880 5440 3060
5020 1870 5440 3060
5020 1860 5440 3050
5030 1860 5440 3060
5030 1870 5430 3060
