5260 2400 5120 2530
5260 2420 5120 2520
5260 2420 5130 2520
5250 2430 5140 2520
5260 2430 5130 2520
5260 2440 5130 2520
5260 2420 5130 2520
5260 2430 5140 2520
5250 2400 5130 2510
5250 2400 5140 2510
5250 2390 5140 2510
5250 2440 5140 2510
5250 2440 5150 2520
5260 2420 5150 2520
5260 2420 5130 2520
5250 2420 5130 2520
5260 2420 5130 2520
5260 2420 5130 2530
5270 2430 5120 2530
5260 2420 5120 2530
5260 2400 5130 2530
5250 2390 5130 2520
5260 2390 5130 2520
5260 2390 5130 2510
5260 2390 5140 2510
5260 2400 5130 2510
5270 2420 5130 2510
5270 2420 5130 2500
5260 2390 5110 2510
5260 2390 5110 2520
5260 2390 5110 2520
5260 2400 5130 2510
5260 2420 5140 2520
5260 2430 5140 2520
5270 2430 5130 2510
5270 2430 5120 2510
5270 2420 5130 2520
5270 2430 5120 2520
5260 2440 5120 2520
5250 2440 5120 2520
5250 2450 5130 2510
5260 2440 5130 2520
5260 2400 5120 2520
5260 2400 5130 2520
5260 2420 5120 2520
5260 2430 5130 2530
5260 2420 5140 2520
5260 2430 5130 2520
5260 2430 5140 2530
5260 2430 5130 2530
5260 2400 5140 2520
5260 2420 5140 2520
5260 2400 5140 2510
5260 2430 5130 2520
5270 2440 5130 2520
5270 2440 5130 2520
5270 2440 5120 2520
5270 2420 5110 2510
5270 2420 5120 2520
5270 2420 5120 2520
5270 2420 5130 2520
5270 2420 5120 2520
5270 2420 5110 2510
5270 2420 5110 2520
5260 2420 5120 2520
5260 2420 5110 2530
5270 2400 5120 2520
5270 2420 5120 2520
5270 2420 5130 2510
5270 2430 5120 2520
5270 2420 5130 2520
5270 2420 5130 2520
5270 2420 5130 2510
5270 2430 5120 2510
5260 2420 5130 2510
5270 2420 5130 2520
5260 2430 5120 2520
5250 2400 5120 2520
5250 2400 5120 2520
5260 2420 5120 2520
5260 2400 5130 2510
5260 2430 5130 2510
5270 2440 5130 2510
5270 2450 5120 2510
5270 2440 5120 2520
5270 2440 5120 2520
5270 2440 5130 2520
5270 2420 5130 2520
5260 2430 5140 2510
5260 2440 5130 2510
5260 2450 5130 2520
5260 2440 5130 2530
5270 2430 5140 2520
5270 2420 5130 2520
5270 2420 5130 2520
5270 2420 5120 2520
5270 2420 5120 2520
5270 2400 5120 2520
5260 2430 5130 2510
5250 2440 5130 2520
5260 2440 5140 2520
5250 2440 5130 2510
5250 2440 5120 2510
5250 2450 5130 2510
5270 2420 5120 2520
5270 2400 5120 2510
5260 2420 5130 2510
5270 2440 5140 2510
5270 2440 5140 2510
5270 2430 5140 2510
5260 2430 5150 2510
5250 2440 5140 2520
5250 2440 5130 2520
5250 2440 5130 2520
5250 2450 5130 2520
5240 2430 5120 2520
5250 2440 5120 2510
5250 2450 5120 2510
5250 2430 5120 2510
5260 2430 5120 2520
5250 2440 5120 2520
5260 2430 5130 2520
5260 2430 5120 2520
5260 2440 5130 2520
5260 2400 5120 2520
5250 2390 5130 2520
5250 2380 5120 2520
5250 2390 5130 2520
5250 2420 5130 2520
5250 2420 5120 2520
5260 2400 5130 2520
5270 2400 5130 2520
5260 2400 5120 2520
5260 2420 5130 2520
5260 2430 5140 2520
5250 2420 5140 2520
5250 2420 5140 2520
5240 2440 5140 2520
