3280 4660 2600 3910
3280 4670 2600 3920
3280 4660 2600 3900
3280 4660 2610 3920
3280 4660 2600 3920
3280 4660 2610 3910
3280 4660 2600 3920
3290 4660 2600 3920
3290 4650 2600 3910
3290 4650 2600 3920
3300 4650 2590 3920
3290 4660 2590 3910
3290 4660 2590 3900
3280 4660 2590 3890
3280 4650 2590 3880
3280 4660 2590 3880
3290 4660 2590 3900
3280 4660 2590 3910
3270 4670 2600 3900
3270 4660 2600 3910
3280 4660 2600 3900
3290 4660 2600 3910
3280 4660 2610 3900
3290 4660 2610 3910
3290 4670 2610 3900
3290 4660 2610 3910
3290 4670 2610 3900
3280 4660 2610 3920
3280 4660 2610 3910
3280 4670 2610 3920
3280 4670 2610 3930
3280 4670 2610 3930
3280 4660 2610 3930
3280 4660 2610 3920
3280 4660 2610 3900
3270 4660 2610 3910
3280 4660 2610 3910
3280 4660 2600 3900
3280 4660 2590 3890
3280 4650 2590 3880
3270 4660 2590 3880
3270 4650 2590 3890
3280 4660 2590 3900
3270 4670 2590 3900
3270 4680 2590 3900
3270 4670 2590 3910
3270 4660 2590 3910
3270 4660 2590 3910
3270 4660 2600 3910
3270 4660 2600 3910
3280 4650 2590 3900
3280 4650 2600 3910
3280 4650 2590 3890
3280 4640 2600 3900
3270 4660 2600 3890
3270 4660 2600 3900
3270 4660 2590 3910
3270 4660 2600 3890
3270 4660 2600 3900
3270 4670 2600 3890
3270 4660 2600 3900
3290 4660 2600 3900
3290 4660 2590 3920
3290 4660 2590 3920
3290 4660 2590 3910
3290 4650 2590 3890
3280 4650 2590 3890
3280 4650 2590 3890
3280 4650 2590 3900
3280 4650 2590 3890
3280 4660 2590 3880
3270 4660 2590 3890
3270 4660 2590 3900
3270 4670 2590 3910
3270 4680 2590 3910
3270 4670 2590 3920
3280 4660 2590 3930
3270 4660 2590 3940
3270 4650 2590 3930
3270 4650 2600 3910
3270 4660 2600 3920
3280 4660 2600 3910
3280 4660 2600 3890
3280 4670 2590 3900
3290 4660 2590 3890
3290 4660 2590 3910
3290 4660 2590 3910
3290 4660 2590 3910
3290 4670 2590 3900
3280 4660 2590 3900
3280 4670 2590 3900
3270 4660 2590 3910
3270 4660 2590 3920
3270 4660 2590 3920
3270 4650 2590 3910
3280 4650 2600 3910
3280 4650 2600 3920
3280 4650 2600 3910
3270 4650 2600 3910
3270 4660 2600 3910
3270 4660 2600 3920
3270 4670 2600 3910
3270 4670 2600 3900
3280 4670 2600 3890
3280 4660 2600 3880
3270 4660 2600 3880
3270 4660 2610 3890
3270 4660 2600 3910
3280 4660 2600 3910
3280 4670 2610 3890
3290 4660 2610 3900
3290 4650 2610 3890
3290 4650 2610 3900
3300 4650 2610 3900
3290 4650 2610 3900
3290 4650 2620 3900
3280 4660 2610 3910
3280 4650 2600 3910
3280 4650 2600 3900
3280 4650 2600 3900
3280 4650 2600 3900
3300 4660 2610 3920
3290 4650 2610 3920
3290 4660 2610 3900
3290 4660 2610 3920
3280 4670 2610 3900
3270 4660 2610 3890
3270 4660 2610 3880
