5570 2920 4910 1990
5560 2930 4910 1990
5570 2930 4910 1990
5560 2940 4890 1990
5570 2940 4910 1980
5570 2940 4910 1990
5570 2940 4930 1990
5570 2950 4920 2000
5560 2950 4920 2010
5570 2950 4910 2020
5560 2950 4890 2020
5560 2950 4890 2010
5570 2960 4890 1980
5560 2960 4910 1990
5560 2950 4910 1990
5560 2950 4910 1990
5570 2940 4910 1970
5570 2940 4910 1970
5570 2950 4910 1970
5570 2960 4920 1970
5560 2950 4920 1980
5560 2950 4910 1980
5570 2940 4910 1960
5580 2950 4910 1950
5580 2950 4910 1950
5570 2950 4910 1960
5570 2950 4910 1980
5570 2950 4910 1980
5570 2940 4920 2000
5570 2940 4910 2030
5570 2950 4910 2020
5570 2950 4910 2020
5560 2950 4890 2020
5560 2950 4910 2010
5560 2940 4920 2000
5570 2940 4930 1990
5570 2940 4920 1980
5580 2940 4930 1980
5570 2940 4930 1970
5570 2940 4940 1980
5570 2940 4940 1970
5570 2940 4930 1970
5560 2940 4920 1990
5560 2940 4920 1980
5580 2950 4910 1960
5580 2940 4910 1970
5580 2940 4910 1970
5570 2930 4910 1970
5570 2930 4910 1990
5570 2940 4890 1990
5570 2940 4890 2000
5570 2940 4910 2000
5570 2950 4910 1990
5570 2950 4910 2000
5580 2950 4910 1990
5560 2950 4920 2010
5570 2950 4920 2000
5570 2950 4920 1990
5570 2950 4920 2000
5570 2950 4920 1990
5560 2950 4910 1970
5570 2950 4930 1970
5570 2950 4920 1970
5570 2950 4920 1980
5580 2950 4920 1980
5580 2950 4940 1960
5570 2950 4920 2000
5570 2950 4920 1990
5580 2950 4930 1980
5580 2950 4930 1980
5580 2950 4920 1980
5560 2960 4910 1970
5570 2960 4910 1970
5570 2950 4910 1990
5570 2950 4910 1980
5570 2940 4920 1990
5580 2940 4920 2000
5580 2950 4920 2000
5590 2950 4910 1980
5580 2960 4910 1980
5580 2960 4910 1970
5570 2960 4890 1980
5570 2960 4890 1970
5570 2960 4890 1980
5570 2960 4910 1970
5560 2960 4910 1960
5570 2960 4910 1980
5570 2950 4910 1970
5560 2950 4910 1960
5570 2950 4910 1950
5570 2950 4910 1960
5570 2950 4910 1960
5570 2960 4910 1960
5560 2950 4910 1980
5570 2950 4910 1980
5560 2950 4890 1980
5550 2950 4920 1990
5550 2940 4910 1980
5560 2940 4910 1990
5560 2940 4910 1990
5560 2940 4920 1980
5560 2940 4910 1970
5560 2930 4910 1990
5560 2930 4920 1990
5570 2930 4920 1990
5570 2940 4910 1990
5570 2940 4920 1990
5570 2940 4920 1980
5560 2940 4910 1970
5570 2940 4910 1970
5570 2930 4890 1980
5570 2930 4890 1970
5570 2950 4890 1980
5570 2950 4890 1980
5570 2950 4890 2000
5570 2950 4890 2010
5560 2940 4890 2000
5560 2940 4920 1990
5570 2930 4920 2000
5580 2930 4920 2010
5580 2930 4920 2000
5580 2940 4910 2000
5570 2940 4910 2010
5570 2940 4910 2010
5570 2940 4910 2000
5570 2940 4930 2000
5570 2940 4930 1990
5560 2940 4920 1990
5560 2930 4920 1990
5570 2930 4920 1990
5570 2930 4920 1990
5570 2940 4930 1990
5570 2940 4920 1990
5570 2950 4920 1980
5570 2950 4910 1980
5570 2960 4910 2010
5560 2960 4910 2000
5560 2960 4890 2000
5570 2960 4920 2000
5570 2940 4910 1980
5560 2930 4910 1990
5560 2930 4910 1980
5560 2920 4920 1980
5550 2910 4910 1990
5560 2940 4920 1970
