5870 3510 4710 1490
5860 3510 4690 1490
5860 3500 4700 1470
5860 3500 4720 1460
5860 3490 4710 1460
5860 3490 4710 1460
5850 3500 4710 1460
5850 3500 4710 1470
5850 3490 4700 1490
5870 3480 4710 1460
5870 3490 4710 1490
5860 3480 4720 1510
5850 3490 4700 1500
5850 3500 4700 1510
5860 3500 4690 1500
5870 3500 4700 1500
5860 3500 4700 1500
5870 3510 4700 1490
5860 3500 4720 1470
5860 3490 4700 1500
5860 3490 4710 1490
5860 3500 4710 1470
5870 3480 4710 1500
5870 3480 4710 1510
5860 3490 4710 1510
5860 3490 4710 1500
5870 3490 4710 1510
5860 3490 4710 1500
5880 3480 4700 1490
5880 3490 4700 1490
5870 3500 4700 1470
5860 3500 4690 1490
5860 3490 4700 1470
5860 3490 4710 1450
5860 3490 4710 1460
5860 3480 4710 1470
5880 3490 4720 1510
5890 3480 4720 1510
5880 3480 4710 1520
5880 3480 4710 1500
5880 3470 4710 1510
5880 3480 4710 1500
5870 3500 4710 1500
5880 3490 4710 1500
5870 3490 4710 1510
5860 3490 4710 1500
5860 3490 4720 1510
5870 3490 4690 1510
5870 3500 4690 1500
5870 3490 4690 1510
5870 3500 4710 1490
5880 3480 4720 1500
5860 3470 4710 1470
5860 3480 4710 1470
5860 3490 4710 1470
5860 3480 4680 1490
5860 3490 4710 1490
5880 3500 4710 1490
5860 3500 4710 1500
5860 3500 4710 1510
5860 3500 4710 1500
5860 3490 4700 1510
5860 3490 4700 1490
5870 3490 4710 1500
5870 3480 4690 1490
5850 3480 4690 1500
5850 3480 4700 1470
5860 3480 4710 1470
5850 3470 4720 1460
5860 3490 4710 1470
5860 3490 4720 1490
5860 3490 4710 1510
5860 3500 4690 1510
5830 3500 4690 1490
5830 3500 4690 1500
5830 3490 4690 1500
5820 3490 4690 1490
5830 3480 4700 1500
5830 3480 4720 1510
5830 3480 4710 1500
5850 3470 4710 1500
5860 3490 4710 1500
5860 3490 4710 1520
5860 3490 4720 1530
5860 3480 4720 1530
5870 3480 4710 1540
5850 3490 4710 1520
5850 3490 4710 1530
5850 3490 4710 1500
5850 3480 4710 1500
5850 3470 4710 1500
5860 3470 4710 1510
5860 3470 4710 1510
5860 3480 4700 1520
5860 3500 4710 1510
5850 3500 4710 1500
5850 3500 4710 1500
5850 3490 4720 1500
5860 3490 4710 1510
5860 3490 4700 1470
5860 3490 4700 1470
5850 3470 4710 1490
5850 3490 4700 1500
5860 3480 4700 1530
5860 3490 4700 1530
5860 3490 4700 1530
5860 3480 4710 1530
5860 3480 4710 1520
5860 3490 4720 1500
5860 3500 4730 1500
5860 3500 4720 1500
5860 3500 4710 1500
5860 3500 4710 1510
5860 3500 4700 1520
5860 3490 4710 1520
5880 3490 4710 1520
5870 3490 4720 1520
5880 3490 4700 1520
5870 3480 4700 1510
5860 3490 4710 1500
5850 3490 4720 1510
5850 3500 4720 1510
5860 3490 4710 1510
5860 3480 4720 1500
5860 3500 4730 1500
5870 3480 4720 1510
5870 3470 4720 1520
5870 3460 4720 1520
5870 3470 4710 1520
5860 3480 4720 1500
5870 3480 4720 1500
5870 3500 4710 1500
5860 3500 4710 1500
5860 3490 4720 1510
5850 3480 4720 1500
5850 3480 4710 1500
5860 3480 4700 1510
5860 3480 4710 1490
5860 3470 4710 1500
5860 3470 4690 1490
5870 3470 4700 1490
5870 3470 4720 1500
5870 3490 4720 1500
5860 3490 4710 1490
5860 3490 4710 1490
5860 3490 4720 1490
5860 3490 4720 1490
5860 3500 4720 1490
5860 3500 4720 1490
5870 3490 4720 1510
5860 3480 4710 1510
5850 3490 4710 1500
5850 3500 4710 1500
5850 3510 4720 1490
5850 3490 4710 1490
5850 3500 4710 1490
5850 3500 4710 1470
5850 3490 4720 1470
5860 3490 4710 1500
5860 3490 4700 1490
5850 3500 4720 1500
5850 3490 4720 1490
5850 3480 4710 1510
5850 3500 4710 1500
5850 3500 4700 1510
5850 3490 4700 1510
5860 3480 4710 1490
5870 3480 4710 1510
5870 3480 4720 1510
5860 3480 4710 1520
5860 3480 4700 1520
5860 3480 4700 1530
5860 3490 4710 1520
5860 3500 4710 1520
5860 3490 4710 1530
5860 3490 4720 1510
5860 3500 4710 1520
5870 3490 4710 1520
5860 3480 4710 1530
5870 3500 4710 1510
5860 3500 4710 1520
5870 3490 4710 1510
5860 3480 4710 1510
5860 3480 4710 1490
