6200 4040 4540 1010
6200 4040 4540 1010
6200 4050 4540 1010
6190 4040 4550 1010
6190 4040 4550 1010
6190 4030 4550 1000
6190 4030 4550 1010
6190 4020 4550 1010
6190 4020 4550 1010
6190 4020 4550 1020
6190 4020 4550 1010
6190 4020 4550 1010
6200 4030 4560 1000
6200 4020 4560 1000
6200 4020 4550 1000
6190 4020 4550 1000
6190 4020 4550 1000
6190 4040 4550 1010
6200 4030 4550 1000
6200 4040 4550 1000
6190 4030 4550 1000
6190 4040 4560 1010
6190 4040 4560 1000
6190 4030 4560 1010
6200 4020 4550 1010
6200 4020 4550 1010
6190 4030 4560 1020
6190 4030 4560 1020
6190 4030 4550 1000
6200 4030 4550 1000
6200 4030 4550 1010
6190 4020 4540 1010
6200 4030 4550 1010
6200 4040 4550 1000
6190 4020 4550 1010
6190 4010 4560 1010
6190 4020 4560 1010
6200 4030 4550 1010
6200 4040 4550 1010
6210 4030 4550 1010
6210 4020 4550 1010
6200 4020 4550 1010
6200 4030 4550 1010
6210 4050 4550 1010
6210 4040 4550 1010
6210 4050 4560 1000
6200 4050 4560 1000
6190 4050 4560 1000
6200 4040 4550 1010
6200 4050 4550 1020
6210 4040 4550 1020
6210 4050 4550 1020
6210 4030 4550 1010
6210 4030 4550 1010
6210 4020 4550 1000
6200 4030 4550 1000
6200 4040 4550 1000
6200 4050 4550 1020
6190 4040 4550 1030
6200 4050 4550 1020
6210 4040 4550 1010
6200 4030 4550 1010
6200 4020 4550 1020
6200 4020 4550 1010
6200 4010 4550 1020
6200 4030 4550 1010
6200 4010 4550 1010
6200 4030 4550 1010
6200 4040 4550 990
6200 4030 4550 990
6200 4030 4550 980
6190 4030 4550 980
6190 4030 4540 980
6200 4030 4550 970
6190 4030 4550 990
6190 4030 4550 990
6190 4020 4550 990
6190 4020 4550 990
6190 4030 4550 1000
6190 4040 4550 1000
6190 4030 4550 1000
6200 4030 4550 1010
6190 4030 4550 1010
6200 4040 4550 1010
6200 4030 4550 1000
6200 4040 4550 1010
6200 4050 4560 1010
6190 4040 4560 1010
6190 4050 4560 1010
6190 4050 4560 1010
6190 4040 4550 1010
6190 4050 4550 1000
6190 4050 4550 1000
6190 4040 4550 1000
6190 4030 4550 1000
6180 4030 4550 1020
6190 4040 4550 1010
6190 4030 4550 1010
6190 4030 4550 1010
6190 4020 4550 1000
6190 4030 4560 990
6190 4020 4560 990
6200 4010 4550 1010
6180 4020 4550 1000
6190 4020 4550 1010
6180 4010 4540 1020
6180 4010 4540 1010
6180 4020 4550 1010
6180 4040 4550 1020
6190 4050 4550 1030
6180 4060 4550 1000
6190 4060 4550 1000
6190 4030 4550 1010
6190 4030 4550 1010
6200 4040 4550 1010
6200 4030 4550 1010
6210 4030 4550 1010
6200 4040 4550 1010
6200 4040 4550 1010
6200 4030 4540 1000
6200 4040 4540 1000
6200 4040 4550 990
6190 4030 4550 990
6190 4040 4550 990
6190 4030 4550 990
6190 4030 4550 1000
6190 4040 4550 1010
6190 4050 4550 990
6190 4040 4550 1010
6200 4030 4550 1010
6210 4020 4550 1010
6190 4040 4550 1010
6200 4030 4550 1000
6190 4040 4550 990
6190 4020 4550 990
6190 4020 4550 1010
6190 4030 4560 1010
6190 4030 4550 1020
6190 4030 4550 1010
6190 4030 4550 1000
6190 4030 4550 990
6200 4010 4550 980
6190 4030 4560 1010
6190 4020 4550 1010
6190 4020 4550 1000
6180 4020 4550 990
6190 4040 4550 1010
6180 4050 4560 990
6180 4050 4550 990
6180 4010 4560 1020
6180 4010 4560 1010
6180 4010 4560 1010
6180 4020 4570 1010
6190 4040 4560 1000
6180 4030 4560 1000
6190 4040 4560 1020
6190 4040 4550 1010
6190 4060 4560 1010
6190 4050 4550 1000
6180 4040 4550 1000
6180 4030 4550 1000
6180 4030 4550 1020
6200 4020 4560 1020
6200 4020 4550 1020
6200 4040 4550 1000
6200 4050 4550 1000
6200 4040 4550 1010
6200 4020 4550 1010
6210 4020 4560 1010
6210 4020 4560 1020
6200 4020 4560 1000
6190 4030 4550 1010
6190 4040 4550 1000
6180 4040 4550 1010
6180 4030 4550 1000
6180 4020 4550 1000
6180 4020 4550 1000
6190 4040 4550 1000
6200 4030 4550 1000
6190 4020 4550 1000
6190 4020 4550 990
6200 4030 4560 980
6200 4030 4560 990
6200 4020 4560 990
