6550 4500 4450 640
6550 4510 4450 640
6550 4490 4450 640
6560 4480 4450 650
6560 4480 4450 640
6550 4480 4460 630
6550 4480 4450 640
6550 4490 4440 640
6550 4480 4450 660
6550 4480 4450 650
6550 4500 4450 630
6550 4500 4450 640
6550 4500 4450 620
6560 4480 4450 630
6550 4490 4450 640
6540 4480 4450 640
6530 4500 4450 620
6530 4520 4480 630
6540 4510 4490 650
6540 4500 4490 660
6540 4510 4480 650
6540 4490 4470 650
6550 4500 4470 620
6540 4500 4460 640
6540 4500 4480 640
6540 4500 4460 630
6540 4510 4450 630
6540 4500 4450 630
6540 4510 4450 620
6540 4520 4460 640
6540 4510 4450 640
6540 4490 4460 640
6540 4490 4450 640
6540 4500 4460 650
6540 4500 4450 650
6540 4510 4460 630
6540 4510 4460 620
6540 4490 4470 640
6540 4480 4470 650
6540 4480 4470 640
6540 4480 4480 650
6540 4490 4480 650
6540 4500 4470 650
6540 4500 4460 650
6540 4500 4460 640
6540 4500 4460 650
6540 4510 4450 640
6530 4520 4460 650
6530 4500 4460 640
6540 4510 4470 650
6550 4510 4470 650
6550 4510 4480 660
6550 4500 4460 650
6550 4500 4450 640
6550 4490 4450 640
6540 4490 4450 630
6540 4480 4460 620
6550 4490 4460 640
6550 4490 4460 640
6540 4480 4460 640
6540 4490 4460 640
6540 4500 4460 650
6540 4500 4460 640
6560 4500 4450 640
6560 4520 4450 650
6550 4500 4450 630
6550 4490 4460 630
6550 4490 4480 620
6550 4490 4490 630
6540 4490 4480 630
6540 4480 4470 620
6540 4480 4470 620
6540 4480 4470 630
6540 4490 4470 640
6540 4500 4480 640
6540 4520 4470 640
6540 4510 4480 640
6540 4500 4470 640
6540 4490 4470 630
6540 4490 4470 630
6530 4500 4470 640
6530 4490 4460 640
6530 4500 4470 630
6540 4490 4460 630
6540 4500 4480 640
6540 4520 4440 650
6540 4500 4440 650
6540 4500 4440 650
6540 4500 4460 640
6540 4500 4450 640
6540 4500 4460 640
6540 4490 4480 640
6540 4500 4470 650
6540 4500 4470 640
6530 4500 4470 650
6530 4500 4460 640
6540 4490 4460 640
6540 4490 4450 640
6540 4490 4450 640
6540 4480 4460 630
6550 4480 4450 640
6550 4480 4450 640
6540 4500 4460 640
6540 4500 4460 640
6540 4520 4470 640
6540 4520 4470 630
6550 4510 4460 630
6550 4500 4480 630
6550 4500 4480 640
6550 4500 4490 650
6550 4500 4480 650
6550 4490 4480 640
6550 4500 4480 630
6550 4480 4480 640
6550 4490 4470 630
6550 4500 4480 630
6540 4500 4480 640
6540 4500 4480 640
6540 4500 4470 650
6540 4490 4470 640
6530 4510 4470 640
6530 4500 4460 640
6540 4500 4450 640
6540 4500 4460 640
6540 4490 4450 640
6540 4490 4450 630
6540 4490 4450 640
6540 4490 4470 640
6540 4500 4470 640
6540 4500 4470 640
6540 4500 4470 640
6540 4500 4470 650
6540 4500 4490 650
6540 4510 4490 640
6540 4500 4480 630
6540 4490 4470 640
6550 4500 4460 640
6540 4490 4450 630
6540 4500 4450 630
6540 4500 4460 630
6540 4500 4450 630
6540 4490 4470 630
6540 4500 4470 640
6540 4500 4460 640
6540 4500 4450 640
6530 4480 4450 620
6530 4480 4450 620
6530 4480 4450 620
6530 4490 4450 620
6530 4500 4450 620
6530 4500 4470 630
6530 4500 4460 630
6520 4510 4460 640
6520 4500 4460 640
6530 4500 4480 640
6530 4500 4480 640
6530 4500 4480 630
6540 4490 4470 640
6550 4490 4460 630
6550 4490 4460 640
6550 4480 4460 640
6550 4480 4460 640
6540 4480 4450 640
6550 4480 4450 640
6550 4480 4450 640
6550 4490 4460 640
6540 4490 4450 640
6540 4490 4440 630
6540 4480 4450 630
6540 4480 4450 640
6540 4480 4450 640
6540 4480 4450 640
6540 4480 4450 630
6540 4490 4450 630
6540 4500 4450 630
6550 4500 4450 620
6540 4500 4470 630
6540 4500 4470 630
6530 4500 4470 630
6540 4520 4460 640
6540 4530 4450 640
