950 4560 4520 6450
940 4560 4520 6450
930 4550 4510 6440
930 4550 4510 6440
920 4560 4510 6440
930 4560 4510 6440
930 4560 4500 6440
930 4560 4520 6440
930 4550 4520 6440
920 4560 4520 6440
930 4570 4520 6440
930 4570 4520 6440
930 4570 4520 6440
920 4570 4520 6450
920 4570 4510 6450
910 4570 4500 6440
920 4570 4500 6440
920 4560 4520 6440
910 4560 4520 6440
920 4560 4510 6440
930 4560 4500 6450
930 4550 4500 6470
930 4560 4500 6470
940 4550 4490 6470
940 4550 4490 6470
950 4560 4500 6470
950 4560 4510 6440
940 4560 4520 6430
940 4550 4530 6430
930 4560 4520 6430
930 4560 4520 6430
930 4560 4520 6440
920 4560 4520 6440
920 4560 4530 6440
910 4550 4510 6450
920 4550 4520 6450
930 4560 4520 6470
930 4560 4520 6470
930 4560 4520 6450
940 4540 4520 6450
920 4550 4520 6440
920 4550 4530 6440
930 4550 4530 6450
930 4550 4510 6440
930 4550 4510 6440
920 4550 4520 6440
950 4540 4520 6440
950 4550 4520 6430
920 4550 4500 6450
920 4560 4520 6450
930 4560 4520 6450
940 4560 4520 6450
930 4560 4520 6450
920 4560 4530 6450
930 4550 4530 6440
940 4550 4530 6450
950 4550 4540 6450
950 4550 4540 6450
940 4550 4530 6450
950 4550 4530 6450
940 4560 4530 6440
950 4570 4530 6440
940 4560 4530 6450
930 4570 4530 6450
940 4560 4530 6440
940 4550 4530 6470
940 4550 4530 6450
940 4550 4520 6470
930 4550 4520 6480
920 4530 4520 6470
930 4540 4520 6470
930 4540 4520 6450
930 4550 4510 6470
920 4560 4500 6450
910 4560 4500 6450
910 4560 4500 6450
920 4560 4500 6440
930 4550 4510 6450
920 4550 4520 6450
920 4550 4520 6450
930 4550 4520 6450
930 4560 4520 6450
930 4560 4530 6450
920 4560 4530 6450
920 4560 4530 6470
940 4560 4530 6490
930 4560 4530 6470
930 4560 4530 6450
930 4560 4530 6450
930 4560 4520 6450
950 4560 4520 6450
960 4560 4520 6440
960 4560 4520 6450
960 4560 4520 6440
960 4560 4520 6440
940 4560 4520 6440
930 4560 4510 6440
940 4560 4500 6450
930 4560 4510 6470
930 4560 4510 6480
940 4560 4520 6490
940 4560 4530 6470
940 4560 4530 6480
920 4570 4520 6480
910 4550 4520 6480
940 4550 4520 6450
920 4560 4530 6440
910 4560 4520 6450
910 4550 4520 6450
940 4550 4520 6450
930 4550 4520 6450
920 4540 4510 6450
910 4550 4520 6450
930 4550 4510 6450
940 4560 4510 6470
950 4570 4520 6470
940 4570 4520 6450
930 4570 4520 6450
920 4570 4510 6450
940 4560 4520 6450
930 4560 4530 6450
930 4550 4520 6470
920 4550 4520 6470
910 4550 4520 6450
920 4550 4530 6470
910 4560 4530 6470
940 4570 4530 6450
930 4560 4530 6470
950 4560 4510 6450
940 4560 4510 6450
920 4560 4510 6470
920 4560 4520 6450
930 4570 4520 6450
920 4570 4520 6440
930 4560 4520 6450
930 4560 4520 6450
920 4550 4520 6450
940 4550 4510 6440
930 4550 4520 6450
920 4550 4520 6440
910 4550 4530 6440
920 4550 4520 6440
930 4560 4520 6450
940 4550 4520 6450
950 4570 4520 6450
950 4570 4510 6440
940 4570 4520 6440
950 4550 4530 6480
940 4550 4500 6480
950 4540 4510 6480
930 4540 4510 6450
950 4560 4530 6470
960 4560 4520 6440
960 4560 4520 6450
940 4560 4510 6450
960 4560 4510 6470
960 4560 4520 6470
960 4560 4520 6470
960 4560 4520 6470
950 4550 4520 6470
950 4550 4520 6470
950 4550 4510 6470
920 4550 4520 6450
930 4540 4520 6450
930 4550 4530 6470
930 4550 4530 6450
920 4550 4530 6440
920 4550 4530 6440
900 4580 4530 6450
900 4570 4530 6470
930 4570 4520 6450
950 4550 4520 6450
940 4570 4530 6440
960 4570 4530 6440
950 4560 4530 6440
950 4560 4530 6450
950 4560 4530 6450
950 4570 4520 6470
950 4570 4520 6480
940 4570 4520 6470
940 4570 4530 6470
940 4560 4520 6450
940 4560 4520 6440
940 4560 4530 6440
950 4570 4530 6440
950 4570 4530 6440
950 4560 4530 6440
950 4560 4520 6440
940 4560 4520 6440
930 4550 4520 6470
920 4550 4520 6470
930 4550 4520 6480
930 4560 4500 6470
