1230 4630 4080 6120
1220 4630 4080 6120
1210 4620 4080 6130
1240 4620 4080 6140
1240 4620 4080 6140
1240 4620 4080 6130
1220 4620 4080 6130
1230 4610 4080 6130
1250 4610 4080 6120
1240 4610 4080 6120
1230 4620 4080 6120
1220 4630 4080 6120
1230 4630 4080 6120
1220 4630 4080 6110
1210 4630 4080 6120
1230 4630 4080 6120
1220 4640 4080 6120
1220 4630 4090 6130
1200 4620 4090 6140
1220 4610 4090 6140
1230 4620 4090 6130
1240 4620 4090 6140
1240 4610 4100 6130
1240 4610 4090 6130
1260 4600 4090 6130
1250 4620 4080 6120
1240 4610 4080 6130
1240 4620 4080 6130
1240 4620 4080 6130
1230 4610 4080 6130
1220 4610 4080 6120
1210 4630 4080 6120
1210 4630 4090 6130
1230 4630 4080 6130
1230 4640 4080 6130
1240 4640 4090 6130
1260 4640 4090 6130
1260 4640 4080 6140
1260 4640 4080 6140
1240 4640 4080 6130
1220 4640 4080 6130
1210 4640 4100 6130
1220 4640 4090 6130
1240 4640 4090 6130
1220 4620 4080 6140
1240 4610 4080 6140
1230 4620 4080 6140
1220 4620 4080 6140
1210 4620 4080 6130
1220 4610 4080 6130
1220 4610 4080 6130
1220 4610 4080 6130
1230 4610 4080 6130
1220 4610 4090 6130
1250 4620 4080 6120
1250 4630 4090 6120
1240 4640 4090 6120
1220 4630 4080 6120
1220 4620 4080 6110
1240 4610 4080 6120
1230 4610 4080 6120
1230 4620 4080 6120
1220 4610 4080 6130
1210 4610 4080 6130
1230 4600 4080 6130
1250 4600 4080 6120
1250 4610 4080 6120
1230 4610 4090 6110
1270 4630 4100 6110
1250 4630 4100 6120
1250 4620 4100 6120
1240 4630 4090 6130
1230 4640 4080 6130
1210 4630 4080 6120
1200 4630 4090 6120
1200 4630 4090 6120
1210 4620 4090 6120
1230 4630 4090 6110
1210 4630 4090 6120
1210 4640 4100 6120
1260 4640 4090 6110
1270 4640 4090 6120
1250 4630 4090 6120
1230 4620 4080 6120
1240 4620 4080 6120
1240 4620 4080 6120
1240 4610 4080 6120
1250 4610 4090 6110
1260 4630 4090 6120
1230 4640 4090 6120
1230 4640 4090 6120
1210 4640 4100 6120
1220 4620 4080 6110
1240 4620 4090 6110
1240 4620 4090 6110
1260 4630 4080 6120
1230 4630 4090 6120
1220 4630 4080 6120
1240 4620 4080 6120
1250 4620 4080 6120
1250 4620 4080 6120
1240 4620 4080 6120
1240 4620 4080 6120
1250 4620 4080 6120
1250 4620 4090 6120
1220 4610 4090 6120
1210 4620 4090 6120
1210 4630 4090 6110
1210 4630 4080 6110
1220 4620 4080 6110
1210 4630 4090 6110
1210 4640 4090 6110
1210 4640 4100 6110
1220 4640 4090 6110
1220 4640 4090 6120
1230 4640 4090 6120
1230 4640 4100 6120
1230 4640 4090 6120
1250 4640 4080 6120
1210 4640 4080 6120
1210 4630 4090 6120
1210 4610 4090 6120
1230 4610 4090 6120
1240 4620 4080 6120
1220 4620 4080 6130
1220 4620 4080 6120
1230 4610 4080 6120
1220 4610 4090 6120
1210 4620 4080 6130
1200 4630 4080 6120
1200 4610 4080 6120
1210 4620 4080 6110
1220 4620 4080 6130
1220 4620 4090 6120
1230 4610 4090 6120
1210 4610 4080 6120
1210 4620 4090 6110
1210 4620 4080 6110
1210 4620 4080 6110
1210 4620 4080 6110
1240 4620 4090 6110
1260 4630 4090 6120
1260 4630 4090 6120
1260 4630 4090 6120
1240 4640 4090 6110
1200 4640 4090 6110
1210 4630 4090 6120
1210 4630 4080 6130
1210 4630 4090 6130
1210 4630 4090 6130
1210 4630 4080 6130
1210 4630 4080 6120
1210 4630 4080 6120
1200 4640 4080 6120
1200 4630 4090 6120
1220 4620 4080 6110
