1620 4710 3600 5800
1610 4710 3600 5800
1620 4720 3600 5800
1630 4720 3590 5800
1630 4720 3600 5800
1630 4710 3600 5800
1610 4720 3610 5800
1610 4720 3600 5810
1610 4720 3600 5810
1610 4720 3590 5820
1610 4710 3580 5820
1620 4710 3590 5820
1640 4690 3590 5820
1640 4690 3600 5820
1630 4690 3600 5820
1630 4690 3600 5820
1620 4690 3590 5820
1620 4690 3590 5820
1620 4710 3600 5820
1640 4730 3600 5820
1640 4710 3580 5820
1640 4720 3590 5820
1640 4730 3590 5820
1640 4720 3580 5810
1640 4710 3580 5810
1630 4720 3590 5820
1620 4710 3600 5810
1630 4710 3590 5820
1630 4710 3590 5820
1630 4720 3590 5820
1630 4720 3590 5820
1620 4720 3580 5810
1620 4710 3580 5820
1620 4710 3580 5820
1630 4710 3580 5810
1640 4710 3590 5810
1630 4710 3600 5810
1630 4700 3610 5810
1630 4710 3610 5810
1630 4710 3600 5810
1630 4710 3590 5810
1650 4710 3590 5820
1640 4710 3600 5810
1630 4710 3600 5810
1630 4710 3610 5810
1640 4700 3610 5810
1620 4710 3600 5820
1630 4710 3600 5820
1630 4710 3600 5820
1620 4720 3580 5820
1620 4720 3580 5810
1640 4720 3590 5820
1670 4720 3590 5810
1660 4720 3590 5820
1660 4710 3580 5810
1640 4710 3590 5810
1630 4710 3600 5800
1630 4720 3580 5820
1630 4720 3580 5820
1660 4730 3590 5810
1630 4720 3600 5810
1630 4720 3580 5820
1630 4720 3570 5820
1630 4710 3580 5810
1610 4710 3590 5820
1610 4710 3590 5820
1610 4720 3580 5820
1620 4720 3590 5810
1620 4710 3590 5810
1610 4710 3580 5810
1620 4720 3580 5810
1620 4740 3600 5820
1630 4740 3600 5820
1630 4720 3590 5820
1610 4730 3590 5820
1630 4740 3580 5820
1630 4740 3590 5820
1630 4740 3590 5820
1620 4740 3580 5820
1600 4730 3580 5820
1600 4730 3580 5820
1600 4740 3580 5810
1600 4740 3590 5810
1590 4740 3600 5810
1600 4730 3590 5810
1610 4730 3600 5810
1620 4720 3590 5820
1610 4720 3600 5810
1610 4710 3600 5810
1620 4710 3590 5810
1630 4730 3590 5810
1640 4730 3590 5820
1640 4720 3600 5820
1630 4730 3590 5810
1640 4730 3600 5810
1650 4730 3600 5810
1650 4730 3600 5820
1650 4730 3610 5820
1640 4700 3600 5820
1640 4700 3600 5820
1640 4700 3590 5820
1640 4710 3580 5820
1650 4710 3590 5820
1650 4700 3590 5820
1650 4710 3590 5830
1630 4730 3590 5830
1660 4710 3600 5830
1650 4710 3590 5830
1650 4710 3590 5830
1660 4720 3600 5850
1640 4720 3600 5830
1630 4720 3600 5820
1620 4730 3590 5820
1610 4740 3600 5820
1620 4740 3600 5820
1620 4730 3600 5820
1620 4730 3590 5820
1610 4730 3590 5810
1610 4730 3580 5810
1610 4730 3590 5810
1620 4720 3600 5820
1620 4720 3600 5820
1620 4710 3600 5820
1630 4730 3590 5810
1630 4730 3590 5810
1630 4730 3590 5810
1640 4730 3600 5810
1640 4730 3600 5810
1630 4730 3600 5820
1630 4730 3600 5830
1640 4730 3600 5830
1630 4730 3590 5820
1640 4730 3590 5820
1640 4730 3590 5810
1630 4720 3590 5820
1620 4730 3590 5810
1620 4730 3600 5810
1640 4720 3580 5820
1640 4730 3580 5820
1640 4730 3590 5810
1640 4730 3600 5800
1640 4730 3600 5800
1650 4740 3610 5800
1650 4740 3610 5810
1640 4730 3610 5810
