2090 4890 3080 5450
2080 4920 3070 5450
2090 4920 3070 5440
2090 4920 3080 5430
2090 4910 3070 5430
2090 4910 3070 5430
2070 4910 3070 5440
2080 4910 3080 5440
2080 4910 3080 5440
2090 4920 3080 5440
2090 4910 3070 5440
2090 4910 3060 5460
2080 4890 3070 5440
2070 4890 3070 5450
2070 4910 3060 5450
2080 4910 3050 5450
2070 4910 3050 5440
2070 4910 3060 5440
2070 4890 3070 5450
2070 4890 3060 5450
2080 4910 3060 5460
2090 4910 3060 5450
2080 4920 3060 5450
2080 4910 3070 5450
2070 4910 3070 5430
2070 4910 3070 5440
2080 4890 3060 5430
2070 4890 3070 5440
2070 4890 3060 5430
2080 4910 3050 5440
2080 4910 3050 5440
2080 4920 3070 5450
2070 4920 3060 5450
2070 4910 3070 5450
2070 4910 3060 5450
2070 4920 3050 5450
2080 4910 3050 5450
2070 4880 3060 5440
2080 4880 3060 5430
2080 4880 3060 5430
2070 4880 3050 5440
2110 4880 3080 5440
2090 4890 3060 5450
2090 4910 3060 5460
2090 4910 3050 5460
2090 4890 3060 5460
2090 4910 3050 5450
2090 4910 3050 5440
2090 4910 3050 5440
2090 4880 3050 5440
2080 4890 3050 5430
2080 4890 3060 5440
2080 4890 3060 5450
2070 4890 3030 5440
2080 4890 3050 5430
2070 4890 3060 5440
2090 4890 3070 5460
2080 4910 3060 5460
2070 4910 3070 5450
2080 4910 3080 5450
2070 4910 3080 5440
2070 4890 3060 5440
2090 4890 3060 5440
2090 4910 3060 5430
2090 4890 3070 5430
2120 4910 3060 5440
2120 4910 3060 5430
2120 4890 3060 5450
2120 4880 3050 5440
2110 4880 3030 5440
2110 4890 3050 5440
2120 4890 3050 5440
2110 4880 3060 5440
2090 4890 3060 5440
2110 4890 3050 5440
2110 4890 3060 5440
2090 4890 3060 5440
2110 4890 3070 5430
2090 4890 3070 5440
2090 4890 3060 5440
2090 4890 3060 5440
2090 4890 3060 5440
2110 4880 3060 5440
2110 4890 3060 5450
2110 4910 3050 5450
2120 4920 3050 5450
2120 4890 3050 5450
2120 4890 3050 5440
2110 4890 3060 5440
2110 4890 3060 5430
2110 4890 3050 5420
2110 4890 3070 5430
2120 4890 3060 5440
2110 4910 3050 5440
2110 4910 3050 5440
2110 4890 3050 5450
2120 4890 3050 5450
2110 4890 3050 5440
2120 4890 3060 5440
2110 4890 3050 5440
2110 4890 3050 5440
2110 4910 3060 5440
2120 4910 3070 5440
2120 4890 3070 5440
2120 4890 3070 5440
2110 4890 3070 5440
2110 4890 3070 5450
2110 4890 3070 5450
2120 4880 3060 5440
2120 4880 3050 5430
2110 4880 3030 5440
2110 4880 3030 5440
2110 4870 3060 5440
2110 4860 3060 5450
2090 4880 3070 5470
2090 4890 3060 5460
2090 4890 3060 5450
2090 4890 3050 5440
2120 4890 3050 5450
2120 4890 3060 5450
2110 4890 3060 5440
2110 4890 3060 5440
2110 4880 3060 5440
2110 4890 3070 5440
2110 4890 3070 5440
2110 4890 3070 5440
2120 4880 3070 5440
2120 4880 3060 5440
2120 4880 3060 5450
2110 4890 3050 5440
2120 4890 3050 5430
2130 4890 3050 5420
2130 4910 3070 5430
2130 4910 3070 5440
2120 4910 3070 5440
2130 4910 3070 5450
2130 4910 3070 5450
2130 4910 3060 5450
2140 4910 3050 5450
2140 4910 3030 5450
2140 4910 3060 5450
2130 4910 3060 5440
2130 4920 3050 5440
2120 4920 3050 5440
2120 4890 3070 5440
2110 4880 3070 5430
2110 4880 3070 5430
2110 4910 3070 5430
2110 4890 3060 5440
2110 4890 3060 5450
2110 4880 3060 5450
2110 4890 3070 5450
2090 4880 3060 5450
2120 4880 3060 5450
2110 4880 3060 5450
2110 4890 3070 5440
2090 4890 3060 5430
2110 4890 3070 5430
2110 4890 3050 5430
2120 4890 3030 5430
2110 4890 3050 5440
2110 4880 3050 5430
2120 4880 3080 5430
2110 4890 3080 5440
2110 4880 3060 5430
2110 4890 3050 5430
