2550 5100 2580 5190
2550 5090 2580 5190
2550 5090 2570 5190
2550 5100 2560 5190
2550 5130 2560 5180
2550 5130 2560 5180
2550 5130 2550 5180
2550 5120 2550 5190
2550 5130 2540 5190
2550 5130 2550 5200
2540 5120 2550 5200
2540 5130 2550 5190
2540 5100 2560 5190
2540 5100 2550 5190
2550 5110 2550 5190
2550 5130 2550 5200
2550 5130 2550 5200
2550 5120 2550 5200
2550 5130 2550 5190
2550 5120 2550 5180
2550 5120 2560 5180
2550 5110 2570 5190
2550 5110 2570 5190
2550 5130 2560 5210
2540 5130 2550 5190
2540 5120 2550 5190
2540 5110 2570 5190
2540 5110 2560 5190
2540 5120 2550 5190
2540 5130 2550 5190
2550 5120 2550 5190
2550 5110 2560 5190
2550 5110 2560 5190
2550 5110 2580 5200
2550 5110 2570 5190
2550 5110 2550 5190
2550 5110 2550 5190
2550 5110 2560 5190
2550 5110 2560 5190
2550 5130 2570 5200
2550 5130 2560 5200
2540 5120 2560 5200
2550 5130 2560 5190
2550 5130 2560 5190
2550 5120 2550 5200
2550 5120 2550 5200
2540 5120 2560 5190
2540 5110 2560 5190
2550 5100 2560 5200
2550 5110 2560 5200
2550 5110 2550 5200
2550 5110 2550 5200
2550 5110 2550 5200
2550 5100 2550 5190
2550 5110 2550 5190
2550 5110 2550 5190
2550 5100 2570 5190
2550 5120 2560 5210
2550 5120 2550 5190
2550 5120 2560 5200
2550 5140 2580 5200
2550 5120 2570 5200
2550 5110 2580 5200
2550 5130 2570 5190
2550 5120 2560 5190
2550 5110 2570 5190
2550 5130 2560 5200
2550 5140 2570 5190
2550 5140 2570 5190
2550 5140 2570 5190
2550 5130 2570 5190
2550 5130 2570 5190
2550 5120 2560 5190
2550 5130 2560 5190
2560 5130 2570 5200
2560 5120 2560 5200
2560 5130 2560 5190
2560 5130 2560 5190
2560 5120 2560 5190
2560 5130 2560 5190
2560 5130 2560 5190
2560 5120 2560 5190
2560 5110 2560 5190
2560 5120 2560 5190
2560 5110 2560 5190
2560 5120 2550 5190
2560 5120 2550 5190
2560 5120 2550 5190
2560 5120 2550 5190
2550 5120 2570 5190
2560 5120 2570 5190
2560 5120 2570 5190
2560 5130 2550 5190
2560 5120 2550 5190
2560 5130 2550 5190
2560 5120 2550 5190
2560 5130 2550 5190
2560 5110 2550 5190
2560 5110 2550 5190
2560 5110 2550 5190
2550 5110 2550 5190
2550 5100 2560 5200
2550 5100 2560 5200
2550 5100 2560 5200
2550 5110 2550 5200
2550 5100 2540 5200
2550 5100 2550 5200
2550 5100 2550 5200
2560 5120 2550 5200
2550 5130 2540 5200
2550 5130 2550 5190
2550 5130 2550 5190
2550 5140 2550 5190
2550 5130 2550 5190
2550 5110 2550 5190
2550 5120 2550 5190
2560 5130 2550 5200
2560 5130 2550 5200
2560 5130 2550 5200
2560 5130 2550 5200
2560 5130 2560 5200
2550 5120 2570 5200
2550 5130 2570 5200
2550 5130 2570 5200
2550 5130 2560 5200
2550 5120 2560 5200
