3060 5400 2040 4950
3060 5400 2040 4950
3060 5400 2040 4960
3060 5400 2040 4960
3050 5380 2050 4950
3060 5380 2050 4960
3060 5380 2050 4960
3060 5380 2040 4950
3060 5390 2040 4950
3060 5390 2040 4950
3060 5400 2040 4970
3060 5400 2040 4980
3050 5400 2030 4970
3030 5390 2040 4960
3050 5390 2030 4970
3030 5400 2030 4970
3030 5390 2040 4970
3030 5390 2040 4970
3030 5390 2050 4960
3050 5400 2040 4960
3030 5400 2040 4960
3030 5390 2040 4950
3050 5390 2050 4970
3060 5390 2040 4950
3060 5400 2040 4970
3050 5390 2040 4960
3050 5390 2040 4950
3050 5390 2040 4950
3050 5390 2050 4950
3050 5390 2040 4940
3050 5390 2040 4940
3030 5410 2030 4960
3060 5380 2050 4960
3050 5380 2050 4970
3030 5400 2050 4970
3020 5400 2050 4960
3020 5400 2050 4970
3050 5390 2040 4980
3050 5390 2020 4950
3050 5400 2050 4940
3030 5400 2050 4940
3020 5400 2050 4940
3050 5400 2040 4970
3050 5390 2040 4970
3020 5390 2030 4960
3020 5380 2030 4960
3020 5380 2030 4950
3050 5390 2040 4970
3050 5390 2040 4970
3060 5390 2030 4960
3060 5380 2030 4950
3070 5380 2030 4950
3070 5370 2040 4960
3060 5370 2030 4950
3030 5370 2020 4960
3030 5390 2020 4960
3030 5390 2020 4980
3030 5400 2040 4970
3030 5390 2040 4970
3050 5390 2030 4970
3050 5380 2040 4970
3060 5380 2040 4960
3060 5380 2050 4960
3060 5380 2040 4950
3060 5380 2040 4960
3070 5390 2040 4980
3070 5390 2040 4970
3060 5390 2030 4960
3060 5390 2040 4960
3070 5410 2030 4950
3060 5410 2020 4950
3050 5410 2020 4960
3050 5410 2030 4950
3060 5400 2020 4960
3030 5380 2030 4960
3020 5400 2030 4970
3020 5400 2030 4960
3030 5380 2050 4970
3030 5390 2050 4950
3050 5380 2050 4960
3050 5380 2040 4950
3030 5380 2040 4950
3050 5380 2030 4950
3050 5400 2020 4980
3050 5400 2030 4950
3050 5400 2020 4960
3030 5400 2020 4950
3030 5390 2030 4960
3030 5390 2030 4960
3050 5390 2030 4960
3050 5390 2030 4950
3030 5400 2040 4940
3050 5390 2040 4960
3050 5390 2040 4940
3030 5390 2040 4960
3030 5390 2040 4950
3030 5390 2040 4940
3020 5400 2040 4940
3060 5390 2050 4940
3060 5400 2050 4940
3060 5400 2050 4940
3050 5400 2050 4940
3050 5390 2050 4960
3050 5400 2060 4990
3050 5390 2050 4960
3050 5390 2050 4960
3060 5390 2050 4970
3060 5380 2040 4980
3070 5380 2040 4990
3060 5400 2030 4990
3070 5400 2030 4990
3030 5400 2030 4960
3030 5410 2020 4960
3020 5400 2030 4960
3020 5390 2020 4950
3020 5390 2030 4950
3020 5390 2030 4950
3030 5390 2040 4940
3060 5380 2040 4940
3060 5380 2040 4940
3060 5380 2030 4940
3050 5370 2040 4940
3050 5380 2040 4940
3050 5380 2040 4950
3050 5390 2040 4950
3050 5390 2040 4950
3020 5400 2030 4940
3030 5400 2040 4950
3030 5400 2040 4940
3030 5420 2040 4950
3050 5410 2050 4960
3050 5390 2050 4950
3050 5390 2040 4960
3050 5390 2040 4960
3050 5400 2040 4970
3050 5400 2040 4960
3060 5400 2050 4960
3060 5400 2040 4960
3060 5390 2040 4960
3050 5400 2040 4960
3030 5390 2040 4960
3030 5390 2040 4950
3030 5380 2040 4960
3050 5400 2040 4960
3030 5400 2030 4960
3050 5400 2040 4960
3060 5390 2040 4960
3060 5390 2040 4960
3060 5390 2040 4960
3050 5390 2040 4950
3060 5390 2040 4950
3030 5390 2040 4950
3030 5380 2040 4950
3030 5380 2040 4960
3050 5390 2030 4970
3030 5410 2040 4960
3050 5410 2040 4960
3030 5410 2040 4960
3030 5400 2040 4980
3030 5400 2040 4970
3020 5400 2040 4970
3030 5390 2030 4960
3030 5390 2040 4950
3030 5390 2040 4950
3030 5390 2040 4950
3030 5390 2040 4960
3030 5390 2040 4960
