3710 5000 2250 3690
3710 4990 2250 3680
3710 4990 2260 3680
3710 4990 2260 3680
3720 4980 2260 3680
3720 4990 2260 3690
3720 4990 2260 3690
3720 4990 2260 3690
3720 5000 2260 3680
3720 5000 2260 3680
3720 5000 2260 3680
3720 4990 2260 3700
3720 4990 2260 3700
3710 5000 2260 3690
3720 5000 2260 3690
3720 4990 2260 3690
3720 4990 2260 3670
3720 4990 2260 3650
3720 4990 2270 3670
3720 4990 2270 3650
3720 4990 2260 3670
3720 4990 2260 3670
3720 4980 2250 3680
3720 4980 2260 3680
3730 4990 2270 3690
3730 4990 2270 3690
3720 4980 2260 3710
3720 4990 2270 3700
3710 5000 2260 3690
3710 4990 2270 3700
3710 5000 2260 3690
3710 5000 2270 3710
3710 4980 2270 3720
3710 4970 2270 3770
3710 4980 2270 3760
3710 4970 2260 3750
3710 4970 2260 3740
3710 4990 2260 3730
3720 4990 2270 3710
3720 5000 2260 3700
3730 4990 2270 3720
3720 4980 2270 3720
3720 4980 2260 3720
3720 4990 2270 3740
3720 4980 2260 3730
3730 4970 2250 3750
3720 4970 2250 3740
3720 4970 2250 3750
3720 4990 2250 3740
3720 5000 2250 3730
3720 4990 2250 3720
3720 4990 2250 3730
3710 4990 2250 3720
3710 4990 2250 3730
3710 5000 2250 3720
3710 5000 2260 3720
3710 5000 2250 3720
3710 5000 2250 3750
3720 5010 2250 3750
3720 5020 2250 3740
3720 5020 2260 3740
3720 5010 2250 3740
3720 5000 2250 3730
3720 5000 2250 3740
3730 4990 2260 3740
3720 5000 2260 3750
3720 4990 2260 3740
3720 4990 2260 3730
3720 4990 2250 3740
3720 4990 2250 3740
3720 4990 2250 3730
3720 4990 2250 3730
3720 4990 2250 3750
3710 4980 2250 3740
3710 4980 2250 3740
3710 4990 2250 3730
3720 4990 2250 3720
3730 4990 2250 3720
3720 4990 2250 3710
3730 4990 2260 3720
3730 4990 2260 3720
3730 4990 2260 3720
3720 5000 2260 3720
3720 4990 2270 3720
3720 4980 2270 3730
3720 4980 2270 3720
3720 4980 2270 3720
3710 4980 2270 3710
3720 4980 2260 3720
3720 4970 2260 3710
3720 4980 2260 3710
3720 4980 2270 3720
3720 4980 2270 3720
3730 4990 2270 3720
3720 4990 2260 3720
3730 4980 2260 3720
3730 4980 2260 3730
3710 4970 2270 3720
3710 4980 2270 3730
3710 4970 2260 3720
3720 4970 2260 3720
3720 4990 2260 3720
3720 4990 2270 3730
3720 4990 2270 3720
3720 4990 2260 3720
3720 4990 2260 3720
3720 4980 2270 3730
3720 4990 2260 3740
3730 5000 2270 3740
3730 5000 2270 3740
3720 5000 2260 3730
3720 5000 2260 3730
3720 5010 2260 3720
3730 4990 2260 3720
3730 4980 2260 3720
3730 4980 2260 3720
3720 4990 2260 3720
3730 4990 2260 3730
3720 4980 2260 3730
3720 4980 2260 3710
3720 4990 2250 3730
3720 4990 2260 3730
3710 5010 2260 3720
3710 5010 2270 3730
3710 5000 2260 3720
3710 5000 2260 3720
3710 5000 2260 3710
3720 4990 2270 3720
3720 4990 2260 3730
3720 5000 2260 3730
3720 4990 2270 3720
3720 4990 2260 3730
3710 4990 2250 3720
3710 4990 2260 3710
3710 4990 2260 3710
3710 5000 2260 3710
3710 5000 2260 3710
3710 5010 2260 3720
3710 5000 2260 3710
3710 5000 2270 3710
3710 4990 2260 3730
3710 5000 2260 3740
3710 5020 2260 3740
3710 5020 2260 3730
3720 5020 2260 3730
3720 5020 2260 3740
3720 5000 2260 3740
3720 5000 2260 3740
3710 5000 2260 3750
3710 5000 2260 3740
3710 5000 2260 3740
3710 5000 2260 3730
3710 5000 2260 3720
3710 4990 2260 3730
