3540 5690 1540 4750
3540 5690 1540 4740
3550 5690 1540 4740
3540 5690 1540 4740
3540 5690 1550 4740
3530 5690 1550 4740
3550 5690 1560 4750
3550 5690 1560 4740
3550 5690 1560 4740
3550 5690 1540 4740
3550 5680 1550 4740
3560 5690 1560 4740
3550 5680 1560 4740
3560 5690 1560 4730
3560 5700 1550 4750
3560 5700 1560 4740
3540 5690 1560 4760
3530 5690 1530 4760
3540 5690 1530 4760
3560 5690 1540 4750
3560 5680 1530 4750
3550 5680 1530 4760
3550 5680 1540 4760
3550 5680 1530 4740
3550 5680 1530 4740
3550 5680 1540 4740
3550 5680 1530 4740
3550 5690 1530 4750
3550 5700 1520 4750
3550 5690 1530 4750
3540 5690 1530 4750
3540 5690 1540 4760
3550 5690 1550 4760
3550 5690 1550 4760
3550 5690 1550 4760
3550 5690 1540 4760
3560 5690 1550 4760
3540 5700 1540 4740
3550 5700 1550 4750
3550 5700 1540 4750
3550 5690 1540 4740
3550 5690 1550 4740
3550 5700 1560 4740
3540 5700 1540 4740
3540 5700 1540 4740
3530 5710 1540 4740
3560 5690 1540 4750
3560 5690 1540 4750
3560 5690 1550 4750
3550 5690 1550 4750
3550 5690 1550 4750
3550 5690 1550 4740
3550 5690 1550 4750
3550 5700 1540 4750
3560 5700 1540 4740
3560 5700 1540 4740
3560 5690 1550 4750
3560 5690 1540 4750
3560 5690 1540 4740
3560 5690 1540 4740
3550 5690 1530 4740
3550 5690 1520 4740
3550 5690 1520 4740
3550 5690 1530 4740
3550 5690 1520 4740
3560 5690 1530 4750
3560 5690 1540 4740
3560 5690 1550 4740
3550 5690 1550 4740
3550 5680 1530 4750
3550 5680 1530 4750
3550 5680 1530 4750
3550 5680 1550 4750
3550 5680 1540 4740
3550 5700 1540 4740
3550 5700 1550 4740
3550 5690 1550 4750
3540 5690 1550 4750
3550 5700 1540 4750
3560 5700 1540 4750
3560 5700 1550 4740
3560 5700 1550 4740
3560 5700 1540 4740
3560 5700 1540 4740
3560 5700 1530 4740
3560 5700 1530 4750
3560 5700 1530 4750
3560 5700 1540 4750
3560 5700 1530 4750
3560 5700 1530 4750
3560 5700 1550 4750
3560 5700 1550 4750
3560 5700 1530 4750
3560 5700 1540 4740
3560 5690 1540 4740
3560 5690 1530 4730
3560 5690 1540 4730
3560 5690 1540 4730
3560 5690 1530 4730
3560 5690 1530 4730
3570 5690 1520 4730
3570 5690 1550 4730
3570 5690 1540 4740
3550 5690 1540 4740
3550 5690 1540 4740
3550 5690 1540 4740
3560 5690 1530 4740
3560 5690 1540 4740
3560 5690 1540 4740
3560 5700 1560 4740
3560 5700 1560 4740
3560 5700 1550 4740
3560 5710 1550 4750
3560 5710 1550 4750
3560 5710 1550 4750
3560 5710 1550 4760
3580 5700 1550 4760
3570 5700 1570 4760
3570 5710 1570 4760
3570 5700 1560 4750
3580 5690 1560 4750
3570 5690 1550 4750
3570 5690 1560 4750
3550 5690 1560 4740
3550 5690 1550 4750
3550 5690 1550 4740
3550 5680 1550 4740
3560 5690 1550 4740
3550 5700 1550 4770
3550 5700 1560 4760
3550 5700 1560 4750
3550 5700 1550 4750
3550 5700 1560 4750
3560 5700 1560 4740
3550 5690 1560 4730
3550 5690 1560 4750
3550 5690 1540 4730
3550 5680 1550 4730
3560 5680 1550 4740
3560 5680 1560 4750
3560 5680 1560 4750
3560 5680 1550 4750
3570 5680 1550 4750
3570 5680 1540 4750
3570 5690 1540 4750
3570 5690 1540 4740
