4080 6020 1040 4620
4080 6020 1040 4620
4080 6010 1040 4630
4080 6010 1040 4630
4080 6010 1040 4630
4090 6010 1040 4630
4080 6010 1040 4640
4090 6010 1040 4630
4080 6000 1030 4620
4090 6020 1030 4650
4090 6020 1040 4650
4080 6020 1050 4650
4080 6020 1050 4650
4090 6020 1040 4650
4090 6010 1040 4640
4090 6010 1040 4640
4090 6010 1040 4630
4090 6010 1040 4630
4090 6010 1040 4630
4090 6010 1050 4640
4090 6010 1040 4640
4090 6010 1040 4630
4090 6020 1040 4620
4080 6020 1040 4620
4080 6010 1050 4630
4080 6020 1050 4630
4080 6020 1050 4630
4080 6020 1050 4630
4100 6010 1060 4630
4090 6010 1060 4630
4080 6010 1060 4630
4080 6020 1050 4630
4080 6020 1050 4630
4080 6010 1050 4630
4080 6020 1050 4630
4080 6020 1050 4630
4080 6020 1050 4630
4080 6020 1050 4630
4080 6020 1050 4630
4080 6020 1050 4630
4080 6010 1050 4610
4070 6020 1050 4620
4070 6010 1050 4620
4080 6010 1050 4620
4080 6010 1050 4630
4080 6000 1050 4630
4080 6000 1050 4630
4080 6000 1050 4630
4080 6000 1060 4630
4080 6010 1060 4630
4080 6010 1060 4620
4080 6010 1060 4620
4090 6010 1050 4620
4090 6010 1040 4630
4080 6000 1040 4640
4080 6000 1040 4640
4080 6000 1040 4640
4080 6000 1040 4640
4080 6000 1040 4640
4080 6010 1040 4650
4080 6010 1040 4640
4070 6010 1040 4640
4070 6010 1040 4640
4070 6010 1050 4630
4070 6010 1050 4630
4070 6010 1050 4630
4070 6010 1050 4630
4070 6010 1040 4630
4070 6010 1040 4630
4090 6010 1040 4630
4090 6010 1040 4630
4080 6010 1040 4640
4080 6010 1030 4630
4080 6010 1040 4630
4080 6010 1040 4630
4080 6020 1040 4630
4080 6010 1040 4630
4090 6010 1040 4630
4080 6010 1040 4630
4080 6000 1040 4640
4080 6010 1040 4650
4080 6000 1040 4650
4080 6000 1040 4640
4090 6000 1040 4640
4090 6010 1040 4640
4080 6010 1040 4640
4080 6010 1040 4640
4070 6010 1040 4640
4070 6010 1040 4640
4070 6010 1040 4640
4070 6010 1040 4640
4070 6010 1040 4640
4070 6010 1040 4640
4080 6010 1040 4640
4080 6000 1040 4640
4080 6000 1040 4640
4080 6000 1040 4640
4070 6010 1040 4630
4070 6010 1040 4630
4070 6010 1040 4630
4080 6010 1040 4620
4080 6010 1050 4620
4080 6010 1050 4610
4080 6010 1050 4620
4080 6010 1040 4630
4080 6010 1040 4630
4080 6010 1040 4630
4080 6010 1040 4630
4080 6010 1040 4630
4080 6010 1040 4630
4080 6010 1040 4630
4070 6000 1040 4630
4070 6010 1040 4630
4070 6010 1040 4630
4080 6010 1040 4640
4080 6010 1040 4640
4070 6010 1040 4630
4070 6010 1040 4650
4070 6010 1030 4640
4080 6010 1040 4630
4080 6010 1040 4630
4080 6020 1040 4630
4080 6010 1050 4630
4080 6000 1050 4620
4080 6000 1050 4620
4080 6000 1050 4620
4080 6000 1050 4620
4080 6000 1050 4620
4070 6000 1040 4640
4070 6000 1040 4640
4070 6000 1040 4640
4070 6000 1040 4630
4070 6000 1040 4630
4070 6000 1040 4630
4070 6000 1040 4630
4070 6000 1040 4630
4070 6000 1040 4630
4070 6000 1040 4630
4070 6010 1040 4630
4070 6010 1040 4630
4090 6010 1040 4630
4080 6010 1040 4630
4080 6010 1040 4630
4070 6010 1030 4630
4070 6010 1030 4640
4070 6010 1030 4640
4070 6010 1030 4640
4090 6010 1030 4640
4080 6000 1040 4630
4070 6000 1040 4630
4080 6010 1030 4630
4080 6010 1030 4630
4080 6010 1030 4630
4080 6010 1030 4630
4090 6010 1030 4630
4090 6010 1030 4630
4080 6010 1030 4630
4080 6010 1020 4630
4080 6010 1030 4630
4070 6000 1030 4630
4070 6000 1040 4630
4090 6000 1040 4630
4090 6000 1040 4630
4080 6000 1040 4630
4080 6000 1040 4630
4070 5990 1040 4630
4060 6000 1040 4630
4050 6000 1040 4630
4060 6000 1030 4630
4060 6000 1030 4630
4070 6000 1040 4620
4070 6000 1040 4620
4080 6010 1040 4620
