4580 6390 650 4480
4570 6390 640 4490
4570 6390 630 4490
4570 6390 630 4490
4570 6390 630 4490
4570 6400 640 4500
4570 6400 640 4500
4570 6390 640 4490
4570 6390 640 4490
4570 6390 640 4480
4570 6390 650 4480
4570 6390 650 4480
4570 6390 650 4480
4570 6390 650 4480
4560 6390 650 4480
4560 6390 640 4480
4550 6380 640 4480
4550 6390 630 4480
4550 6390 630 4490
4550 6390 640 4490
4550 6400 640 4490
4570 6390 640 4490
4570 6390 640 4500
4570 6390 640 4490
4570 6390 640 4500
4570 6390 640 4490
4570 6390 640 4490
4570 6400 650 4470
4580 6400 650 4470
4550 6400 640 4470
4550 6390 640 4480
4540 6390 640 4490
4560 6400 650 4490
4570 6390 640 4500
4570 6390 640 4500
4570 6400 630 4490
4570 6390 630 4480
4570 6390 640 4480
4560 6400 630 4480
4560 6400 640 4490
4570 6410 640 4480
4570 6410 640 4480
4580 6390 640 4490
4560 6390 640 4490
4560 6390 640 4500
4560 6380 640 4500
4570 6390 640 4490
4580 6390 640 4490
4570 6390 640 4480
4560 6400 640 4480
4570 6390 640 4490
4570 6390 640 4490
4580 6390 640 4480
4580 6390 630 4480
4580 6400 630 4490
4580 6410 630 4500
4600 6410 630 4480
4600 6400 630 4470
4610 6390 630 4470
4600 6400 640 4480
4600 6390 640 4480
4580 6390 640 4480
4580 6400 650 4490
4580 6400 650 4500
4580 6390 650 4490
4600 6410 640 4490
4580 6410 640 4500
4580 6400 640 4490
4570 6400 640 4480
4570 6390 640 4480
4570 6380 650 4490
4570 6380 650 4500
4570 6390 650 4490
4570 6390 640 4490
4570 6390 640 4490
4570 6390 640 4480
4570 6390 630 4480
4570 6410 630 4470
4570 6400 640 4480
4570 6400 640 4480
4570 6400 630 4490
4570 6410 630 4490
4570 6410 630 4480
4570 6400 630 4480
4570 6400 620 4490
4560 6390 630 4490
4560 6390 630 4490
4540 6380 630 4480
4540 6380 630 4490
4540 6380 630 4480
4550 6380 630 4480
4550 6380 630 4470
4550 6380 630 4470
4550 6390 640 4470
4550 6400 640 4470
4550 6400 640 4490
4550 6400 640 4480
4550 6420 640 4480
4550 6420 640 4480
4550 6400 640 4480
4540 6410 640 4490
4540 6400 630 4490
4550 6400 640 4480
4550 6400 640 4480
4540 6390 640 4480
4550 6380 640 4470
4550 6390 640 4470
4560 6410 640 4480
4550 6410 640 4480
4560 6410 640 4470
4560 6410 640 4470
4560 6390 630 4470
4550 6390 630 4480
4550 6390 630 4480
4550 6400 630 4480
4560 6390 630 4480
4550 6400 620 4480
4550 6410 630 4490
4550 6400 630 4480
4550 6400 640 4480
4550 6400 640 4470
4550 6390 640 4480
4570 6390 630 4490
4570 6400 630 4500
4570 6380 630 4490
4570 6380 630 4490
4570 6390 630 4480
4570 6400 630 4480
4570 6390 630 4490
4570 6400 640 4490
4560 6400 640 4490
4550 6400 630 4480
4550 6390 640 4490
4550 6390 640 4480
4550 6380 630 4490
4550 6390 640 4490
4550 6390 640 4480
4550 6390 640 4480
4550 6400 640 4460
4550 6410 640 4450
4550 6400 640 4460
4550 6400 640 4470
4550 6400 650 4470
4550 6390 650 4480
4550 6400 650 4490
4560 6400 640 4480
4560 6410 640 4480
4560 6410 640 4470
4550 6410 650 4480
4550 6410 650 4480
4550 6410 650 4480
4550 6400 650 4490
4540 6410 640 4490
4530 6420 640 4480
4540 6420 640 4480
4540 6410 640 4480
4540 6410 630 4480
