4670 6080 1060 4000
4670 6070 1060 3990
4660 6070 1070 3990
4660 6070 1060 3990
4660 6070 1060 3990
4660 6080 1060 3980
4670 6080 1060 3980
4660 6080 1060 3980
4660 6070 1050 3980
4660 6070 1060 3980
4660 6070 1060 3990
4660 6070 1060 3980
4660 6070 1060 3980
4660 6080 1060 3980
4660 6090 1060 3980
4660 6090 1060 3980
4670 6080 1060 3980
4670 6080 1060 3980
4650 6070 1060 3980
4650 6070 1050 3990
4650 6070 1050 3990
4650 6080 1050 3980
4650 6090 1050 3980
4650 6090 1060 3990
4640 6090 1060 3990
4640 6080 1050 3990
4640 6080 1050 3990
4650 6070 1060 3980
4650 6070 1060 3980
4640 6070 1060 3980
4640 6070 1060 3980
4640 6070 1050 3960
4650 6070 1050 3960
4650 6070 1060 3980
4660 6070 1060 3990
4660 6070 1060 3990
4670 6070 1060 3990
4670 6080 1060 3990
4690 6080 1060 3980
4680 6070 1060 3980
4690 6070 1060 3980
4680 6070 1050 3960
4670 6070 1050 3960
4660 6070 1060 3980
4660 6070 1060 3990
4650 6080 1050 3990
4650 6080 1050 3990
4640 6080 1050 3990
4630 6080 1050 3990
4640 6080 1050 3980
4650 6080 1050 3990
4650 6080 1050 3980
4640 6080 1050 3980
4640 6070 1050 3980
4630 6080 1060 3980
4630 6070 1060 3980
4640 6070 1060 3980
4640 6080 1060 3960
4660 6080 1050 3980
4660 6080 1040 3990
4650 6060 1030 3980
4650 6060 1040 3990
4660 6070 1040 3990
4660 6070 1040 3990
4660 6070 1050 3980
4660 6070 1050 3980
4640 6080 1050 3990
4640 6070 1040 3990
4640 6070 1040 3990
4650 6070 1040 3990
4660 6070 1050 3980
4650 6080 1060 3980
4660 6080 1060 3980
4650 6080 1050 3980
4660 6070 1050 3980
4640 6070 1050 3980
4630 6070 1060 3990
4650 6070 1060 4000
4660 6070 1060 4000
4660 6080 1050 4000
4660 6080 1050 3980
4650 6090 1050 3980
4650 6080 1050 3980
4650 6080 1050 3980
4650 6080 1050 3960
4660 6080 1040 3960
4650 6080 1040 3960
4650 6080 1040 3960
4650 6080 1050 3980
4660 6080 1060 3980
4650 6080 1060 3980
4650 6080 1060 3980
4650 6080 1060 3980
4660 6080 1050 3980
4650 6080 1040 3990
4650 6080 1040 4000
4650 6080 1040 3990
4640 6080 1040 3980
4650 6080 1040 3980
4640 6080 1040 3980
4640 6070 1050 3980
4640 6080 1050 3980
4640 6070 1050 3980
4640 6070 1040 3980
4640 6080 1050 3980
4640 6080 1050 3980
4640 6080 1050 3960
4640 6070 1050 3960
4630 6070 1050 3960
4640 6070 1050 3980
4650 6070 1050 3990
4650 6070 1050 3990
4650 6080 1050 3990
4650 6080 1050 4000
4640 6070 1050 4000
4640 6070 1050 3990
4640 6070 1050 3980
4640 6070 1050 3990
4640 6060 1060 3980
4640 6070 1060 3980
4630 6070 1050 3990
4640 6070 1060 4000
4640 6070 1060 4000
4640 6070 1060 3990
4640 6070 1060 4000
4640 6070 1050 3990
4640 6070 1050 3990
4640 6070 1060 3990
4640 6070 1060 3990
4640 6070 1060 3990
4630 6070 1050 3980
4640 6070 1050 3980
4640 6080 1040 3980
4650 6080 1050 3980
4640 6080 1050 3980
4640 6070 1060 3980
4640 6070 1060 3980
4640 6070 1060 3980
4650 6070 1060 3990
4640 6070 1060 3990
4640 6070 1050 3980
4640 6080 1050 3980
4640 6080 1050 3960
4650 6080 1050 3960
4650 6080 1050 3960
4640 6080 1070 3960
4640 6070 1060 3980
4640 6070 1060 3980
4650 6080 1060 3990
4640 6080 1070 3990
4640 6080 1060 3980
4660 6080 1060 3990
4660 6080 1050 3980
4660 6070 1070 3980
4650 6070 1060 3980
4650 6060 1050 3990
4650 6060 1050 3980
4640 6060 1060 3990
4640 6060 1060 3990
4630 6070 1050 3990
4640 6070 1050 3990
4630 6070 1050 3990
4640 6070 1050 3990
4640 6080 1040 3990
4650 6080 1050 3990
4650 6080 1050 3980
4650 6080 1050 3990
