4170 5700 1360 4110
4180 5700 1340 4100
4180 5700 1340 4090
4180 5690 1340 4100
4180 5690 1350 4100
4190 5690 1340 4100
4190 5700 1330 4110
4190 5700 1330 4110
4180 5700 1330 4110
4180 5690 1350 4110
4180 5680 1360 4110
4180 5680 1350 4120
4180 5680 1340 4120
4190 5690 1330 4120
4190 5690 1340 4120
4200 5680 1320 4120
4190 5690 1330 4120
4180 5700 1310 4120
4180 5700 1320 4120
4180 5700 1320 4120
4190 5700 1320 4120
4190 5700 1320 4110
4190 5710 1350 4120
4190 5710 1350 4120
4200 5700 1340 4110
4190 5700 1340 4120
4190 5690 1340 4120
4180 5690 1350 4120
4200 5710 1330 4120
4190 5710 1320 4110
4180 5690 1320 4110
4180 5690 1340 4110
4190 5690 1330 4110
4180 5690 1350 4120
4180 5690 1360 4120
4180 5690 1350 4110
4180 5700 1340 4120
4180 5700 1350 4110
4180 5690 1350 4120
4190 5690 1350 4120
4180 5690 1360 4110
4190 5690 1360 4110
4190 5700 1350 4110
4200 5700 1360 4110
4190 5700 1340 4110
4190 5690 1350 4110
4180 5690 1350 4110
4190 5690 1330 4110
4190 5690 1340 4110
4200 5690 1330 4110
4190 5680 1330 4110
4180 5680 1350 4120
4190 5680 1350 4130
4200 5700 1350 4130
4180 5700 1340 4130
4180 5700 1340 4120
4180 5690 1340 4120
4180 5690 1350 4120
4190 5690 1360 4120
4180 5700 1340 4110
4180 5700 1340 4110
4190 5700 1320 4110
4190 5690 1330 4110
4200 5700 1320 4110
4200 5690 1320 4110
4210 5690 1320 4110
4210 5700 1320 4110
4210 5690 1330 4110
4210 5700 1350 4110
4210 5710 1370 4110
4200 5710 1360 4110
4200 5710 1340 4110
4200 5700 1340 4110
4200 5690 1330 4110
4200 5690 1330 4110
4190 5700 1330 4110
4190 5700 1330 4110
4190 5690 1330 4110
4190 5690 1330 4110
4190 5690 1350 4110
4200 5690 1350 4110
4190 5710 1330 4120
4190 5700 1330 4110
4200 5710 1350 4120
4190 5700 1350 4120
4200 5700 1340 4120
4190 5700 1360 4130
4180 5710 1370 4130
4190 5700 1370 4130
4190 5700 1370 4130
4210 5690 1350 4140
4210 5700 1360 4140
4210 5700 1350 4130
4200 5710 1350 4120
4180 5700 1340 4130
4180 5700 1340 4130
4190 5700 1330 4130
4200 5690 1350 4130
4200 5690 1340 4130
4200 5700 1340 4120
4190 5710 1330 4130
4180 5720 1330 4120
4190 5700 1340 4120
4180 5700 1350 4120
4190 5700 1350 4120
4190 5700 1330 4120
4190 5700 1330 4120
4200 5710 1330 4110
4200 5700 1340 4120
4200 5690 1340 4120
4200 5690 1350 4120
4190 5690 1350 4120
4190 5700 1340 4120
4180 5690 1330 4120
4180 5690 1320 4120
4190 5700 1330 4120
4190 5700 1340 4120
4190 5680 1340 4120
4190 5710 1320 4120
4190 5710 1320 4130
4190 5710 1320 4130
4200 5690 1320 4120
4180 5700 1330 4120
4190 5700 1340 4120
4190 5690 1330 4120
4180 5690 1320 4120
4190 5690 1320 4120
4190 5680 1320 4120
4200 5690 1330 4120
4190 5690 1330 4110
4190 5700 1330 4120
4190 5700 1330 4120
4190 5690 1350 4110
4190 5710 1340 4120
