3750 5390 1730 4210
3760 5390 1750 4220
3750 5390 1760 4220
3750 5400 1730 4220
3760 5400 1730 4200
3770 5390 1730 4210
3770 5390 1730 4210
3770 5390 1740 4220
3780 5390 1740 4210
3770 5400 1740 4200
3760 5400 1750 4190
3770 5400 1750 4190
3760 5390 1750 4200
3760 5390 1740 4190
3760 5400 1720 4180
3760 5390 1720 4170
3750 5400 1720 4190
3750 5400 1730 4190
3760 5400 1740 4180
3750 5400 1740 4180
3750 5400 1740 4190
3750 5400 1740 4190
3760 5390 1750 4180
3760 5390 1750 4190
3750 5390 1740 4190
3760 5390 1730 4200
3760 5400 1730 4210
3770 5400 1740 4200
3760 5400 1750 4190
3750 5400 1740 4190
3760 5400 1740 4200
3770 5400 1740 4210
3770 5380 1740 4220
3770 5390 1740 4230
3760 5390 1740 4230
3780 5380 1730 4230
3770 5390 1740 4210
3750 5400 1740 4220
3750 5400 1740 4210
3750 5410 1740 4200
3750 5410 1740 4200
3760 5390 1740 4210
3750 5390 1740 4210
3750 5400 1750 4210
3770 5410 1760 4200
3760 5390 1760 4220
3760 5390 1750 4230
3770 5390 1750 4210
3750 5380 1750 4200
3760 5390 1740 4210
3770 5390 1740 4210
3770 5390 1740 4220
3760 5390 1750 4220
3770 5390 1750 4220
3770 5390 1740 4230
3760 5390 1750 4220
3760 5390 1730 4220
3760 5400 1730 4210
3760 5390 1730 4220
3760 5390 1730 4220
3770 5390 1730 4210
3770 5400 1740 4210
3790 5390 1740 4210
3790 5390 1740 4200
3790 5390 1740 4210
3770 5400 1730 4220
3780 5390 1740 4220
3770 5400 1730 4220
3770 5400 1730 4220
3770 5400 1740 4200
3760 5400 1740 4210
3760 5400 1740 4210
3760 5400 1740 4220
3780 5400 1760 4220
3770 5390 1750 4220
3770 5390 1750 4200
3770 5390 1750 4210
3780 5390 1750 4200
3780 5390 1740 4200
3790 5390 1730 4210
3780 5390 1740 4220
3780 5390 1730 4210
3760 5390 1750 4190
3750 5390 1760 4180
3750 5380 1750 4190
3750 5380 1750 4210
3750 5380 1750 4200
3740 5390 1750 4210
3740 5390 1740 4210
3750 5390 1730 4210
3750 5390 1730 4210
3760 5390 1730 4210
3770 5390 1730 4210
3760 5390 1730 4210
3760 5410 1750 4210
3760 5390 1740 4220
3760 5380 1740 4210
3750 5380 1740 4210
3760 5400 1740 4210
3760 5390 1740 4210
3780 5390 1740 4220
3760 5390 1750 4220
3770 5390 1750 4220
3760 5390 1740 4210
3750 5390 1730 4210
3740 5390 1740 4220
3750 5390 1740 4210
3770 5390 1740 4210
3780 5390 1740 4210
3790 5390 1740 4210
3790 5400 1740 4210
3780 5410 1750 4220
3780 5410 1750 4220
3780 5400 1750 4210
3780 5400 1750 4210
3770 5400 1750 4220
3760 5380 1750 4210
3770 5380 1750 4210
3770 5380 1750 4220
3780 5390 1760 4220
3770 5400 1740 4210
3770 5410 1730 4210
3770 5390 1730 4210
3780 5390 1750 4210
3770 5390 1740 4200
3780 5390 1740 4190
3780 5390 1750 4190
3780 5400 1740 4200
3780 5400 1740 4210
3780 5390 1740 4220
3770 5390 1750 4220
3770 5390 1750 4210
3790 5390 1750 4210
3770 5400 1750 4220
3770 5390 1750 4220
3770 5390 1750 4220
3760 5400 1740 4210
3760 5390 1750 4210
3770 5390 1740 4210
3780 5390 1740 4200
3770 5390 1740 4190
3790 5390 1750 4180
3780 5390 1740 4190
3780 5390 1760 4180
3790 5390 1760 4180
3790 5400 1750 4190
3790 5400 1750 4180
3790 5400 1750 4190
3770 5390 1750 4190
3760 5390 1770 4210
3750 5390 1770 4210
3770 5400 1750 4210
3770 5400 1740 4210
