3260 5060 2170 4500
3260 5060 2170 4490
3260 5060 2160 4490
3230 5060 2160 4490
3230 5060 2160 4490
3250 5060 2160 4490
3240 5060 2160 4490
3250 5050 2160 4500
3250 5060 2160 4500
3260 5060 2160 4500
3230 5050 2160 4490
3240 5060 2160 4490
3240 5060 2160 4490
3210 5050 2180 4490
3220 5060 2170 4500
3260 5050 2160 4500
3260 5040 2160 4490
3260 5050 2160 4490
3250 5060 2170 4500
3260 5060 2170 4500
3260 5060 2160 4500
3260 5060 2160 4510
3250 5060 2160 4490
3250 5060 2160 4500
3250 5050 2160 4500
3250 5050 2160 4490
3250 5060 2170 4490
3260 5050 2160 4490
3270 5060 2150 4490
3270 5060 2150 4490
3270 5050 2160 4490
3270 5060 2160 4500
3240 5070 2160 4490
3240 5070 2170 4490
3250 5070 2170 4490
3250 5050 2160 4490
3260 5060 2170 4500
3240 5050 2160 4500
3240 5040 2160 4490
3240 5060 2170 4500
3240 5060 2160 4490
3270 5060 2160 4480
3270 5060 2170 4490
3270 5040 2170 4500
3260 5050 2160 4490
3270 5050 2150 4500
3270 5050 2160 4500
3270 5060 2160 4500
3270 5060 2160 4500
3270 5060 2170 4500
3250 5070 2180 4500
3250 5070 2180 4510
3260 5060 2170 4510
3260 5060 2160 4500
3260 5060 2170 4500
3250 5060 2170 4490
3250 5060 2170 4490
3250 5050 2170 4500
3250 5040 2160 4500
3250 5050 2160 4500
3250 5060 2170 4500
3260 5060 2160 4500
3260 5040 2170 4490
3270 5040 2170 4490
3270 5050 2160 4490
3270 5050 2160 4490
3250 5060 2160 4500
3250 5060 2160 4500
3270 5060 2160 4500
3260 5060 2160 4500
3260 5060 2160 4500
3260 5050 2160 4500
3250 5050 2160 4500
3250 5050 2160 4500
3240 5060 2160 4500
3250 5050 2170 4500
3250 5060 2170 4500
3250 5060 2160 4500
3250 5060 2160 4500
3260 5050 2160 4500
3240 5050 2160 4500
3240 5050 2160 4500
3260 5050 2160 4500
3260 5060 2160 4510
3260 5060 2160 4500
3260 5060 2150 4500
3260 5050 2150 4500
3260 5060 2150 4500
3260 5060 2160 4500
3260 5060 2170 4510
3260 5060 2170 4510
3270 5050 2170 4510
3270 5060 2170 4500
3260 5060 2170 4500
3260 5060 2170 4490
3270 5060 2170 4500
3270 5060 2160 4510
3270 5050 2150 4500
3270 5060 2150 4510
3270 5060 2150 4510
3260 5050 2150 4510
3250 5050 2150 4500
3240 5050 2150 4500
3240 5050 2160 4500
3250 5050 2160 4500
3240 5050 2160 4500
3240 5050 2160 4500
3240 5050 2160 4500
3240 5040 2160 4490
3250 5040 2160 4500
3260 5050 2160 4500
3240 5040 2170 4500
3250 5060 2170 4500
3250 5060 2170 4500
3250 5060 2170 4500
3250 5060 2170 4500
3250 5060 2170 4500
3250 5070 2160 4500
3260 5040 2160 4490
3260 5040 2160 4490
3260 5050 2160 4490
3250 5050 2160 4500
3260 5060 2170 4500
3260 5070 2170 4510
3260 5070 2170 4510
3260 5070 2170 4500
3260 5050 2160 4490
3260 5050 2160 4490
3260 5050 2170 4500
3260 5050 2170 4500
3260 5060 2170 4500
3260 5060 2170 4490
3260 5050 2170 4490
3250 5050 2170 4490
3250 5050 2170 4490
3250 5060 2160 4480
3250 5060 2150 4490
3260 5050 2170 4490
3260 5060 2160 4500
3270 5040 2160 4500
3280 5050 2160 4490
3290 5060 2160 4490
3280 5050 2160 4500
3280 5060 2160 4500
3260 5050 2170 4510
3270 5040 2160 4500
3260 5050 2160 4490
3270 5050 2160 4500
3270 5060 2160 4500
3270 5060 2160 4500
3270 5060 2160 4510
3270 5060 2160 4510
3270 5050 2160 4510
3270 5050 2160 4510
3270 5060 2160 4500
3270 5060 2170 4490
3280 5060 2170 4500
3270 5060 2170 4500
3260 5070 2170 4500
3260 5060 2170 4500
3270 5060 2170 4510
