2820 4740 2590 4760
2820 4750 2590 4760
2830 4750 2590 4760
2840 4740 2600 4760
2820 4750 2600 4760
2820 4760 2600 4760
2820 4760 2600 4760
2820 4760 2600 4750
2820 4760 2600 4750
2820 4760 2600 4750
2820 4760 2600 4750
2810 4750 2600 4750
2810 4750 2600 4750
2820 4740 2600 4760
2810 4750 2600 4750
2810 4750 2600 4740
2810 4750 2590 4740
2820 4750 2590 4750
2820 4760 2590 4750
2820 4760 2590 4750
2820 4760 2590 4750
2810 4750 2590 4750
2810 4750 2590 4750
2810 4750 2590 4740
2810 4760 2590 4740
2810 4760 2590 4740
2810 4750 2600 4750
2810 4730 2600 4750
2830 4740 2600 4760
2830 4730 2600 4760
2820 4740 2600 4760
2840 4750 2600 4760
2820 4750 2580 4750
2820 4750 2580 4750
2820 4740 2580 4750
2820 4740 2590 4740
2830 4740 2590 4740
2820 4750 2590 4750
2820 4750 2590 4750
2820 4760 2600 4750
2830 4740 2600 4750
2820 4740 2600 4750
2820 4740 2600 4740
2820 4740 2600 4750
2820 4740 2600 4750
2820 4740 2600 4750
2820 4740 2600 4750
2810 4750 2590 4750
2820 4750 2590 4750
2820 4740 2590 4750
2820 4740 2590 4740
2820 4740 2590 4740
2830 4730 2590 4750
2840 4730 2600 4750
2830 4740 2600 4750
2830 4740 2600 4740
2830 4740 2590 4750
2830 4750 2590 4750
2810 4750 2580 4750
2810 4750 2600 4750
2810 4750 2610 4750
2810 4750 2610 4750
2820 4750 2590 4760
2820 4740 2590 4760
2820 4750 2590 4760
2820 4750 2590 4760
2810 4760 2590 4760
2820 4760 2600 4760
2820 4750 2590 4750
2820 4740 2600 4750
2820 4730 2600 4750
2810 4730 2600 4750
2810 4730 2600 4750
2820 4730 2600 4750
2820 4730 2590 4750
2820 4730 2590 4750
2820 4740 2590 4750
2830 4730 2600 4750
2830 4740 2600 4750
2820 4740 2600 4750
2830 4740 2600 4750
2800 4740 2610 4760
2800 4730 2610 4760
2800 4730 2610 4750
2800 4730 2610 4750
2820 4720 2600 4750
2830 4720 2600 4740
2840 4740 2600 4740
2830 4740 2600 4750
2820 4730 2590 4750
2830 4750 2590 4740
2820 4750 2590 4740
2820 4750 2590 4750
2810 4750 2590 4750
2820 4740 2590 4760
2810 4740 2600 4750
2810 4750 2600 4750
2820 4750 2600 4740
2820 4750 2600 4740
2820 4750 2600 4740
2820 4760 2600 4740
2810 4740 2600 4740
2810 4730 2600 4740
2810 4740 2600 4750
2810 4750 2600 4750
2820 4750 2600 4750
2820 4760 2600 4750
2820 4750 2600 4750
2810 4750 2590 4750
2810 4730 2580 4750
2800 4720 2580 4750
2810 4730 2580 4740
2810 4730 2580 4750
2820 4740 2600 4750
2820 4740 2610 4750
2810 4740 2600 4750
2810 4740 2600 4750
2790 4740 2590 4750
2800 4740 2590 4740
2790 4750 2590 4750
2790 4740 2590 4750
2790 4740 2600 4750
2800 4740 2610 4750
2800 4730 2610 4760
2810 4730 2610 4760
2810 4730 2610 4760
2810 4740 2610 4760
2820 4750 2600 4760
2830 4740 2610 4760
2830 4750 2610 4760
2830 4750 2610 4760
2820 4740 2610 4760
2810 4750 2600 4750
2810 4750 2600 4750
2800 4750 2590 4750
2800 4750 2590 4750
2810 4750 2600 4750
2810 4750 2600 4760
2810 4760 2600 4760
2810 4760 2590 4760
2810 4750 2600 4760
2810 4750 2600 4760
2800 4750 2600 4760
2810 4750 2600 4760
2810 4750 2590 4760
2820 4740 2590 4760
2830 4730 2590 4750
2820 4730 2590 4750
2820 4740 2590 4750
2820 4740 2590 4750
2820 4740 2600 4750
2820 4740 2590 4750
2830 4740 2600 4750
