2330 4520 3060 5060
2330 4530 3060 5060
2330 4530 3060 5060
2350 4530 3060 5060
2360 4530 3070 5050
2380 4530 3070 5060
2360 4520 3080 5060
2360 4540 3070 5050
2360 4530 3060 5050
2360 4540 3070 5060
2360 4550 3070 5060
2340 4530 3070 5060
2340 4530 3070 5060
2350 4540 3070 5060
2350 4540 3060 5070
2340 4530 3060 5070
2330 4530 3060 5070
2330 4530 3060 5070
2360 4540 3060 5050
2350 4540 3070 5060
2330 4540 3060 5060
2330 4540 3060 5060
2340 4550 3060 5050
2330 4550 3060 5050
2330 4550 3070 5050
2350 4550 3090 5040
2350 4540 3080 5040
2360 4540 3070 5050
2340 4530 3060 5050
2340 4530 3060 5060
2330 4530 3060 5060
2330 4530 3060 5060
2330 4540 3060 5060
2330 4540 3070 5060
2320 4540 3070 5060
2320 4530 3070 5060
2330 4520 3060 5060
2340 4530 3070 5060
2340 4530 3070 5060
2340 4530 3070 5050
2340 4520 3070 5050
2330 4530 3080 5050
2330 4530 3070 5060
2340 4540 3070 5060
2350 4530 3060 5050
2350 4530 3060 5050
2340 4520 3070 5050
2330 4540 3060 5060
2340 4520 3070 5050
2350 4520 3070 5060
2350 4530 3070 5050
2350 4520 3070 5050
2350 4520 3070 5050
2350 4520 3070 5060
2340 4540 3070 5060
2360 4540 3070 5050
2340 4540 3070 5050
2330 4540 3070 5050
2330 4550 3060 5060
2330 4540 3060 5060
2330 4550 3060 5070
2350 4540 3070 5070
2340 4550 3060 5070
2350 4550 3060 5060
2340 4520 3050 5040
2340 4540 3060 5050
2340 4540 3060 5050
2340 4530 3060 5050
2350 4540 3060 5060
2350 4540 3070 5060
2350 4540 3070 5060
2360 4540 3070 5060
2360 4530 3080 5070
2360 4550 3070 5060
2360 4550 3070 5060
2350 4560 3070 5060
2340 4540 3070 5050
2340 4540 3070 5060
2340 4550 3070 5060
2350 4540 3060 5060
2350 4540 3060 5050
2350 4540 3060 5040
2350 4550 3070 5040
2350 4550 3060 5040
2340 4560 3060 5040
2340 4550 3060 5040
2330 4540 3060 5040
2340 4550 3070 5060
2340 4550 3070 5060
2350 4550 3070 5060
2350 4550 3070 5050
2340 4550 3070 5040
2350 4550 3070 5040
2340 4550 3080 5050
2340 4550 3070 5060
2340 4550 3070 5060
2330 4550 3070 5060
2330 4550 3070 5070
2330 4560 3070 5060
2340 4550 3070 5060
2340 4550 3080 5060
2340 4550 3080 5060
2340 4540 3060 5070
2340 4540 3060 5070
2330 4550 3050 5070
2330 4560 3050 5070
2330 4550 3050 5070
2330 4540 3060 5070
2320 4530 3060 5070
2330 4540 3060 5070
2340 4530 3060 5070
2340 4530 3060 5050
2340 4540 3060 5050
2340 4540 3070 5050
2350 4530 3060 5060
2350 4530 3060 5060
2350 4530 3060 5060
2350 4530 3060 5060
2350 4520 3060 5060
2340 4530 3060 5060
2330 4550 3070 5050
2340 4540 3070 5050
2350 4530 3070 5040
2360 4540 3070 5050
2360 4540 3070 5050
2350 4540 3070 5050
2350 4530 3080 5060
2330 4540 3080 5060
2320 4530 3080 5060
2320 4530 3070 5060
2340 4510 3070 5060
2350 4510 3060 5060
2350 4520 3060 5070
2360 4510 3070 5070
2360 4510 3070 5070
2360 4520 3070 5070
