1940 4310 3580 5420
1930 4310 3580 5430
1940 4310 3580 5420
1940 4300 3580 5420
1920 4320 3570 5420
1920 4320 3570 5420
1920 4320 3570 5420
1910 4310 3570 5420
1920 4310 3570 5420
1910 4310 3570 5410
1920 4330 3570 5410
1920 4330 3570 5410
1920 4330 3570 5410
1920 4330 3580 5420
1920 4330 3580 5420
1920 4330 3580 5410
1920 4320 3580 5430
1920 4320 3570 5430
1920 4320 3570 5430
1920 4320 3570 5420
1930 4320 3570 5420
1920 4320 3570 5430
1910 4330 3560 5430
1920 4330 3570 5430
1940 4320 3580 5430
1940 4320 3580 5420
1930 4320 3580 5420
1940 4320 3590 5420
1940 4320 3580 5410
1920 4310 3580 5410
1920 4310 3580 5410
1920 4310 3580 5420
1920 4330 3580 5430
1930 4330 3580 5430
1920 4330 3580 5420
1930 4320 3580 5410
1920 4320 3580 5410
1920 4320 3580 5410
1920 4320 3580 5410
1920 4330 3580 5410
1920 4320 3590 5410
1930 4300 3590 5400
1940 4300 3580 5410
1940 4300 3570 5410
1940 4290 3570 5410
1950 4300 3570 5420
1940 4310 3580 5420
1930 4310 3580 5420
1930 4310 3580 5420
1940 4310 3580 5410
1940 4310 3580 5410
1930 4300 3580 5430
1920 4300 3580 5430
1930 4300 3580 5420
1930 4300 3580 5410
1940 4310 3580 5410
1940 4320 3570 5420
1940 4320 3570 5420
1930 4340 3570 5430
1920 4340 3580 5430
1920 4330 3580 5420
1930 4330 3590 5430
1940 4320 3590 5420
1940 4320 3580 5420
1940 4310 3580 5420
1940 4310 3580 5420
1940 4310 3570 5420
1940 4310 3570 5420
1940 4310 3570 5420
1940 4310 3570 5410
1940 4320 3570 5400
1930 4320 3580 5410
1940 4320 3580 5420
1940 4320 3580 5420
1940 4320 3570 5420
1940 4320 3580 5420
1930 4320 3580 5420
1920 4320 3580 5420
1940 4330 3580 5420
1940 4330 3580 5420
1950 4330 3570 5410
1950 4330 3570 5420
1940 4320 3570 5420
1940 4320 3570 5420
1940 4320 3570 5410
1940 4320 3570 5420
1940 4320 3570 5420
1930 4320 3570 5420
1930 4320 3570 5410
1930 4320 3570 5410
1920 4330 3580 5430
1930 4330 3590 5430
1940 4330 3580 5420
1940 4330 3580 5410
1940 4330 3580 5410
1930 4330 3580 5410
1930 4330 3580 5410
1920 4330 3580 5410
1950 4320 3580 5420
1950 4320 3580 5410
1950 4320 3580 5410
1960 4320 3580 5410
1960 4320 3580 5410
1950 4320 3580 5410
1950 4320 3580 5410
1950 4320 3590 5410
1950 4320 3590 5410
1940 4320 3580 5420
1940 4320 3580 5420
1940 4320 3580 5420
1950 4330 3580 5420
1950 4330 3580 5420
1950 4330 3580 5420
1950 4330 3580 5420
1950 4330 3580 5420
1950 4330 3580 5420
1940 4330 3580 5420
1940 4320 3580 5420
1940 4320 3580 5430
1930 4320 3580 5430
1940 4320 3580 5430
1940 4330 3580 5430
1930 4320 3580 5430
1930 4320 3580 5430
1920 4320 3580 5410
1930 4340 3590 5410
1930 4340 3590 5420
1920 4340 3590 5420
1920 4350 3580 5420
1930 4340 3580 5410
1940 4340 3580 5410
1930 4340 3580 5420
1940 4330 3590 5420
1920 4330 3570 5420
1920 4340 3580 5420
1930 4330 3580 5420
1940 4330 3580 5420
1940 4330 3580 5420
1930 4320 3580 5420
1930 4320 3580 5430
1950 4310 3580 5430
1940 4300 3580 5430
1940 4310 3580 5430
1940 4310 3580 5430
1940 4310 3580 5420
1960 4320 3580 5430
1940 4320 3580 5420
1940 4310 3580 5420
1940 4310 3590 5420
1940 4300 3590 5420
1940 4300 3580 5420
1950 4310 3580 5420
1940 4310 3580 5420
1950 4330 3580 5420
1940 4310 3580 5420
1940 4300 3580 5410
1950 4310 3580 5410
1940 4300 3580 5420
1940 4290 3580 5420
1920 4290 3580 5410
1940 4300 3580 5410
1960 4290 3580 5410
1960 4300 3580 5410
1950 4290 3580 5410
1940 4300 3580 5420
1950 4290 3580 5430
1950 4290 3580 5430
1950 4320 3580 5410
1950 4320 3580 5400
1920 4290 3590 5410
1930 4300 3580 5420
