4230 5420 1920 3590
4220 5420 1930 3590
4230 5410 1930 3580
4230 5410 1930 3580
4230 5400 1930 3570
4230 5400 1920 3580
4230 5400 1930 3580
4240 5410 1930 3600
4230 5410 1920 3590
4230 5400 1920 3580
4230 5400 1940 3590
4220 5400 1930 3590
4220 5400 1930 3580
4220 5420 1940 3590
4220 5400 1920 3580
4230 5420 1910 3590
4230 5410 1910 3590
4230 5400 1940 3570
4230 5410 1930 3570
4230 5410 1950 3570
4230 5400 1940 3580
4230 5400 1950 3600
4240 5390 1940 3590
4240 5400 1940 3580
4230 5400 1940 3600
4230 5410 1920 3590
4220 5420 1930 3580
4230 5420 1930 3580
4230 5410 1920 3580
4240 5410 1940 3580
4240 5410 1950 3570
4230 5420 1950 3580
4230 5410 1950 3580
4230 5420 1920 3610
4230 5430 1950 3600
4230 5420 1950 3590
4230 5430 1950 3590
4230 5420 1940 3580
4230 5420 1940 3580
4230 5420 1940 3580
4240 5410 1930 3580
4230 5390 1920 3580
4230 5390 1920 3580
4240 5400 1910 3580
4230 5400 1920 3590
4220 5400 1930 3590
4230 5400 1930 3580
4230 5390 1920 3590
4230 5400 1930 3590
4230 5400 1920 3590
4230 5400 1930 3580
4230 5410 1920 3580
4230 5410 1910 3590
4230 5410 1910 3590
4230 5410 1920 3600
4230 5400 1940 3600
4240 5390 1940 3600
4230 5410 1930 3600
4230 5420 1920 3610
4230 5420 1910 3610
4250 5410 1940 3600
4230 5410 1930 3580
4230 5400 1920 3580
4220 5400 1910 3600
4220 5400 1930 3590
4220 5410 1920 3590
4230 5410 1920 3590
4230 5410 1950 3600
4230 5410 1950 3600
4230 5420 1950 3600
4230 5430 1950 3580
4230 5410 1960 3590
4230 5400 1950 3600
4230 5410 1940 3590
4240 5420 1930 3590
4230 5420 1930 3590
4230 5410 1960 3580
4230 5430 1950 3580
4230 5420 1940 3590
4230 5410 1930 3580
4230 5400 1930 3590
4240 5400 1950 3600
4230 5400 1950 3590
4230 5400 1930 3580
4240 5410 1940 3590
4250 5410 1940 3590
4240 5410 1950 3580
4240 5410 1940 3580
4240 5410 1940 3590
4240 5410 1940 3590
4240 5420 1940 3580
4240 5420 1920 3590
4230 5420 1920 3580
4240 5430 1920 3580
4240 5420 1930 3580
4240 5410 1930 3570
4230 5410 1940 3560
4230 5410 1930 3580
4240 5410 1940 3580
4230 5420 1930 3580
4230 5420 1940 3590
4230 5410 1940 3580
4230 5410 1940 3580
4230 5410 1930 3600
4230 5400 1950 3590
4230 5400 1940 3600
4230 5400 1940 3600
4230 5400 1930 3610
4220 5400 1920 3610
4220 5400 1930 3600
4230 5410 1920 3590
4230 5400 1930 3580
4230 5420 1940 3580
4240 5410 1920 3580
4240 5410 1930 3580
4230 5410 1930 3590
4230 5400 1920 3580
4240 5400 1940 3570
4240 5400 1930 3570
4240 5400 1920 3570
4240 5410 1940 3580
4230 5410 1930 3580
4240 5400 1930 3570
4230 5410 1930 3570
4230 5410 1920 3600
4230 5410 1930 3580
4240 5420 1950 3580
4240 5420 1950 3580
4230 5430 1950 3590
4230 5430 1950 3600
4220 5430 1950 3600
4230 5420 1920 3590
4240 5410 1920 3610
4230 5420 1920 3610
4230 5410 1920 3610
4230 5400 1920 3600
4230 5410 1920 3590
4240 5400 1910 3590
4240 5410 1910 3590
4250 5400 1920 3590
4240 5390 1930 3580
4230 5390 1950 3580
4230 5390 1950 3600
4230 5390 1940 3590
4240 5400 1930 3580
4240 5390 1920 3580
4240 5400 1910 3600
4240 5410 1930 3600
4240 5410 1930 3580
4230 5410 1930 3580
4220 5420 1930 3590
4230 5420 1940 3580
