1580 4170 4060 5730
1580 4170 4060 5730
1580 4170 4060 5730
1590 4170 4060 5720
1570 4170 4060 5730
1570 4180 4060 5730
1560 4180 4070 5730
1570 4170 4070 5730
1580 4160 4070 5730
1530 4180 4050 5720
1520 4170 4050 5730
1540 4170 4060 5730
1550 4170 4070 5740
1540 4170 4070 5750
1540 4180 4060 5750
1550 4190 4070 5750
1550 4200 4070 5740
1550 4200 4080 5740
1550 4180 4070 5730
1570 4180 4070 5730
1570 4170 4080 5730
1570 4160 4080 5730
1570 4170 4080 5730
1580 4160 4080 5730
1560 4170 4080 5730
1550 4170 4080 5730
1550 4170 4080 5730
1550 4180 4070 5730
1560 4190 4070 5730
1560 4180 4070 5720
1560 4180 4070 5720
1580 4180 4070 5730
1580 4180 4080 5720
1560 4180 4070 5730
1580 4180 4080 5730
1580 4180 4070 5730
1560 4180 4060 5740
1560 4180 4060 5740
1550 4180 4060 5740
1540 4180 4060 5740
1550 4190 4080 5740
1550 4190 4080 5740
1570 4180 4070 5740
1570 4190 4070 5740
1570 4190 4070 5740
1580 4180 4070 5740
1580 4170 4070 5740
1580 4160 4070 5740
1590 4170 4080 5740
1580 4170 4080 5740
1570 4180 4080 5740
1570 4170 4080 5730
1570 4170 4080 5730
1570 4170 4080 5730
1550 4180 4080 5730
1550 4170 4070 5730
1550 4170 4070 5730
1580 4190 4070 5730
1570 4170 4080 5730
1560 4170 4080 5730
1560 4190 4080 5730
1560 4190 4080 5720
1560 4190 4080 5720
1550 4180 4070 5730
1560 4170 4070 5730
1560 4170 4070 5730
1560 4160 4070 5730
1560 4160 4070 5730
1560 4160 4070 5730
1570 4180 4080 5730
1560 4170 4070 5730
1560 4180 4060 5730
1570 4170 4070 5740
1580 4160 4070 5740
1570 4160 4070 5740
1580 4160 4080 5740
1580 4170 4080 5730
1560 4170 4070 5730
1550 4170 4070 5740
1550 4170 4070 5740
1550 4170 4070 5740
1560 4170 4070 5740
1570 4170 4070 5740
1570 4190 4080 5740
1570 4180 4080 5730
1560 4190 4070 5730
1550 4190 4080 5740
1550 4190 4070 5740
1550 4180 4070 5740
1570 4190 4080 5740
1590 4180 4080 5740
1580 4170 4070 5740
1560 4170 4070 5740
1560 4160 4070 5740
1560 4160 4070 5740
1560 4140 4070 5740
1550 4170 4050 5740
1560 4170 4060 5730
1570 4180 4050 5730
1570 4180 4050 5730
1560 4180 4060 5730
1570 4170 4060 5730
1580 4170 4060 5730
1580 4170 4070 5730
1580 4170 4070 5730
1590 4170 4070 5730
1610 4160 4070 5730
1600 4180 4070 5730
1580 4180 4070 5730
1590 4180 4070 5730
1590 4180 4060 5730
1570 4180 4060 5740
1560 4180 4060 5740
1540 4180 4060 5740
1540 4180 4060 5740
1550 4180 4060 5740
1550 4170 4060 5740
1560 4180 4050 5740
1560 4180 4050 5740
1550 4170 4060 5740
1580 4170 4060 5730
1580 4180 4070 5730
1590 4170 4070 5730
1560 4160 4060 5730
1560 4160 4060 5740
1560 4160 4070 5730
1550 4170 4070 5730
1570 4170 4070 5730
1590 4160 4060 5730
1590 4160 4070 5740
1580 4180 4070 5740
1560 4170 4080 5740
1570 4170 4070 5740
1580 4170 4070 5740
1570 4170 4060 5740
1560 4180 4060 5750
1580 4170 4060 5750
1580 4170 4070 5750
1570 4180 4070 5740
1560 4170 4070 5740
1570 4170 4070 5740
1570 4170 4070 5740
1570 4170 4060 5740
1560 4170 4060 5740
1570 4170 4070 5730
1580 4170 4070 5730
1580 4170 4060 5740
1570 4170 4070 5730
1580 4170 4080 5730
1580 4170 4080 5730
1580 4170 4080 5730
1580 4170 4080 5740
1570 4170 4080 5740
1570 4190 4060 5740
1570 4180 4060 5740
1570 4170 4060 5740
1560 4170 4070 5740
1560 4170 4070 5730
