1300 4160 4550 6090
1290 4160 4550 6090
1290 4160 4550 6090
1290 4160 4550 6090
1290 4160 4550 6090
1280 4170 4550 6100
1280 4170 4550 6100
1270 4170 4550 6100
1280 4170 4550 6100
1290 4170 4550 6100
1290 4170 4550 6100
1290 4160 4550 6100
1260 4160 4560 6090
1270 4160 4550 6090
1280 4160 4550 6090
1290 4160 4550 6080
1280 4150 4550 6100
1290 4150 4550 6100
1290 4130 4550 6100
1300 4130 4560 6100
1300 4140 4570 6100
1290 4150 4550 6090
1290 4150 4550 6090
1280 4150 4550 6090
1270 4160 4550 6090
1280 4150 4550 6090
1290 4150 4550 6090
1300 4160 4550 6090
1300 4160 4550 6090
1290 4150 4550 6090
1290 4160 4550 6090
1290 4160 4550 6090
1290 4160 4550 6090
1300 4160 4550 6090
1300 4170 4550 6090
1310 4170 4550 6090
1310 4170 4550 6090
1300 4170 4550 6090
1280 4170 4550 6090
1280 4160 4550 6090
1290 4160 4550 6090
1280 4180 4550 6090
1270 4170 4550 6090
1280 4180 4550 6090
1290 4170 4540 6090
1290 4170 4550 6090
1310 4150 4550 6090
1310 4150 4540 6090
1310 4160 4540 6090
1300 4160 4540 6090
1300 4150 4540 6090
1300 4160 4540 6090
1310 4150 4550 6100
1310 4160 4550 6100
1310 4150 4550 6100
1310 4150 4550 6100
1310 4140 4550 6100
1310 4140 4550 6090
1290 4140 4550 6090
1290 4150 4550 6090
1290 4150 4550 6100
1290 4140 4550 6100
1280 4160 4550 6090
1280 4160 4550 6090
1280 4160 4550 6090
1290 4160 4550 6090
1290 4150 4560 6090
1280 4150 4550 6090
1270 4160 4550 6090
1290 4160 4550 6090
1290 4150 4550 6090
1300 4150 4550 6090
1290 4150 4550 6090
1300 4150 4550 6090
1290 4140 4550 6090
1270 4150 4550 6090
1280 4160 4550 6090
1280 4150 4550 6090
1290 4150 4550 6090
1300 4160 4550 6090
1300 4160 4550 6080
1290 4170 4550 6080
1300 4160 4550 6080
1290 4160 4550 6080
1290 4170 4550 6090
1280 4150 4550 6090
1280 4150 4550 6090
1290 4160 4550 6100
1280 4170 4550 6100
1290 4150 4550 6090
1280 4140 4550 6100
1280 4140 4550 6100
1290 4140 4550 6100
1290 4150 4550 6090
1290 4140 4550 6090
1280 4140 4550 6090
1280 4140 4550 6090
1270 4160 4550 6090
1270 4160 4550 6090
1290 4160 4550 6100
1290 4150 4550 6100
1280 4150 4550 6090
1270 4140 4550 6090
1290 4150 4540 6090
1260 4140 4540 6090
1290 4150 4540 6090
1270 4140 4530 6090
1270 4130 4540 6090
1270 4150 4540 6090
1290 4150 4540 6090
1290 4140 4540 6080
1280 4130 4540 6090
1290 4150 4550 6090
1270 4140 4550 6090
1270 4140 4550 6080
1260 4150 4550 6080
1270 4150 4550 6080
1290 4160 4550 6080
1290 4150 4550 6080
1280 4150 4550 6080
1290 4150 4550 6090
1290 4140 4550 6090
1290 4150 4540 6090
1290 4150 4550 6090
1290 4150 4540 6090
1270 4140 4540 6090
1290 4130 4540 6090
1290 4130 4550 6090
1290 4130 4550 6090
1280 4130 4550 6090
1290 4130 4550 6090
1300 4150 4540 6090
1310 4150 4540 6090
1310 4150 4550 6090
1310 4160 4540 6090
1310 4150 4540 6090
