1670 3630 4730 5800
1660 3620 4730 5790
1660 3620 4720 5790
1670 3610 4730 5790
1650 3610 4730 5790
1650 3610 4730 5790
1660 3610 4730 5790
1670 3610 4730 5790
1670 3610 4730 5790
1660 3600 4730 5790
1660 3600 4730 5790
1660 3600 4730 5790
1670 3600 4710 5790
1660 3600 4710 5790
1660 3600 4710 5790
1670 3600 4720 5790
1670 3600 4720 5790
1670 3610 4710 5790
1660 3610 4710 5790
1670 3610 4720 5780
1680 3610 4720 5780
1670 3610 4730 5780
1670 3610 4730 5790
1670 3610 4730 5790
1680 3610 4730 5790
1670 3620 4730 5790
1670 3620 4730 5780
1670 3620 4730 5780
1670 3620 4730 5780
1670 3620 4740 5780
1680 3620 4740 5780
1680 3620 4740 5780
1680 3610 4730 5770
1670 3600 4720 5770
1670 3610 4720 5780
1680 3610 4730 5770
1680 3610 4720 5770
1660 3610 4710 5780
1660 3610 4710 5780
1660 3620 4720 5790
1670 3620 4720 5780
1670 3620 4720 5780
1670 3620 4730 5760
1690 3620 4730 5760
1680 3620 4730 5780
1680 3620 4730 5770
1690 3620 4730 5780
1670 3620 4730 5770
1660 3610 4730 5770
1670 3610 4730 5770
1660 3610 4730 5790
1650 3610 4730 5790
1670 3610 4740 5790
1660 3600 4740 5790
1650 3610 4740 5790
1650 3610 4730 5780
1640 3620 4730 5780
1640 3620 4730 5780
1640 3620 4740 5780
1650 3620 4740 5780
1640 3610 4740 5770
1670 3600 4730 5760
1680 3600 4730 5760
1670 3610 4730 5760
1680 3620 4730 5770
1680 3620 4730 5780
1670 3620 4730 5790
1670 3620 4720 5780
1670 3620 4730 5780
1690 3620 4730 5780
1690 3630 4740 5780
1680 3610 4740 5780
1680 3610 4740 5770
1690 3610 4740 5790
1680 3610 4730 5790
1680 3610 4730 5790
1670 3610 4730 5790
1670 3610 4730 5790
1680 3610 4730 5790
1680 3610 4730 5790
1680 3610 4720 5790
1690 3610 4730 5780
1670 3610 4730 5790
1680 3610 4730 5790
1680 3610 4730 5780
1690 3620 4730 5790
1690 3610 4720 5780
1690 3610 4720 5780
1690 3610 4730 5780
1680 3620 4730 5780
1690 3620 4730 5790
1680 3630 4730 5790
1680 3620 4720 5790
1670 3620 4720 5790
1660 3620 4730 5790
1670 3630 4740 5790
1670 3630 4740 5790
1680 3630 4740 5790
1680 3630 4740 5790
1680 3630 4730 5790
1690 3640 4730 5790
1690 3640 4730 5790
1690 3640 4730 5790
1690 3640 4730 5790
1690 3620 4730 5790
1700 3620 4720 5790
1690 3630 4720 5790
1680 3630 4710 5780
1670 3630 4710 5780
1670 3630 4710 5790
1670 3620 4710 5790
1690 3620 4710 5790
1700 3610 4720 5790
1670 3610 4730 5790
1670 3610 4730 5790
1680 3610 4730 5790
1670 3620 4730 5780
1680 3620 4740 5780
1680 3610 4710 5780
1680 3610 4710 5770
1670 3610 4720 5780
1690 3620 4730 5780
1670 3620 4730 5780
1670 3620 4730 5780
1690 3620 4730 5790
1700 3620 4730 5790
1710 3620 4720 5790
1710 3620 4720 5790
1700 3610 4720 5780
1700 3620 4710 5790
1710 3620 4720 5780
1700 3620 4720 5780
1690 3620 4720 5780
1690 3620 4720 5780
1700 3630 4720 5770
1680 3630 4720 5770
1690 3630 4720 5770
1680 3630 4710 5760
1680 3630 4710 5770
1680 3630 4710 5770
1670 3630 4720 5780
1680 3630 4710 5780
1690 3620 4720 5780
