1870 3720 4210 5450
1870 3730 4220 5450
1870 3720 4220 5460
1860 3720 4220 5460
1870 3730 4220 5460
1890 3720 4220 5460
1840 3710 4220 5460
1830 3720 4210 5460
1820 3710 4210 5460
1820 3710 4210 5460
1850 3710 4210 5460
1850 3720 4210 5460
1830 3710 4210 5460
1850 3710 4220 5460
1870 3710 4220 5450
1880 3730 4220 5450
1880 3720 4220 5450
1870 3730 4220 5450
1870 3720 4220 5450
1880 3700 4220 5450
1870 3700 4220 5450
1860 3720 4220 5450
1850 3730 4220 5450
1840 3720 4220 5450
1850 3720 4220 5450
1840 3720 4210 5440
1830 3740 4210 5450
1830 3740 4210 5450
1850 3740 4200 5450
1860 3720 4200 5450
1840 3720 4200 5450
1860 3740 4210 5450
1860 3720 4220 5450
1880 3720 4220 5450
1880 3710 4220 5460
1860 3710 4220 5450
1860 3710 4220 5450
1880 3700 4220 5450
1900 3700 4220 5460
1890 3720 4220 5460
1890 3720 4210 5460
1900 3730 4210 5460
1890 3730 4210 5460
1890 3720 4210 5460
1860 3730 4210 5460
1870 3740 4210 5450
1870 3740 4210 5450
1860 3730 4220 5450
1850 3730 4210 5450
1850 3730 4210 5450
1860 3730 4210 5450
1880 3710 4220 5450
1860 3710 4220 5460
1860 3710 4220 5460
1840 3710 4210 5460
1850 3720 4220 5460
1880 3710 4210 5450
1870 3720 4210 5450
1870 3720 4210 5450
1860 3720 4220 5450
1850 3720 4220 5450
1860 3710 4220 5450
1870 3720 4220 5450
1880 3730 4220 5450
1860 3740 4220 5450
1870 3730 4210 5440
1870 3730 4200 5440
1890 3740 4200 5440
1870 3730 4210 5440
1870 3740 4210 5440
1840 3730 4210 5450
1860 3730 4210 5460
1870 3730 4210 5460
1890 3730 4220 5460
1880 3720 4220 5460
1880 3720 4210 5460
1870 3720 4220 5440
1870 3720 4210 5440
1870 3720 4210 5440
1880 3710 4210 5440
1900 3710 4210 5440
1890 3710 4210 5440
1900 3730 4200 5440
1900 3720 4190 5450
1890 3720 4200 5450
1890 3710 4220 5450
1880 3710 4210 5450
1870 3710 4200 5450
1870 3720 4210 5450
1870 3720 4210 5450
1870 3720 4210 5450
1870 3720 4210 5450
1870 3730 4210 5450
1870 3730 4210 5450
1860 3740 4210 5440
1860 3740 4220 5450
1860 3740 4220 5450
1860 3720 4220 5460
1880 3720 4220 5460
1880 3720 4220 5460
1890 3730 4220 5460
1870 3720 4220 5460
1870 3730 4220 5460
1890 3710 4210 5450
1860 3710 4200 5450
1870 3710 4190 5450
1860 3730 4210 5450
1850 3720 4220 5440
1870 3730 4220 5440
1880 3720 4210 5440
1860 3720 4210 5440
1880 3720 4210 5440
1890 3720 4210 5450
1890 3730 4210 5450
1870 3730 4210 5450
1860 3730 4210 5450
1870 3720 4210 5450
1880 3720 4210 5460
1880 3710 4200 5460
1880 3710 4210 5470
1880 3720 4210 5460
1890 3730 4210 5460
1880 3720 4210 5460
1870 3750 4200 5460
1880 3740 4190 5460
1860 3720 4190 5450
1860 3730 4190 5450
1860 3730 4190 5450
1850 3740 4190 5450
1860 3720 4190 5450
1860 3720 4200 5440
1860 3720 4210 5450
1870 3710 4210 5450
1870 3710 4220 5450
1880 3700 4220 5450
1880 3700 4220 5440
1880 3710 4210 5440
1870 3710 4200 5440
1860 3720 4200 5440
1870 3720 4200 5440
1870 3720 4200 5440
1850 3720 4190 5440
1850 3720 4190 5440
1860 3740 4200 5440
1870 3750 4210 5450
1850 3750 4210 5450
1850 3750 4210 5450
1850 3740 4220 5450
1870 3720 4220 5460
1870 3720 4220 5460
1870 3720 4220 5460
1860 3720 4210 5470
1860 3720 4210 5460
1860 3720 4210 5460
1850 3720 4210 5460
1850 3710 4210 5460
1880 3720 4200 5450
1860 3720 4200 5450
1860 3720 4200 5450
1860 3720 4210 5450
1850 3730 4220 5460
1870 3740 4220 5460
1870 3720 4210 5460
1890 3720 4220 5450
1870 3730 4220 5450
1860 3710 4220 5450
1860 3730 4220 5450
1890 3720 4210 5460
1900 3720 4210 5460
1880 3720 4210 5450
1870 3720 4210 5450
1880 3720 4210 5450
1860 3720 4200 5450
1850 3730 4190 5460
1830 3720 4200 5450
1840 3740 4210 5440
1830 3750 4200 5440
1840 3740 4200 5450
1850 3720 4200 5450
1880 3720 4200 5450
1870 3730 4210 5450
1870 3730 4200 5450
1880 3730 4210 5450
1880 3750 4220 5450
1860 3740 4230 5450
1860 3740 4230 5450
1870 3730 4230 5450
1870 3730 4220 5450
1880 3720 4230 5450
1870 3730 4230 5450
1880 3730 4230 5450
1870 3720 4220 5450
