2190 3890 3780 5020
2180 3880 3770 5030
2170 3880 3760 5040
2170 3880 3750 5030
2190 3870 3760 5030
2180 3870 3760 5030
2190 3870 3760 5020
2180 3860 3760 5020
2190 3870 3770 5020
2200 3870 3770 5030
2200 3880 3770 5030
2200 3880 3770 5040
2210 3870 3780 5030
2210 3870 3790 5030
2210 3870 3790 5020
2200 3860 3790 5040
2200 3870 3770 5030
2200 3870 3770 5030
2220 3870 3780 5020
2220 3870 3780 5020
2220 3870 3780 5030
2220 3870 3770 5030
2220 3870 3770 5020
2220 3870 3770 5030
2190 3880 3770 5030
2190 3880 3770 5030
2180 3880 3770 5040
2180 3880 3770 5040
2170 3870 3770 5030
2190 3870 3780 5020
2200 3870 3780 5020
2200 3870 3780 5020
2180 3870 3780 5020
2190 3870 3770 5030
2180 3870 3770 5030
2180 3870 3770 5030
2170 3880 3770 5030
2180 3890 3770 5030
2180 3880 3770 5030
2180 3880 3770 5040
2170 3880 3770 5040
2180 3870 3770 5040
2190 3870 3760 5040
2200 3870 3770 5040
2210 3890 3770 5030
2200 3890 3770 5040
2200 3890 3770 5040
2200 3880 3770 5030
2200 3880 3770 5040
2190 3870 3770 5040
2210 3880 3770 5040
2210 3870 3770 5030
2210 3870 3780 5020
2220 3870 3780 5030
2220 3870 3780 5020
2200 3900 3770 5020
2190 3890 3770 5020
2190 3880 3770 5020
2210 3890 3770 5020
2200 3890 3770 5020
2200 3880 3770 5020
2200 3870 3770 5020
2210 3860 3780 5030
2220 3860 3780 5030
2220 3860 3770 5040
2220 3860 3770 5030
2230 3870 3770 5030
2240 3870 3770 5040
2220 3860 3770 5040
2210 3870 3770 5040
2200 3880 3780 5040
2180 3880 3770 5040
2170 3870 3770 5040
2180 3870 3770 5030
2200 3860 3770 5040
2210 3870 3770 5040
2210 3870 3770 5040
2210 3880 3770 5030
2210 3880 3770 5030
2220 3870 3770 5030
2200 3880 3770 5030
2200 3880 3770 5020
2210 3870 3770 5020
2220 3880 3770 5030
2200 3880 3770 5020
2200 3880 3770 5020
2190 3870 3760 5020
2190 3870 3770 5020
2190 3870 3770 5020
2200 3880 3770 5030
2210 3870 3770 5040
2210 3870 3770 5040
2210 3890 3780 5040
2200 3890 3770 5040
2200 3890 3770 5030
2210 3900 3770 5030
2200 3900 3780 5020
2200 3900 3770 5030
2200 3900 3770 5040
2180 3910 3770 5050
2170 3900 3780 5050
2160 3900 3780 5050
2160 3880 3770 5050
2160 3890 3770 5030
2180 3880 3770 5030
2180 3880 3780 5040
2180 3890 3780 5030
2200 3890 3780 5030
2210 3880 3780 5040
2190 3880 3780 5040
2200 3880 3770 5030
2220 3880 3770 5020
2200 3870 3780 5020
2210 3870 3780 5020
2200 3870 3770 5030
2200 3870 3770 5020
2200 3870 3770 5030
2200 3870 3770 5030
2200 3860 3770 5030
2190 3860 3780 5030
2200 3870 3780 5040
2200 3870 3760 5040
2200 3880 3770 5040
2200 3880 3770 5040
2200 3880 3770 5040
2180 3880 3780 5040
2180 3880 3770 5030
2180 3880 3770 5020
2180 3870 3770 5030
2200 3870 3770 5020
2200 3870 3760 5020
2200 3870 3760 5030
2190 3870 3760 5030
2170 3880 3770 5040
2180 3870 3770 5040
2170 3880 3780 5040
2190 3870 3780 5040
2210 3870 3780 5040
2190 3870 3770 5040
2200 3870 3770 5040
2200 3870 3770 5030
2200 3870 3770 5020
2180 3870 3770 5030
2180 3870 3770 5040
2190 3870 3770 5050
2180 3870 3770 5050
2200 3870 3770 5040
2190 3870 3770 5040
2190 3870 3770 5040
2210 3880 3770 5040
2210 3880 3770 5040
2210 3870 3770 5040
2200 3870 3780 5040
2180 3870 3770 5040
2190 3870 3780 5030
2170 3890 3780 5020
2180 3890 3770 5030
