2560 4090 3300 4700
2560 4090 3300 4700
2560 4100 3290 4700
2560 4100 3290 4700
2560 4100 3290 4710
2550 4100 3290 4710
2550 4100 3290 4710
2550 4100 3290 4720
2550 4090 3290 4710
2550 4090 3290 4720
2550 4080 3290 4720
2550 4090 3300 4710
2550 4100 3290 4710
2550 4100 3290 4700
2550 4100 3290 4700
2550 4110 3280 4700
2550 4110 3280 4700
2550 4100 3280 4720
2550 4100 3280 4710
2550 4100 3280 4710
2560 4100 3290 4710
2560 4100 3290 4710
2560 4100 3290 4710
2560 4100 3290 4700
2560 4100 3290 4710
2560 4090 3290 4710
2560 4090 3290 4710
2550 4090 3300 4710
2540 4100 3290 4710
2540 4090 3290 4700
2550 4090 3280 4710
2560 4110 3300 4710
2560 4100 3300 4710
2560 4100 3300 4710
2560 4100 3300 4710
2560 4090 3300 4720
2560 4090 3290 4720
2560 4090 3290 4720
2550 4090 3290 4710
2550 4090 3290 4710
2560 4090 3290 4700
2560 4100 3290 4690
2550 4090 3290 4700
2550 4090 3290 4700
2550 4090 3290 4700
2540 4110 3290 4710
2550 4100 3300 4690
2550 4100 3300 4700
2560 4110 3290 4700
2550 4100 3290 4720
2560 4100 3290 4720
2560 4090 3290 4720
2560 4100 3290 4720
2560 4100 3290 4710
2560 4110 3290 4710
2530 4100 3290 4710
2560 4090 3300 4710
2560 4100 3300 4700
2560 4090 3300 4700
2550 4100 3300 4710
2550 4100 3300 4700
2560 4090 3300 4690
2540 4080 3290 4690
2540 4080 3290 4690
2540 4090 3290 4690
2550 4100 3300 4690
2550 4100 3300 4690
2550 4100 3300 4690
2540 4100 3300 4690
2540 4100 3300 4690
2540 4090 3300 4690
2540 4090 3300 4690
2540 4100 3300 4700
2540 4090 3300 4700
2550 4090 3300 4700
2550 4090 3300 4700
2550 4090 3300 4700
2550 4100 3300 4700
2550 4100 3300 4700
2550 4090 3300 4700
2550 4090 3290 4710
2550 4090 3290 4710
2560 4090 3290 4710
2550 4100 3280 4710
2560 4100 3280 4710
2560 4100 3280 4710
2560 4090 3280 4700
2540 4090 3280 4710
2550 4090 3280 4710
2550 4090 3280 4720
2550 4100 3280 4710
2550 4100 3280 4710
2550 4090 3280 4710
2550 4090 3270 4710
2550 4090 3270 4710
2550 4090 3280 4710
2550 4090 3280 4710
2550 4090 3280 4710
2550 4100 3280 4710
2550 4100 3290 4710
2550 4090 3290 4710
2550 4090 3280 4710
2550 4090 3280 4710
2560 4090 3290 4710
2560 4080 3290 4710
2560 4080 3290 4710
2560 4090 3290 4710
2560 4100 3290 4710
2560 4110 3290 4710
2560 4110 3280 4710
2560 4110 3280 4700
2560 4110 3280 4710
2560 4120 3280 4710
2560 4120 3280 4710
2560 4120 3280 4710
2560 4110 3280 4710
2560 4110 3280 4710
2560 4110 3280 4710
2540 4100 3280 4710
2550 4100 3290 4710
2560 4110 3300 4700
2560 4110 3290 4700
2560 4110 3290 4700
2560 4110 3300 4690
2560 4110 3290 4690
