2990 4350 2840 4400
2990 4340 2840 4400
3000 4360 2840 4410
3000 4360 2850 4410
3000 4340 2850 4410
2990 4350 2840 4410
2990 4340 2840 4410
3000 4350 2850 4410
3000 4350 2860 4400
2990 4350 2860 4410
2990 4350 2860 4410
2980 4350 2860 4410
2980 4340 2860 4410
2990 4350 2850 4410
2980 4350 2850 4410
2980 4360 2850 4420
2980 4370 2850 4420
2990 4370 2840 4420
2980 4360 2840 4420
2980 4370 2850 4420
2990 4350 2840 4410
2990 4350 2840 4410
2990 4340 2840 4410
2980 4350 2850 4410
2980 4350 2850 4410
2960 4350 2850 4410
2970 4360 2850 4410
2980 4370 2850 4410
2980 4360 2850 4400
2980 4350 2850 4400
2980 4360 2850 4410
2980 4340 2850 4400
2990 4350 2850 4400
2990 4350 2850 4400
2990 4360 2850 4400
2990 4360 2850 4400
2980 4370 2850 4420
2990 4360 2840 4410
2980 4360 2840 4410
2980 4360 2840 4400
2990 4360 2850 4400
2980 4360 2840 4410
2980 4350 2850 4410
2970 4360 2840 4410
2980 4360 2840 4410
2980 4350 2840 4410
2990 4350 2850 4410
2990 4350 2850 4410
2980 4350 2850 4400
2990 4330 2850 4400
2980 4330 2850 4410
3000 4330 2850 4410
2990 4350 2850 4410
2990 4360 2840 4400
2990 4360 2840 4400
2990 4360 2840 4400
2980 4350 2850 4400
2980 4350 2850 4400
2980 4350 2850 4410
2980 4350 2840 4420
2980 4350 2850 4420
2990 4340 2850 4420
2990 4340 2860 4410
2980 4360 2850 4420
2980 4360 2840 4410
2980 4360 2850 4400
2980 4360 2840 4400
2980 4370 2840 4410
2980 4350 2850 4410
2980 4360 2850 4400
2980 4350 2850 70
2990 4350 2840 4410
2990 4350 2850 4410
2970 4360 2850 4410
2960 4350 2840 4410
2970 4350 2850 4410
2980 4350 2840 4410
2980 4350 2840 4410
2980 4350 2840 4410
2970 4350 2840 4400
2970 4350 2840 4400
2980 4350 2840 4410
2980 4340 2840 4420
2980 4350 2830 4420
2980 4350 2830 4420
2980 4340 2840 4420
2980 4340 2840 4420
2970 4330 2850 4420
2980 4330 2850 4420
2980 4350 2850 4420
2980 4350 2850 4410
2970 4350 2850 4400
2970 4340 2850 4410
2960 4350 2850 4410
2950 4350 2840 4400
2940 4350 2840 4400
2960 4350 2840 4400
2960 4350 2850 4400
2970 4350 2850 4410
2980 4350 2850 4400
2990 4340 2850 4400
3000 4340 2850 4400
2950 4340 2850 4410
2950 4340 2850 4420
2960 4340 2840 4410
2960 4350 2850 4400
2960 4350 2850 4400
2970 4350 2850 4390
2970 4350 2850 4410
2960 4350 2830 4410
2960 4360 2830 4410
2970 4340 2850 4410
2970 4330 2850 4400
2980 4340 2850 4410
2980 4350 2850 4420
2980 4350 2850 4410
2990 4350 2860 4410
2980 4350 2860 4410
2980 4350 2850 4410
2990 4340 2850 4410
2990 4340 2850 4400
2990 4340 2840 4410
2990 4340 2840 4410
2980 4350 2840 4410
2990 4350 2850 4400
2980 4350 2840 4410
2980 4350 2830 4410
3000 4350 2840 4410
3010 4340 2850 4410
2980 4350 2860 4410
2980 4350 2860 4400
2990 4360 2840 4410
2970 4360 2850 4410
2990 4350 2840 4410
2980 4350 2840 4410
2980 4350 2840 4410
2990 4350 2840 4420
2980 4350 2850 4420
2990 4340 2860 4410
3000 4340 2850 4410
3000 4340 2850 4420
3010 4340 2850 4410
2990 4350 2840 4400
2990 4350 2840 4400
3000 4340 2840 4390
2980 4350 2840 4390
2960 4340 2840 4390
2950 4340 2830 4390
2970 4340 2840 4400
2970 4340 2840 4400
2980 4340 2850 4400
2980 4340 2840 4410
2980 4340 2840 4410
2980 4350 2850 4410
2980 4350 2850 4410
2960 4350 2840 4410
2970 4350 2840 4410
2970 4350 2830 4410
2970 4340 2830 4400
2970 4340 2830 4400
2960 4340 2840 4410
2960 4340 2840 4400
2970 4340 2830 4400
2960 4340 2840 4400
2960 4340 2840 4410
2970 4340 2850 4410
2980 4340 2840 4410
2980 4350 2840 4400
2960 4350 2830 4400
2960 4350 2830 4400
2970 4340 2840 4400
2980 4340 2850 4410
2990 4340 2850 4410
3000 4330 2860 4410
3000 4340 2860 4400
3000 4340 2860 4400
3000 4340 2860 4410
3000 4340 2860 4410
2980 4340 2850 4410
2980 4340 2850 4410
2980 4350 2850 4400
