3430 4620 2370 4080
3470 4610 2380 4080
3450 4620 2380 4080
3440 4610 2380 4080
3430 4620 2380 4090
3440 4610 2390 4090
3450 4600 2380 4090
3450 4610 2380 4090
3440 4620 2370 4090
3450 4620 2380 4090
3450 4610 2390 4080
3440 4610 2400 4070
3440 4610 2420 4070
3440 4610 2430 4070
3430 4620 2430 4070
3450 4610 2380 4080
3450 4630 2380 4080
3450 4620 2380 4080
3440 4620 2380 4080
3450 4610 2380 4080
3450 4610 2370 4080
3460 4610 2380 4090
3450 4610 2370 4090
3440 4610 2370 4090
3440 4620 2360 4100
3440 4610 2380 4100
3440 4610 2370 4090
3440 4610 2370 4090
3440 4610 2370 4090
3440 4610 2370 4090
3440 4600 2370 4100
3440 4610 2370 4110
3450 4610 2390 4100
3450 4610 2380 4100
3460 4610 2390 4100
3450 4610 2380 4090
3460 4620 2390 4080
3460 4620 2380 4080
3460 4620 2380 4080
3450 4630 2390 4090
3440 4620 2390 4080
3430 4630 2380 4080
3430 4620 2370 4080
3430 4620 2370 4090
3440 4620 2380 4090
3440 4610 2380 4080
3430 4610 2370 4080
3430 4610 2380 4080
3420 4610 2370 4080
3420 4620 2370 4090
3420 4610 2370 4090
3440 4610 2390 4100
3450 4610 2380 4090
3440 4600 2390 4090
3440 4600 2370 4090
3440 4610 2390 4080
3440 4600 2390 4080
3450 4600 2380 4080
3430 4600 2390 4070
3430 4600 2390 4080
3430 4600 2390 4080
3420 4610 2380 4080
3440 4610 2380 4090
3440 4610 2360 4100
3460 4610 2380 4080
3450 4610 2370 4080
3440 4610 2390 4090
3430 4610 2370 4090
3440 4610 2380 4090
3440 4610 2390 4080
3440 4610 2390 4080
3440 4600 2400 4080
3420 4610 2420 4080
3420 4610 2400 4090
3420 4610 2380 4090
3430 4610 2370 4080
3430 4610 2370 4090
3440 4610 2380 4080
3430 4610 2380 4080
3440 4610 2370 4080
3430 4610 2360 4080
3440 4610 2380 4080
3440 4610 2370 4080
3440 4610 2370 4080
3450 4610 2380 4080
3440 4600 2390 4080
3440 4600 2370 4080
3450 4600 2370 4080
3450 4600 2380 4080
3460 4610 2370 4080
3460 4610 2370 4080
3450 4600 2360 4080
3460 4600 2350 4090
3460 4580 2350 4080
3460 4600 2370 4090
3450 4600 2360 4090
3440 4600 2360 4080
3430 4610 2370 4080
3440 4610 2360 4080
3430 4610 2360 4090
3430 4610 2360 4090
3420 4610 2360 4100
3440 4600 2390 4080
3440 4600 2390 4090
3450 4620 2390 4090
3430 4610 2390 4080
3450 4620 2390 4090
3450 4610 2380 4090
3420 4610 2370 4090
3430 4600 2370 4090
3430 4600 2380 4090
3440 4600 2380 4080
3440 4620 2370 4080
3430 4610 2390 4080
3440 4610 2380 4100
3440 4610 2380 4100
3450 4610 2380 4090
3440 4610 2380 4080
3440 4610 2370 4080
3440 4610 2370 4090
3440 4610 2390 4100
3440 4610 2390 4090
3440 4610 2380 4090
3430 4620 2380 4080
3440 4620 2380 4080
3450 4620 2380 4090
3450 4620 2390 4090
3450 4610 2380 4100
3450 4610 2380 4100
3440 4600 2380 4090
3450 4620 2370 4090
3450 4630 2370 4090
3460 4630 2370 4080
3460 4620 2380 4080
3460 4620 2370 4080
3460 4620 2390 4080
3450 4610 2370 4080
3450 4610 2370 4080
3440 4620 2380 4080
3450 4620 2370 4080
3450 4620 2370 4080
3450 4620 2390 4080
3450 4620 2380 4080
3440 4610 2380 4080
3440 4610 2390 4080
3440 4610 2370 4090
3440 4610 2370 4090
3440 4620 2380 4080
3430 4610 2370 4080
3430 4620 2380 4080
