3910 4990 1990 3850
3900 4990 1990 3850
3900 4990 1990 3860
3890 5010 1970 3870
3880 5010 1970 3860
3880 5010 1960 3870
3880 5010 1960 3870
3880 5010 1950 3870
3890 5000 1960 3870
3890 5000 1980 3860
3890 5000 1970 3870
3900 5000 1970 3870
3900 5000 1970 3860
3900 5010 1980 3860
3890 5000 1990 3860
3880 5000 2000 3860
3880 5000 2000 3860
3870 5010 1990 3860
3900 5010 1980 3870
3890 5000 1980 3870
3890 5010 1970 3870
3900 5010 1980 3870
3900 5000 1980 3870
3890 4990 1980 3870
3890 5000 1970 3870
3890 5000 1970 3870
3890 5000 1960 3870
3880 5000 1960 3880
3890 5000 1970 3870
3890 4990 1980 3870
3900 4990 1970 3870
3900 4990 1970 3870
3900 5000 1970 3870
3900 5010 1970 3870
3900 5010 1980 3870
3890 5010 1980 3870
3890 5010 1990 3870
3900 5000 1990 3860
3900 5010 2000 3860
3890 5010 1970 3870
3890 5010 1970 3870
3890 5010 1970 3870
3890 5000 1970 3870
3880 4990 1980 3870
3890 4990 1980 3870
3890 5000 1980 3870
3890 5010 1970 3870
3890 5010 1980 3880
3870 5010 1970 3870
3870 5000 1970 3870
3900 5000 1970 3870
3900 5000 1970 3870
3890 5010 1960 3860
3890 5000 1950 3870
3900 5000 1960 3870
3910 5000 1970 3870
3890 5010 1980 3870
3890 5010 1960 3860
3880 5010 1970 3860
3870 5000 1970 3860
3880 5010 1970 3860
3880 5010 1970 3860
3890 5010 1980 3870
3880 5000 1990 3870
3890 5010 1980 3870
3900 5010 1960 3860
3900 5010 1960 3860
3910 5000 1970 3860
3910 5000 1970 3850
3900 4990 1980 3850
3900 5000 1980 3850
3900 5000 1980 3860
3870 5010 1980 3870
3880 5020 1980 3880
3890 5010 1990 3870
3880 5010 1980 3870
3890 5000 1970 3860
3890 5010 1980 3860
3900 5010 1960 3850
3890 5010 1970 3850
3890 5000 1970 3850
3890 5000 1970 3850
3890 5000 1980 3850
3890 5010 1990 3860
3890 5010 1990 3850
3900 5010 1990 3860
3900 5010 1980 3860
3910 5010 1990 3870
3910 5000 1980 3870
3910 5010 1980 3880
3890 5010 1980 3870
3890 5010 1970 3870
3900 5010 1980 3860
3900 5010 1980 3870
3900 5010 1970 3860
3900 5010 1970 3870
3890 5010 1960 3860
3890 5000 1950 3870
3890 5000 1950 3870
3890 5010 1960 3860
3890 5000 1970 3860
3890 5000 1980 3860
3890 5000 1980 3850
3900 4990 1980 3840
3890 4990 1980 3850
3900 5000 1970 3860
3880 5000 1980 3860
3880 5000 1970 3860
3870 5000 1980 3860
3870 5010 1980 3870
3870 5010 1970 3870
3870 5000 1970 3860
3880 5000 1980 3860
3880 4990 1980 3860
3870 4990 1970 3860
3870 4990 1960 3860
3870 5000 1970 3850
3870 5000 1980 3850
3880 5000 1970 3850
3880 5000 1960 3850
3880 5000 1970 3850
3880 5000 1970 3860
3890 5000 1980 3860
3890 4990 1960 3850
3890 4990 1950 3850
3890 5000 1960 3850
3890 5010 1970 3860
3900 5000 1970 3860
3900 5000 1980 3860
3890 5000 1970 3860
3900 5000 1980 3860
3900 5000 1970 3860
3890 5000 1980 3860
3890 5000 1970 3860
3890 5000 1980 3870
3890 5000 1980 3870
3890 5000 1970 3860
3880 5000 1960 3870
3880 5000 1960 3870
3880 5020 1960 3870
3880 5010 1960 3870
3900 5010 1960 3870
3880 4990 1970 3870
3890 4980 1970 3870
3890 4980 1970 3870
3890 4970 1970 3860
3890 4970 1960 3860
3890 4980 1960 3850
3880 4990 1970 3850
3880 4990 1970 3850
3870 4990 1970 3860
