4360 5350 1690 3690
4350 5360 1680 3690
4360 5350 1670 3680
4360 5350 1670 3680
4350 5340 1670 3650
4350 5340 1670 3670
4350 5350 1660 3680
4350 5360 1650 3690
4380 5350 1680 3690
4380 5350 1680 3690
4360 5330 1660 3690
4350 5340 1660 3690
4350 5350 1670 3690
4340 5350 1670 3690
4350 5350 1670 3680
4360 5360 1670 3680
4350 5360 1670 3680
4350 5350 1660 3690
4360 5350 1650 3690
4350 5360 1650 3670
4360 5350 1650 3670
4350 5350 1660 3650
4340 5360 1650 3650
4340 5350 1650 3650
4340 5350 1660 3680
4350 5350 1650 3680
4360 5350 1660 3690
4360 5350 1660 3680
4360 5360 1660 3680
4350 5370 1660 3680
4350 5360 1670 3670
4350 5360 1660 3650
4350 5360 1660 3680
4350 5350 1660 3690
4350 5350 1670 3680
4340 5350 1660 3690
4340 5350 1660 3690
4350 5360 1660 3700
4350 5360 1650 3700
4350 5360 1660 3700
4350 5360 1660 3700
4350 5360 1670 3680
4380 5360 1670 3680
4370 5360 1660 3690
4370 5360 1660 3680
4370 5370 1660 3690
4370 5360 1660 3680
4370 5370 1650 3680
4360 5360 1650 3690
4370 5360 1650 3690
4370 5360 1650 3690
4380 5360 1650 3680
4350 5360 1650 3690
4350 5360 1670 3690
4360 5350 1670 3690
4360 5350 1660 3680
4340 5340 1640 3680
4340 5340 1640 3690
4350 5340 1640 3680
4350 5350 1640 3650
4340 5330 1650 3650
4350 5350 1640 3670
4350 5350 1640 3680
4350 5350 1640 3690
4350 5350 1640 3690
4350 5360 1660 3680
4340 5350 1660 3670
4350 5340 1670 3680
4350 5350 1670 3680
4340 5330 1650 3680
4340 5330 1640 3670
4340 5350 1640 3680
4340 5340 1640 3670
4350 5340 1640 3670
4360 5350 1640 3650
4360 5340 1650 3680
4360 5350 1650 3680
4360 5360 1650 3680
4360 5340 1660 3680
4370 5350 1660 3680
4360 5360 1660 3690
4350 5370 1660 3690
4350 5370 1650 3700
4350 5360 1650 3690
4350 5350 1660 3690
4340 5360 1660 3690
4350 5350 1670 3680
4340 5340 1660 3690
4340 5340 1660 3680
4340 5350 1660 3690
4350 5340 1660 3690
4350 5340 1660 3690
4360 5340 1650 3690
4360 5350 1640 3670
4360 5340 1650 3650
4370 5330 1650 3670
4370 5330 1650 3680
4370 5340 1650 3690
4360 5350 1660 3690
4350 5340 1660 3680
4350 5340 1660 3690
4350 5340 1670 3680
4350 5340 1670 3690
4360 5340 1660 3690
4370 5350 1660 3680
4370 5340 1660 3680
4370 5350 1660 3690
4360 5330 1660 3700
4360 5340 1660 3700
4370 5350 1660 3680
4370 5350 1660 3670
4370 5350 1660 3670
4360 5360 1660 3680
4350 5350 1660 3680
4350 5350 1660 3680
4350 5350 1650 3690
4350 5360 1650 3700
4340 5360 1650 3710
4340 5360 1650 3700
4350 5360 1660 3690
4340 5360 1660 3700
4340 5360 1670 3700
4350 5360 1660 3700
4340 5340 1650 3680
4340 5350 1660 3680
4340 5350 1660 3670
4340 5350 1670 3680
4350 5330 1670 3680
4350 5340 1660 3690
4350 5350 1660 3690
4350 5340 1650 3690
4360 5340 1650 3690
4360 5340 1650 3690
4350 5330 1650 3690
4350 5340 1660 3680
4350 5340 1650 3670
4350 5350 1650 3670
4350 5350 1650 3680
4350 5330 1660 3680
4350 5330 1660 3680
4360 5320 1680 3690
4350 5320 1660 3680
4360 5330 1660 3670
4350 5350 1660 3680
4350 5350 1660 3680
4360 5350 1660 3680
4350 5350 1670 3680
4350 5360 1670 3680
4350 5360 1660 3690
4340 5330 1660 3680
4350 5340 1660 3680
4350 5350 1670 3680
4350 5340 1670 3670
4350 5340 1670 3680
4350 5350 1670 3690
4350 5350 1670 3700
4350 5350 1670 3690
4350 5350 1660 3690
4340 5350 1660 3690
4350 5340 1660 3690
4340 5350 1660 3680
4340 5350 1650 3670
4340 5350 1650 3680
4350 5360 1660 3690
4350 5350 1660 3680
4360 5350 1660 3690
4350 5350 1650 3690
4350 5350 1660 3690
4350 5350 1660 3680
4350 5350 1660 3670
4350 5350 1680 3650
4340 5330 1660 3680
4340 5340 1640 3670
4350 5340 1650 3670
4350 5340 1650 3680
4350 5340 1660 3670
4350 5340 1650 3670
4340 5340 1650 3670
4360 5340 1660 3680
4360 5350 1650 3690
4350 5350 1650 3690
4350 5350 1650 3690
4360 5350 1660 3700
4370 5350 1660 3690
4370 5360 1660 3690
4360 5350 1650 3690
4370 5340 1660 3680
4370 5350 1650 3680
4360 5350 1640 3690
