4700 5740 1760 3440
4690 5750 1760 3430
4690 5740 1760 3430
4710 5740 1750 3440
4690 5740 1750 3440
4690 5740 1750 3440
4690 5730 1750 3430
4680 5730 1750 3430
4680 5740 1750 3430
4680 5740 1750 3440
4680 5740 1750 3440
4680 5740 1750 3440
4690 5740 1750 3440
4690 5730 1750 3430
4690 5730 1750 3430
4680 5740 1750 3450
4670 5740 1750 3450
4670 5730 1760 3440
4680 5730 1750 3430
4710 5730 1750 3430
4700 5730 1750 3430
4700 5730 1750 3450
4700 5740 1750 3450
4710 5730 1760 3450
4700 5720 1760 3460
4710 5720 1760 3450
4700 5720 1760 3440
4700 5720 1750 3450
4700 5720 1750 3440
4700 5730 1760 3440
4700 5730 1760 3450
4690 5730 1760 3440
4690 5730 1750 3440
4680 5740 1750 3450
4690 5740 1750 3440
4700 5740 1760 3450
4710 5740 1760 3450
4720 5740 1750 3460
4710 5740 1750 3460
4690 5740 1750 3470
4680 5740 1750 3470
4680 5740 1750 3470
4680 5740 1770 3460
4670 5740 1760 3460
4680 5740 1760 3450
4690 5740 1760 3450
4690 5740 1750 3440
4690 5740 1750 3430
4680 5750 1750 3430
4680 5740 1750 3440
4690 5740 1750 3460
4690 5730 1750 3450
4690 5730 1740 3450
4690 5720 1750 3450
4690 5720 1740 3460
4690 5720 1740 3440
4700 5720 1750 3440
4700 5730 1750 3440
4690 5740 1750 3430
4690 5750 1750 3420
4690 5750 1770 3440
4690 5750 1770 3450
4690 5730 1760 3450
4690 5730 1760 3440
4690 5720 1760 3460
4700 5720 1750 3440
4700 5720 1740 3460
4690 5730 1740 3450
4680 5730 1740 3440
4680 5730 1750 3440
4690 5730 1760 3440
4700 5730 1760 3430
4700 5730 1760 3430
4690 5730 1750 3450
4690 5730 1760 3430
4700 5730 1750 3430
4700 5730 1750 3430
4700 5730 1750 3440
4700 5730 1750 3450
4700 5730 1760 3450
4700 5730 1750 3460
4690 5730 1760 3460
4700 5730 1760 3460
4700 5730 1750 3470
4690 5730 1750 3460
4690 5730 1750 3450
4690 5730 1750 3460
4700 5720 1760 3450
4700 5730 1760 3450
4700 5730 1750 3440
4700 5730 1760 3430
4690 5740 1760 3430
4710 5730 1760 3440
4700 5740 1760 3450
4690 5730 1760 3440
4690 5730 1760 3450
4680 5730 1760 3460
4700 5720 1760 3460
4700 5720 1760 3460
4700 5720 1760 3460
4700 5730 1760 3470
4700 5730 1760 3460
4710 5730 1760 3450
4700 5730 1760 3450
4700 5730 1760 3440
4690 5730 1760 3430
4680 5740 1750 3430
4690 5730 1750 3430
4690 5730 1750 3430
4680 5730 1750 3450
4680 5730 1750 3460
4680 5730 1740 3450
4680 5730 1740 3450
4690 5730 1740 3460
4680 5730 1750 3460
4680 5730 1760 3450
4680 5730 1750 3450
4690 5720 1760 3450
4680 5720 1760 3460
4680 5720 1760 3460
4680 5720 1760 3460
4680 5730 1760 3470
4690 5730 1760 3470
4700 5720 1760 3470
4700 5720 1760 3490
4690 5720 1760 3470
4690 5730 1760 3460
4700 5730 1760 3450
4700 5730 1760 3450
4700 5730 1760 3440
4690 5740 1750 3460
4690 5740 1750 3440
4690 5740 1750 3450
4690 5740 1750 3460
4700 5740 1750 3470
4700 5740 1750 3470
4710 5740 1750 3460
4700 5730 1750 3450
4700 5740 1750 3460
4710 5740 1760 3450
4710 5740 1750 3450
4710 5740 1740 3450
4710 5730 1750 3450
4700 5730 1750 3450
4700 5730 1750 3440
4690 5730 1740 3440
4690 5730 1750 3440
4690 5720 1750 3450
4690 5720 1750 3440
4690 5720 1750 3450
4690 5720 1750 3440
4690 5720 1750 3450
4690 5720 1740 3450
4690 5730 1740 3450
4690 5730 1750 3470
4690 5720 1750 3480
4700 5720 1740 3480
4700 5720 1740 3480
4700 5720 1740 3480
4700 5720 1750 3480
4700 5720 1750 3490
4700 5720 1750 3480
4700 5720 1740 3470
4700 5730 1740 3480
4690 5730 1750 3460
4690 5730 1760 3460
4690 5730 1760 3460
4690 5740 1750 3460
4690 5740 1750 3450
4690 5740 1760 3460
4700 5740 1770 3460
4700 5740 1770 3440
4700 5740 1760 3440
4700 5730 1760 3440
4690 5730 1760 3450
4690 5730 1760 3440
4690 5730 1750 3440
4690 5730 1750 3440
4700 5730 1750 3450
4700 5730 1750 3440
4700 5720 1740 3450
4700 5730 1740 3440
4690 5720 1740 3450
4700 5720 1750 3450
4700 5720 1750 3440
4700 5730 1760 3430
4700 5730 1770 3440
4700 5730 1760 3430
4690 5730 1750 3440
4690 5730 1750 3460
4690 5730 1750 3450
4690 5730 1750 3440
4690 5730 1750 3430
4700 5730 1750 3430
4700 5730 1760 3430
4700 5730 1760 3440
4690 5730 1750 3440
4690 5730 1750 3440
4690 5730 1750 3450
4680 5730 1750 3450
4690 5730 1750 3450
4690 5730 1750 3460
4690 5730 1760 3440
4690 5740 1760 3450
4690 5740 1760 3460
4700 5740 1750 3460
4700 5740 1750 3460
4690 5740 1750 3450
4690 5740 1750 3450
4700 5740 1760 3460
4680 5740 1760 3480
4680 5730 1750 3480
4690 5730 1760 3470
4690 5730 1760 3450
4690 5730 1760 3450
4690 5730 1770 3450
4700 5730 1760 3440
4700 5730 1760 3430
4700 5730 1760 3440
4690 5730 1760 3440
4690 5730 1760 3440
4690 5730 1750 3430
4690 5720 1740 3430
4700 5720 1750 3430
4700 5720 1750 3430
4700 5720 1750 3430
4700 5720 1750 3430
4700 5720 1750 3440
4700 5730 1750 3440
4700 5730 1750 3430
4700 5730 1760 3450
