4830 5730 1430 3570
4830 5730 1420 3580
4820 5730 1410 3590
4820 5750 1410 3580
4830 5750 1400 3600
4810 5750 1400 3600
4820 5750 1400 3580
4830 5740 1410 3570
4820 5740 1400 3570
4820 5750 1400 3580
4810 5750 1390 3580
4810 5750 1410 3580
4820 5750 1400 3580
4830 5740 1390 3580
4830 5740 1390 3580
4820 5730 1400 3580
4830 5730 1400 3580
4810 5740 1420 3570
4820 5750 1410 3570
4830 5750 1400 3570
4830 5750 1400 3570
4820 5750 1390 3570
4820 5750 1400 3570
4820 5750 1380 3570
4810 5740 1370 3570
4810 5750 1370 3570
4810 5750 1390 3570
4820 5740 1400 3570
4820 5740 1390 3580
4820 5740 1390 3580
4820 5750 1410 3580
4820 5740 1420 3580
4810 5740 1420 3580
4810 5740 1420 3580
4820 5740 1420 3580
4820 5750 1420 3580
4830 5740 1400 3570
4830 5740 1390 3570
4830 5730 1390 3570
4820 5750 1400 3570
4820 5750 1400 3570
4830 5740 1400 3570
4830 5730 1380 3570
4820 5730 1380 3570
4810 5730 1380 3570
4820 5740 1410 3570
4830 5740 1420 3570
4830 5740 1420 3570
4830 5740 1420 3580
4830 5740 1420 3580
4820 5740 1400 3580
4810 5750 1390 3570
4820 5750 1400 3570
4820 5740 1410 3570
4810 5740 1400 3570
4810 5740 1400 3570
4810 5740 1390 3570
4810 5730 1410 3570
4810 5740 1390 3570
4820 5740 1410 3580
4810 5750 1400 3580
4810 5750 1400 3580
4810 5750 1390 3570
4800 5750 1390 3570
4800 5750 1380 3570
4820 5750 1390 3570
4820 5740 1390 3570
4820 5750 1400 3580
4820 5750 1400 3580
4820 5750 1410 3580
4840 5750 1400 3580
4830 5750 1400 3580
4820 5740 1400 3580
4820 5750 1400 3580
4820 5750 1400 3580
4830 5740 1400 3570
4820 5740 1400 3560
4810 5740 1410 3570
4790 5740 1430 3580
4800 5740 1410 3570
4790 5750 1420 3570
4790 5750 1420 3570
4800 5750 1410 3570
4810 5750 1400 3570
4810 5750 1400 3570
4810 5750 1400 3570
4810 5740 1400 3570
4810 5740 1400 3570
4810 5740 1400 3580
4810 5730 1400 3580
4810 5730 1390 3580
4810 5730 1410 3580
4810 5730 1410 3580
4800 5730 1410 3580
4800 5740 1400 3580
4790 5750 1400 3580
4790 5750 1400 3580
4790 5750 1400 3580
4800 5750 1400 3580
4790 5750 1400 3580
4800 5750 1400 3580
4800 5740 1400 3580
4800 5730 1400 3570
4800 5730 1400 3570
4800 5740 1410 3570
4800 5740 1410 3570
4800 5750 1400 3580
4810 5750 1400 3570
4820 5750 1400 3570
4810 5750 1390 3570
4810 5740 1400 3570
4810 5740 1400 3570
4810 5740 1400 3570
4810 5740 1400 3570
4800 5740 1390 3570
4790 5740 1390 3570
4810 5740 1390 3560
4820 5740 1390 3560
4800 5740 1410 3560
4800 5740 1410 3580
4800 5740 1410 3580
4800 5740 1400 3580
4800 5730 1410 3590
4800 5740 1410 3590
4800 5740 1410 3590
4790 5750 1410 3580
4780 5740 1410 3580
4780 5740 1410 3580
4790 5730 1410 3580
4810 5730 1400 3580
4810 5710 1400 3580
4800 5730 1400 3570
4810 5740 1400 3570
4810 5740 1400 3570
4810 5740 1400 3570
4810 5720 1400 3570
4810 5710 1400 3570
4820 5740 1400 3570
4820 5730 1400 3570
4820 5730 1400 3570
4800 5730 1400 3580
4810 5740 1390 3570
4810 5740 1390 3570
4810 5730 1390 3570
4810 5730 1390 3570
