5020 5430 1930 3080
5020 5430 1940 3080
5010 5440 1940 3080
5010 5440 1930 3080
5010 5440 1940 3080
5010 5440 1950 3080
5010 5440 1940 3090
5020 5440 1940 3090
5020 5450 1940 3090
5010 5450 1930 3100
5020 5450 1930 3090
5030 5450 1920 3090
5020 5440 1920 3090
5010 5440 1920 3090
5020 5440 1930 3090
5020 5440 1930 3090
5020 5440 1930 3100
5020 5440 1920 3090
5020 5440 1920 3090
5020 5440 1930 3090
5020 5430 1930 3090
5020 5430 1930 3080
5020 5430 1930 3080
5030 5430 1940 3080
5030 5440 1940 3080
5020 5440 1930 3080
5020 5440 1940 3080
5020 5440 1940 3080
5020 5440 1930 3080
5020 5440 1930 3080
5020 5440 1910 3090
5030 5440 1920 3090
5030 5440 1920 3090
5020 5440 1920 3080
5010 5440 1920 3090
5010 5440 1920 3100
5010 5440 1940 3100
5010 5440 1950 3080
5010 5440 1950 3080
5010 5440 1950 3080
5000 5440 1950 3080
5000 5440 1940 3080
5000 5450 1940 3080
5000 5450 1930 3080
5000 5450 1930 3080
5000 5450 1930 3080
5000 5450 1930 3080
5010 5450 1940 3080
5010 5450 1940 3080
5010 5450 1940 3080
5020 5460 1940 3080
5020 5460 1930 3080
5020 5460 1930 3080
5010 5460 1930 3090
5010 5460 1920 3090
5020 5450 1930 3090
5030 5450 1940 3090
5030 5440 1950 3090
5020 5440 1950 3090
5020 5440 1950 3080
5020 5440 1940 3070
5020 5440 1930 3080
5020 5440 1930 3080
5020 5440 1940 3080
5020 5430 1930 3080
5020 5440 1940 3080
5020 5450 1940 3100
5030 5450 1940 3100
5030 5430 1940 3090
5020 5430 1930 3090
5020 5430 1940 3090
5020 5430 1940 3090
5040 5430 1930 3090
5020 5440 1940 3090
5020 5440 1940 3090
5020 5440 1930 3080
5030 5440 1930 3090
5030 5440 1940 3080
5030 5450 1930 3070
5020 5450 1920 3080
5020 5450 1930 3080
5020 5440 1940 3090
5020 5440 1940 3090
5020 5450 1930 3080
5020 5450 1930 3070
5020 5450 1930 3080
5020 5440 1930 3080
5020 5430 1940 3080
5020 5440 1930 3090
5010 5440 1940 3090
5020 5440 1940 3090
5020 5450 1950 3090
4990 5450 1950 3080
4990 5450 1950 3080
5010 5450 1940 3070
5000 5450 1950 3070
5000 5450 1950 3070
5010 5440 1950 3070
5010 5430 1960 3070
5010 5440 1950 3070
5010 5440 1930 3070
5010 5440 1930 3080
5020 5440 1920 3080
5020 5440 1920 3080
5020 5440 1920 3080
5020 5440 1930 3080
5020 5440 1920 3080
5020 5440 1930 3090
5010 5440 1930 3100
5010 5440 1930 3100
5000 5440 1920 3100
5010 5440 1930 3100
5010 5440 1920 3100
5030 5440 1940 3100
5030 5440 1940 3090
5030 5440 1940 3090
5020 5430 1950 3090
5020 5430 1930 3090
5020 5430 1930 3090
5020 5440 1930 3090
5020 5450 1920 3080
5020 5450 1920 3080
5020 5450 1930 3080
5030 5450 1930 3080
5020 5450 1930 3080
5020 5440 1940 3080
5020 5430 1950 3080
5010 5440 1960 3080
5010 5450 1950 3080
5010 5430 1950 3080
5020 5430 1940 3090
5020 5430 1940 3080
5020 5430 1950 3080
5020 5430 1940 3080
5020 5430 1930 3090
5020 5430 1940 3090
5010 5430 1950 3090
5010 5430 1940 3080
5010 5430 1950 3110
5010 5420 1940 3100
5010 5420 1950 3100
5010 5420 1950 3100
5010 5430 1950 3100
5010 5430 1950 3100
5010 5430 1950 3100
5020 5430 1950 3100
5020 5430 1950 3100
5020 5430 1940 3090
5010 5430 1930 3090
5010 5430 1930 3090
5020 5430 1930 3090
5020 5430 1930 3080
5010 5430 1920 3080
5020 5440 1930 3090
5020 5430 1920 3090
5010 5440 1940 3090
5010 5440 1930 3090
5030 5440 1930 3090
5030 5440 1930 3090
5020 5450 1930 3080
5020 5450 1920 3080
5010 5440 1910 3090
5010 5440 1920 3080
5010 5440 1930 3080
