4540 5010 2110 3220
4540 5010 2110 3220
4540 5020 2120 3220
4550 5020 2110 3210
4550 5020 2110 3200
4550 5020 2110 3210
4550 5030 2110 3210
4550 5030 2110 3210
4530 5020 2110 3200
4530 5020 2120 3200
4540 5030 2110 3210
4550 5030 2110 3210
4550 5010 2110 3210
4550 5010 2110 3210
4560 5010 2120 3190
4560 5000 2110 3200
4560 5010 2110 3200
4560 5030 2110 3210
4560 5030 2110 3210
4560 5020 2110 3190
4540 5030 2090 3200
4550 5030 2090 3210
4550 5020 2090 3220
4550 5030 2090 3200
4550 5020 2110 3210
4550 5010 2110 3220
4550 5010 2120 3210
4560 5010 2110 3200
4560 5020 2110 3190
4550 5010 2110 3210
4550 5010 2130 3210
4550 5010 2130 3210
4550 5010 2120 3210
4550 5020 2130 3210
4550 5010 2120 3210
4550 5010 2120 3210
4560 5020 2090 3190
4560 5020 2090 3200
4560 5030 2090 3200
4550 5030 2110 3200
4560 5010 2090 3190
4560 5020 2090 3200
4560 5010 2090 3200
4560 5010 2090 3200
4550 5030 2110 3210
4550 5030 2110 3200
4550 5030 2110 3200
4550 5030 2110 3210
4550 5010 2090 3200
4550 5010 2090 3210
4550 5010 2090 3210
4560 5020 2090 3200
4550 5010 2110 3200
4550 5000 2120 3200
4550 5000 2130 3190
4550 4990 2130 3210
4560 5000 2130 3200
4560 5020 2110 3180
4560 5020 2110 3190
4550 5020 2090 3190
4540 5010 2090 3190
4540 5010 2090 3200
4540 5010 2110 3190
4560 5020 2110 3200
4560 5030 2120 3190
4550 5020 2120 3200
4550 5030 2110 3200
4550 5030 2090 3210
4550 5030 2110 3200
4540 5020 2110 3190
4540 5020 2110 3200
4540 5020 2110 3200
4540 5040 2110 3200
4550 5040 2090 3200
4540 5030 2110 3190
4550 5020 2110 3190
4550 5030 2090 3190
4550 5030 2090 3200
4550 5030 2090 3200
4550 5020 2110 3210
4550 5020 2110 3210
4550 5020 2110 3180
4550 5020 2070 3190
4550 5010 2080 3200
4550 5020 2080 3200
4560 5020 2090 3200
4550 5010 2080 3200
4550 5020 2110 3200
4550 5020 2090 3210
4550 5030 2090 3200
4550 5030 2110 3200
4560 5040 2090 3200
4560 5030 2080 3190
4560 5030 2090 3200
4560 5030 2110 3180
4550 5020 2090 3190
4540 5020 2090 3200
4530 5020 2090 3190
4550 5020 2080 3190
4550 5030 2110 3210
4540 5020 2110 3220
4540 5020 2120 3200
4550 5030 2110 3200
4550 5020 2130 3210
4560 5030 2080 3220
4550 5020 2080 3220
4540 5010 2090 3220
4540 5020 2110 3200
4550 5020 2120 3200
4560 5040 2120 3210
4550 5020 2120 3220
4550 5030 2120 3220
4550 5020 2110 3220
4550 5020 2090 3210
4530 5030 2090 3210
4540 5030 2090 3220
4540 5040 2090 3220
4550 5030 2110 3210
4550 5030 2120 3210
4550 5030 2120 3200
4560 5030 2130 3210
4560 5040 2120 3210
4560 5040 2130 3220
4550 5040 2130 3200
4550 5030 2110 3200
4550 5030 2090 3210
4550 5020 2120 3210
4560 5010 2120 3200
4570 5020 2110 3200
4550 5030 2110 3210
4550 5020 2110 3200
4550 5030 2110 3210
4550 5020 2110 3210
4550 5030 2120 3210
4550 5030 2120 3210
4550 5020 2110 3210
4550 5020 2110 3210
4550 5020 2110 3220
4550 5020 2110 3220
4550 5020 2120 3200
4550 5020 2120 3200
4550 5030 2130 3200
4550 5020 2130 3200
4550 5030 2120 3200
4550 5040 2120 3200
4550 5020 2110 3220
4550 5040 2110 3190
4540 5030 2130 3200
4550 5010 2110 3220
4550 5010 2120 3220
4550 5010 2120 3210
4550 5010 2110 3200
4560 5010 2110 3210
4550 5010 2130 3220
4560 5010 2130 3220
4560 5010 2120 3220
4560 5030 2110 3200
4560 5030 2110 3190
4550 5020 2110 3190
4550 5020 2110 3190
4550 5030 2130 3200
4550 5040 2130 3200
4550 5040 2120 3220
4550 5040 2120 3220
4550 5040 2120 3190
4550 5040 2120 3190
4550 5020 2110 3200
4550 5030 2120 3200
4550 5020 2110 3200
