4100 4610 2400 3360
4090 4610 2390 3370
4080 4610 2400 3370
4090 4610 2400 3370
4100 4620 2400 3370
4100 4610 2390 3370
4110 4620 2390 3380
4110 4620 2390 3380
4080 4620 2390 3380
4080 4620 2390 3380
4080 4620 2390 3380
4100 4630 2400 3380
4090 4630 2400 3390
4110 4630 2400 3390
4120 4630 2400 3390
4120 4620 2400 3390
4120 4610 2400 3370
4110 4620 2400 3370
4100 4630 2390 3370
4090 4620 2390 3380
4080 4610 2390 3380
4090 4610 2380 3380
4100 4610 2400 3380
4100 4610 2420 3380
4090 4620 2400 3380
4110 4620 2390 3380
4110 4620 2380 3380
4100 4610 2390 3370
4090 4610 2390 3380
4090 4610 2390 3370
4080 4610 2390 3370
4090 4610 2390 3380
4100 4610 2390 3370
4110 4620 2390 3380
4110 4620 2390 3380
4110 4620 2400 3380
4110 4620 2390 3370
4120 4610 2390 3370
4120 4610 2380 3370
4110 4620 2390 3370
4110 4620 2390 3370
4110 4610 2400 3380
4100 4610 2420 3380
4080 4610 2390 3390
4070 4620 2400 3390
4070 4610 2400 3390
4070 4610 2400 3390
4080 4610 2420 3390
4080 4610 2420 3390
4090 4610 2420 3390
4090 4610 2400 3380
4080 4610 2400 3380
4080 4620 2390 3390
4080 4620 2390 3370
4100 4620 2390 3370
4100 4620 2390 3380
4100 4610 2390 3380
4090 4610 2390 3380
4080 4620 2390 3370
4080 4610 2380 3370
4080 4610 2380 3380
4070 4610 2390 3380
4090 4610 2390 3380
4100 4620 2390 3380
4110 4620 2390 3370
4110 4620 2380 3370
4100 4630 2390 3380
4090 4630 2390 3380
4100 4620 2390 3380
4110 4630 2390 3360
4110 4620 2400 3370
4130 4620 2400 3370
4130 4620 2390 3370
4130 4620 2400 3370
4120 4610 2400 3370
4090 4610 2430 3370
4100 4610 2400 3380
4100 4610 2420 3390
4090 4620 2420 3370
4080 4620 2430 3370
4070 4620 2420 3380
4090 4620 2420 3380
4090 4610 2430 3370
4080 4610 2400 3370
4080 4600 2400 3370
4100 4600 2400 3370
4090 4600 2400 3380
4090 4610 2400 3380
4080 4610 2420 3380
4100 4610 2430 3380
4100 4610 2420 3380
4090 4610 2420 3380
4100 4610 2400 3380
4100 4610 2400 3390
4110 4610 2390 3390
4110 4610 2380 3380
4100 4610 2390 3380
4110 4610 2400 3380
4110 4610 2400 3370
4110 4610 2390 3370
4100 4620 2390 3380
4100 4610 2390 3380
4090 4610 2390 3380
4080 4610 2390 3380
4070 4610 2390 3380
4070 4610 2390 3380
4080 4610 2390 3380
4090 4620 2390 3380
4100 4620 2390 3380
4090 4630 2390 3380
4100 4610 2390 3370
4110 4610 2390 3370
4100 4620 2390 3360
4090 4610 2390 3370
4080 4610 2400 3380
4090 4610 2400 3380
4090 4610 2400 3390
4080 4610 2400 3390
4080 4610 2390 3380
4080 4620 2390 3370
4100 4610 2380 3380
4100 4620 2380 3380
4100 4620 2390 3390
4080 4610 2400 3390
4080 4610 2400 3390
4080 4610 2390 3390
4080 4610 2390 3380
4090 4610 2400 3380
4100 4610 2400 3380
4080 4610 2400 3380
4100 4610 2390 3370
4090 4610 2390 3360
4100 4610 2400 3360
4090 4600 2400 3370
4100 4600 2390 3360
4090 4600 2400 3370
4090 4610 2420 3370
4090 4610 2400 3380
4100 4610 2390 3370
4090 4610 2390 3370
4080 4620 2400 3380
4090 4610 2400 3380
4090 4610 2390 3390
4100 4610 2400 3400
4110 4610 2400 3400
4100 4610 2400 3400
4090 4630 2400 3390
4090 4630 2420 3380
4080 4630 2400 3380
