3670 4240 2760 3670
3670 4240 2760 3680
3680 4240 2760 3680
3670 4240 2760 3680
3640 4240 2750 3690
3630 4240 2750 3680
3630 4250 2750 3680
3630 4260 2750 3680
3630 4260 2760 3680
3630 4270 2750 3670
3620 4260 2750 3680
3620 4260 2750 3690
3620 4260 2750 3680
3630 4260 2750 3680
3640 4260 2750 3680
3630 4260 2740 3690
3640 4260 2750 3690
3640 4250 2750 3690
3650 4250 2740 3690
3640 4250 2750 3680
3670 4260 2750 3690
3670 4250 2760 3690
3670 4260 2760 3680
3650 4240 2760 3680
3640 4240 2750 3680
3640 4240 2760 3670
3640 4240 2760 3670
3640 4240 2760 3670
3650 4250 2750 3670
3650 4250 2750 3680
3650 4240 2750 3680
3670 4250 2760 3680
3680 4250 2760 3680
3680 4240 2760 3690
3670 4240 2750 3690
3670 4250 2760 3680
3670 4240 2750 3690
3650 4230 2750 3670
3640 4240 2750 3680
3650 4240 2750 3670
3630 4240 2750 3680
3630 4230 2720 3690
3630 4240 2720 3680
3640 4250 2750 3690
3650 4240 2750 3680
3670 4240 2750 3680
3650 4250 2750 3680
3640 4260 2760 3680
3650 4260 2750 3680
3650 4260 2750 3690
3640 4260 2750 3690
3640 4240 2740 3690
3640 4230 2760 3690
3630 4240 2760 3680
3650 4250 2760 3690
3670 4260 2760 3690
3670 4260 2750 3690
3650 4260 2750 3690
3640 4250 2760 3690
3680 4250 2750 3670
3680 4240 2750 3650
3680 4250 2750 3670
3650 4250 2740 3680
3640 4250 2740 3670
3650 4260 2740 3670
3650 4250 2740 3680
3650 4240 2740 3680
3650 4230 2740 3680
3650 4250 2740 3680
3650 4250 2740 3690
3640 4240 2740 3690
3640 4250 2750 3690
3670 4240 2750 3690
3670 4240 2750 3690
3680 4240 2750 3680
3650 4240 2750 3680
3650 4240 2750 3680
3650 4240 2740 3680
3640 4250 2740 3680
3650 4240 2740 3680
3640 4230 2740 3680
3650 4220 2740 3680
3650 4220 2750 3670
3650 4220 2740 3680
3650 4230 2750 3680
3670 4240 2750 3680
3670 4240 2750 3680
3650 4250 2760 3680
3640 4250 2750 3680
3640 4240 2750 3680
3640 4230 2750 3680
3640 4240 2760 3680
3640 4240 2760 3670
3670 4230 2750 3670
3650 4230 2770 3650
3650 4240 2760 3670
3650 4230 2760 3670
3670 4230 2760 3680
3650 4240 2760 3650
3670 4240 2770 3670
3670 4240 2770 3670
3650 4240 2750 3670
3650 4240 2750 3670
3680 4250 2770 3670
3690 4250 2770 3670
3650 4250 2760 3670
3650 4250 2760 3670
3680 4220 2760 3670
3690 4230 2760 3670
3690 4230 2760 3670
3690 4250 2760 3670
3690 4240 2760 3650
3690 4240 2760 3670
3670 4240 2770 3650
3670 4250 2770 3670
3670 4240 2760 3650
3680 4240 2750 3670
3680 4260 2760 3670
3670 4250 2760 3650
3670 4260 2750 3650
3670 4260 2750 3650
3650 4260 2750 3650
3640 4260 2750 3650
3640 4250 2740 3640
3650 4240 2750 3650
3670 4240 2750 3640
3670 4240 2750 3650
3650 4250 2750 3680
3650 4240 2750 3650
3650 4240 2760 3640
3630 4250 2750 3670
3650 4250 2750 3640
3680 4240 2750 3640
3680 4240 2750 3640
3700 4250 2750 3640
3690 4240 2750 3650
3690 4250 2750 3670
3670 4250 2760 3650
3670 4250 2760 3670
3680 4240 2760 3680
3670 4230 2750 3670
3670 4230 2750 3680
3670 4240 2750 3680
3680 4250 2740 3670
3680 4240 2720 3670
3670 4230 2740 3670
3670 4250 2750 3680
3680 4260 2750 3690
3680 4260 2750 3680
3700 4240 2750 3680
3650 4260 2750 3690
3640 4260 2750 3680
3630 4260 2750 3680
3650 4240 2740 3670
3640 4240 2740 3680
3630 4240 2740 3670
3650 4240 2750 3650
3670 4240 2740 3670
3640 4250 2750 3670
3650 4240 2750 3680
3650 4250 2750 3670
3680 4250 2750 3670
