3230 3900 3160 3930
3230 3900 3160 3930
3220 3900 3160 3920
3240 3910 3150 3930
3230 3910 3140 3950
3240 3900 3140 3950
3240 3900 3160 3940
3240 3900 3160 3940
3240 3900 3180 3930
3230 3900 3180 3920
3240 3900 3180 3920
3220 3890 3160 3930
3210 3880 3160 3930
3210 3880 3150 3920
3210 3890 3150 3920
3210 3900 3170 3930
3220 3910 3180 3920
3220 3910 3180 3930
3220 3900 3180 3930
3230 3890 3160 3930
3220 3910 3140 3940
3220 3900 3130 3940
3240 3880 3120 3960
3220 3880 3120 3950
3230 3880 3140 3940
3230 3890 3150 3930
3220 3900 3130 3930
3210 3900 3130 3930
3210 3900 3140 3940
3240 3880 3140 3940
3240 3890 3130 3930
3230 3890 3130 3920
3230 3880 3120 3910
3230 3870 3140 3930
3230 3870 3150 3940
3230 3870 3150 3930
3230 3880 3140 3920
3240 3880 3150 3930
3230 3890 3140 3920
3230 3900 3130 3910
3220 3900 3140 3910
3220 3900 3160 3910
3230 3890 3130 3930
3220 3900 3150 3920
3210 3900 3150 3930
3210 3900 3150 3930
3220 3900 3150 3950
3230 3910 3150 3960
3220 3900 3150 3950
3230 3900 3150 3940
3240 3900 3150 3950
3240 3910 3150 3960
3230 3910 3150 3940
3240 3910 3120 3940
3230 3910 3120 3930
3220 3910 3140 3940
3230 3910 3140 3930
3230 3900 3140 3950
3230 3910 3130 3950
3230 3900 3140 3930
3230 3900 3130 3930
3240 3890 3140 3900
3240 3890 3140 3900
3220 3910 3150 3930
3220 3910 3140 3930
3240 3910 3150 3920
3240 3910 3150 3920
3240 3900 3150 3930
3230 3900 3140 3920
3240 3900 3140 3940
3230 3910 3140 3940
3230 3910 3150 3940
3230 3900 3150 3950
3240 3900 3140 3950
3240 3900 3140 3950
3240 3890 3140 3960
3250 3900 3140 3960
3240 3900 3150 3950
3250 3900 3150 3930
3250 3910 3140 3940
3240 3910 3140 3950
3240 3910 3140 3950
3240 3910 3130 3930
3230 3910 3130 3940
3230 3910 3130 3930
3230 3910 3140 3920
3230 3900 3140 3930
3230 3890 3130 3950
3240 3900 3140 3940
3240 3900 3140 3930
3250 3900 3160 3930
3250 3900 3160 3950
3250 3900 3160 3940
3240 3900 3160 3950
3240 3900 3160 3940
3240 3900 3160 3930
3240 3910 3160 3920
3230 3900 3160 3910
3230 3900 3150 3920
3230 3900 3150 3930
3220 3900 3150 3930
3220 3900 3150 3920
3230 3890 3130 3940
3230 3900 3150 3940
3230 3900 3150 3940
3230 3900 3140 3950
3240 3910 3150 3930
3230 3910 3150 3930
3240 3910 3140 3930
3250 3890 3130 3940
3230 3890 3130 3930
3230 3890 3150 3930
3240 3900 3140 3930
3240 3900 3160 3930
3250 3900 3160 3920
3240 3900 3150 3920
3240 3900 3140 3920
3240 3910 3140 3930
3240 3910 3130 3940
3230 3890 3150 3930
3230 3900 3160 3910
3220 3910 3160 3920
3220 3920 3140 3930
3220 3920 3140 3940
3240 3910 3140 3930
3230 3900 3140 3940
3240 3880 3170 3950
3230 3880 3160 3930
3240 3880 3150 3940
3220 3880 3150 3930
3220 3880 3160 3940
3230 3880 3170 3920
3230 3890 3170 3940
3230 3890 3160 3930
3230 3880 3150 3930
3230 3880 3150 3910
3230 3890 3150 3930
3230 3900 3150 3940
3240 3890 3160 3920
3240 3890 3170 3930
3250 3890 3170 3950
3230 3890 3170 3940
