2880 3590 3540 4350
2890 3580 3540 4360
2890 3580 3540 4360
2870 3580 3540 4360
2860 3580 3540 4350
2850 3580 3550 4340
2860 3590 3560 4340
2860 3580 3560 4340
2860 3580 3560 4340
2860 3590 3560 4340
2860 3580 3560 4350
2860 3570 3550 4340
2870 3570 3550 4360
2860 3570 3540 4350
2870 3570 3550 4350
2880 3600 3540 4340
2870 3600 3540 4340
2870 3590 3540 4340
2870 3580 3540 4340
2870 3590 3540 4350
2880 3590 3540 4340
2860 3580 3530 4340
2870 3590 3540 4350
2870 3590 3540 4350
2860 3580 3540 4340
2870 3590 3540 4340
2880 3590 3550 4340
2880 3590 3550 4340
2880 3580 3550 4340
2880 3590 3540 4340
2890 3580 3540 4350
2870 3580 3550 4340
2870 3580 3550 4340
2870 3600 3550 4350
2860 3590 3550 4350
2850 3590 3550 4350
2850 3600 3550 4340
2860 3600 3550 4340
2870 3590 3540 4340
2860 3590 3550 70
2860 3580 3550 4340
2870 3600 3540 4340
2880 3590 3540 4350
2880 3580 3540 4340
2870 3580 3540 4350
2870 3590 3540 4350
2870 3580 3550 4350
2870 3570 3540 4340
2870 3580 3540 4340
2880 3570 3540 4340
2880 3580 3540 4350
2870 3580 3540 4340
2870 3580 3540 4340
2880 3580 3540 4340
2890 3580 3540 4340
2890 3580 3540 4340
2890 3580 3530 4360
2890 3590 3540 4360
2860 3570 3540 4350
2880 3580 3540 4350
2880 3580 3550 4340
2880 3580 3550 4350
2870 3580 3540 4350
2880 3570 3540 4360
2880 3570 3540 4360
2870 3570 3540 4350
2860 3570 3530 4360
2860 3570 3530 4360
2870 3570 3530 4360
2870 3580 3530 4350
2870 3580 3530 4350
2850 3570 3540 4350
2860 3570 3540 4360
2870 3590 3550 4370
2870 3580 3550 4360
2870 3580 3550 4350
2870 3590 3560 4350
2870 3590 3560 4350
2880 3600 3560 4340
2890 3600 3560 4350
2870 3600 3560 4360
2870 3590 3560 4360
2860 3600 3560 4360
2860 3600 3560 4360
2870 3590 3550 4370
2880 3580 3550 4370
2870 3580 3550 4360
2870 3570 3550 4360
2870 3580 3540 4350
2880 3570 3550 4350
2870 3570 3550 4350
2860 3580 3550 4340
2860 3590 3550 4370
2860 3590 3550 4360
2860 3600 3550 4350
2860 3590 3550 4350
2870 3600 3540 4350
2880 3590 3540 4350
2880 3580 3550 4340
2870 3570 3550 4350
2880 3590 3550 4350
2880 3580 3550 4350
2860 3590 3540 4340
2860 3580 3550 4340
2860 3590 3540 4340
2870 3590 3540 4340
2870 3590 3550 4340
2880 3580 3540 4340
2890 3580 3530 4340
2890 3570 3540 4350
2890 3570 3550 4350
2870 3570 3550 4360
2880 3580 3550 4360
2880 3580 3550 4350
2860 3600 3540 4350
2860 3600 3540 4350
2860 3580 3540 4340
2860 3580 3540 4340
2860 3580 3540 4340
2860 3600 3550 4340
2870 3600 3550 4340
2870 3610 3550 4340
2870 3610 3550 4340
2870 3600 3550 4350
2870 3600 3550 4360
2880 3600 3550 4350
2870 3590 3550 4350
2870 3590 3550 4350
2870 3580 3550 4350
2870 3580 3550 4350
2880 3580 3540 4350
2860 3580 3540 4350
2860 3580 3550 4350
2870 3580 3550 4350
2880 3580 3550 4360
2870 3570 3550 4350
2850 3570 3540 4350
2860 3580 3550 4340
2850 3580 3550 4340
2850 3590 3540 4340
2850 3580 3540 4350
2870 3580 3530 4350
2870 3580 3530 4350
2880 3570 3540 4360
2880 3580 3540 4370
2880 3590 3540 4360
2880 3590 3540 4350
2860 3580 3550 4340
2870 3580 3540 4350
2870 3580 3540 4340
2880 3580 3530 4340
2870 3580 3540 4350
2870 3580 3540 4350
