2570 3360 4020 4690
2570 3340 4020 4700
2570 3340 4020 4700
2560 3340 4030 4690
2560 3340 4010 4680
2560 3340 4020 4680
2560 3340 4020 4690
2550 3330 4010 4690
2550 3340 4010 4690
2550 3340 4010 4680
2550 3340 4010 4690
2550 3340 4020 4700
2550 3360 4030 4690
2560 3360 4030 4690
2570 3340 4020 4690
2570 3340 4020 4690
2570 3340 4020 4690
2570 3340 4030 4690
2560 3340 4030 4690
2560 3340 4030 4690
2560 3340 4030 4690
2560 3340 4020 4690
2560 3330 4020 4700
2560 3330 4020 4700
2560 3330 4010 4700
2560 3330 4010 4690
2560 3330 4020 4700
2560 3320 4020 4690
2560 3310 4010 4690
2560 3320 4020 4690
2560 3320 4020 4690
2550 3320 4030 4690
2550 3320 4030 4690
2550 3320 4030 4690
2550 3320 4030 4690
2550 3320 4030 4690
2560 3320 4020 4690
2560 3330 4010 4690
2550 3330 4010 4690
2550 3330 4010 4690
2550 3330 4020 4690
2550 3340 4030 4680
2550 3360 4030 4690
2550 3360 4020 4690
2550 3360 4020 4690
2550 3340 4020 4690
2550 3360 4020 4690
2550 3360 4020 4690
2550 3340 4020 4680
2560 3330 4030 4700
2560 3330 4020 4700
2570 3330 4020 4700
2570 3340 4020 4700
2560 3340 4020 4690
2560 3330 4030 4690
2560 3330 4030 4690
2560 3330 4030 4680
2560 3330 4030 4690
2560 3330 4030 4700
2560 3330 4030 4690
2550 3340 4010 4690
2560 3330 4010 4690
2560 3330 4010 4690
2560 3360 4010 4670
2540 3340 4020 4670
2540 3340 4020 4680
2550 3340 4020 4680
2560 3320 4020 4690
2550 3320 4020 4700
2550 3330 4020 4700
2560 3330 4030 4700
2570 3330 4020 4700
2570 3320 4020 4690
2560 3320 4010 4690
2550 3360 4010 4700
2550 3340 4010 4710
2550 3340 4010 4710
2550 3340 4010 4700
2540 3330 4000 4700
2550 3330 4010 4700
2550 3330 4010 4700
2550 3330 4020 4700
2550 3330 4020 4700
2560 3330 4010 4690
2550 3330 4010 4690
2550 3340 4010 4700
2550 3330 4010 4700
2550 3330 4010 4710
2550 3340 4010 4720
2550 3360 4010 4710
2560 3360 4010 4710
2570 3360 4010 4710
2570 3360 4010 4710
2570 3340 4020 4700
2560 3340 4020 4700
2560 3330 4020 4690
2560 3330 4020 4690
2560 3340 4020 4690
2560 3330 4020 4690
2560 3330 4020 4690
2560 3330 4010 4690
2560 3330 4020 4690
2560 3360 4020 4690
2560 3360 4020 4690
2560 3370 4020 4690
2560 3360 4010 4690
2550 3360 4010 4690
2550 3360 4010 4690
2550 3360 4010 4690
2560 3360 4010 4690
2560 3360 4010 4690
2560 3340 4010 4700
2560 3330 4020 4690
2560 3330 4020 4690
2560 3330 4010 4700
2560 3340 4010 4700
2550 3340 4010 4700
2550 3340 4010 4700
2560 3330 4010 4700
2560 3330 4010 4700
2560 3330 4000 4700
2560 3340 4000 4700
2560 3330 3990 4700
2560 3330 4010 4700
2560 3330 4000 4700
2560 3340 4010 4690
2550 3330 4010 4690
2550 3330 4020 4680
2560 3320 4020 4680
2560 3330 4030 4680
2560 3330 4020 4690
2550 3330 4020 4690
2550 3330 4020 4690
2540 3330 4020 4690
2540 3340 4020 4690
2540 3340 4020 4690
2550 3360 4020 4690
2550 3360 4020 4680
2550 3360 4010 4680
2550 3370 4010 4680
2550 3360 4000 4690
2550 3360 4000 4690
2550 3360 4000 4690
2540 3340 4010 4680
2550 3330 4020 4670
2540 3330 4020 4680
2540 3340 4020 4690
2550 3340 4020 4680
2550 3360 4020 4680
2550 3370 4020 4680
2550 3370 4020 4680
2550 3340 4010 4690
2540 3330 4010 4690
2540 3340 4010 4690
2550 3330 4000 4680
2540 3340 4000 4680
2550 3330 3990 4690
2550 3330 4000 4690
2560 3330 4000 4690
2550 3330 4000 4690
2540 3330 4000 4690
2540 3330 4000 4690
2550 3320 4000 4680
2550 3320 4000 4670
2550 3320 3990 4690
2550 3320 3990 4690
2550 3330 3990 4690
2550 3340 4000 4690
2550 3340 4000 4690
2550 3340 3990 4690
