2340 3130 4500 5110
2340 3130 4500 5110
2340 3130 4510 5110
2330 3140 4510 5120
2330 3160 4510 5120
2330 3160 4500 5120
2330 3160 4500 5120
2340 3120 4510 5130
2340 3120 4510 5130
2340 3120 4520 5120
2340 3120 4520 5120
2340 3120 4520 5110
2330 3130 4510 5100
2330 3130 4510 5110
2340 3140 4500 5100
2340 3140 4500 5100
2340 3140 4510 5100
2340 3140 4500 5110
2330 3140 4500 5110
2340 3140 4500 5110
2330 3140 4500 5110
2330 3150 4500 5120
2340 3140 4500 5120
2350 3140 4510 5110
2350 3140 4510 5100
2350 3150 4520 5110
2330 3140 4520 5120
2330 3130 4520 5130
2330 3140 4510 5120
2330 3140 4510 5120
2310 3150 4500 5120
2310 3140 4500 5120
2320 3140 4500 5120
2310 3140 4500 5120
2310 3140 4500 5110
2320 3140 4500 5110
2330 3140 4510 5120
2340 3140 4500 5110
2340 3140 4510 5110
2330 3140 4510 5110
2330 3140 4510 5110
2330 3140 4510 5110
2340 3140 4520 5110
2340 3140 4520 5120
2340 3140 4520 5120
2340 3140 4520 5120
2340 3140 4520 5110
2340 3150 4520 5110
2340 3150 4510 5110
2340 3150 4500 5110
2350 3160 4500 5120
2350 3150 4500 5110
2340 3150 4510 5120
2340 3150 4510 5110
2340 3150 4510 5120
2320 3140 4520 5120
2330 3140 4520 5110
2330 3150 4520 5110
2330 3140 4520 5110
2330 3130 4510 5110
2330 3140 4500 5100
2330 3140 4500 5100
2320 3140 4510 5100
2330 3140 4510 5110
2330 3140 4500 5110
2330 3140 4510 5110
2330 3140 4520 5110
2330 3140 4520 5110
2330 3140 4520 5110
2320 3150 4510 5110
2330 3150 4510 5120
2330 3150 4510 5120
2330 3160 4510 5120
2330 3160 4510 5120
2340 3150 4510 5110
2340 3150 4510 5110
2340 3150 4500 5120
2330 3140 4510 5110
2330 3140 4510 5110
2340 3130 4510 5110
2330 3130 4510 5110
2340 3130 4510 5110
2340 3140 4510 5100
2340 3140 4510 5100
2330 3140 4510 5100
2330 3140 4510 5100
2330 3150 4520 5110
2330 3150 4520 5100
2330 3150 4520 5100
2330 3150 4520 5110
2330 3140 4520 5110
2340 3140 4520 5100
2340 3140 4520 5100
2330 3140 4520 5110
2310 3140 4520 5110
2310 3150 4520 5120
2320 3150 4520 5120
2320 3150 4520 5130
2320 3150 4510 5110
2320 3150 4500 5110
2320 3150 4500 5120
2310 3140 4500 5130
2320 3140 4500 5130
2330 3140 4500 5120
2330 3150 4510 5120
2320 3150 4510 5110
2310 3160 4500 5110
2320 3150 4510 5120
2330 3140 4510 5120
2340 3140 4510 5120
2340 3150 4510 5120
2340 3160 4510 5120
2340 3150 4510 5120
2340 3140 4510 5120
2330 3140 4520 5120
2330 3140 4520 5120
2320 3140 4520 5120
2320 3140 4520 5110
2310 3140 4520 5110
2320 3140 4520 5110
2310 3160 4510 5120
2330 3160 4510 5120
2340 3150 4500 5100
2340 3150 4510 5110
2340 3150 4510 5120
2340 3150 4520 5120
2330 3150 4520 5120
2330 3150 4520 5120
2330 3150 4520 5120
2320 3150 4520 5120
2320 3150 4520 5120
2310 3150 4510 5110
2320 3150 4510 5120
2320 3150 4510 5120
2340 3150 4500 5120
2330 3150 4510 5120
2330 3150 4520 5120
2330 3140 4520 5120
2330 3140 4520 5110
2320 3130 4510 5120
2320 3130 4510 5120
2320 3130 4510 5110
2310 3130 4500 5110
2310 3130 4510 5100
2310 3140 4520 5110
2320 3140 4530 5110
2320 3140 4510 5100
2320 3140 4520 5100
2320 3140 4520 5100
2310 3130 4520 5110
2320 3140 4520 5110
2330 3140 4520 5110
2330 3140 4520 5110
2320 3140 4510 5110
2330 3140 4510 5120
2320 3140 4510 5120
2330 3140 4510 5120
2320 3140 4500 5120
2330 3140 4510 5110
2330 3150 4510 5110
2330 3150 4510 5120
2330 3150 4510 5120
2320 3150 4510 5120
2310 3130 4500 5120
2310 3130 4500 5120
2320 3130 4510 5120
2320 3130 4510 5110
2320 3130 4510 5100
2310 3130 4510 5110
2300 3140 4510 5100
2320 3130 4510 5100
2310 3130 4500 5110
2310 3130 4500 5120
2320 3130 4500 5120
2320 3130 4500 5110
