2180 3060 5000 5540
2160 3050 5000 5540
2160 3050 5000 5520
2170 3050 5000 5520
2170 3050 5000 5520
2160 3020 5010 5540
2160 3020 5020 5550
2160 3030 5020 5550
2160 3050 5010 5540
2160 3060 5010 5550
2160 3060 5010 5550
2170 3050 5010 5550
2160 3060 5000 5550
2170 3070 5000 5560
2170 3070 5000 5550
2170 3060 5000 5550
2170 3060 5000 5550
2160 3060 5000 5540
2170 3060 5000 5540
2170 3070 4990 5540
2160 3050 5000 5540
2160 3050 5000 5540
2160 3050 5000 5540
2160 3020 5010 5550
2160 3020 5010 5560
2160 3020 5010 5560
2170 3030 5010 5550
2160 3050 5010 5540
2160 3060 5000 5540
2160 3060 5000 5520
2170 3050 5000 5520
2160 3050 5000 5550
2170 3050 4990 5540
2180 3030 4990 5520
2180 3020 4990 5520
2180 3020 4990 5550
2180 3020 4990 5540
2180 3020 5000 5540
2180 3020 5000 5540
2180 3020 5000 5540
2190 3020 5000 5520
2170 3030 5000 5520
2160 3050 5000 5520
2160 3030 5000 5540
2170 3020 5000 5540
2160 3030 5000 5540
2170 3030 5000 5550
2170 3050 5000 5550
2160 3050 5000 5520
2170 3020 5000 5550
2170 3020 5000 5550
2160 3020 5000 5520
2170 3050 5000 5520
2160 3030 5000 5520
2180 3030 5010 5520
2180 3030 5010 5550
2180 3030 5010 5550
2170 3030 5000 5540
2170 3020 5000 5540
2180 3030 4990 5520
2170 3020 4990 5540
2160 3020 4990 5550
2170 3020 4990 5540
2180 3020 4990 5540
2170 3020 4990 5540
2170 3030 4990 5520
2170 3030 4990 5540
2160 3020 5000 5540
2180 3030 5000 5520
2170 3030 4990 5510
2160 3020 5010 5560
2170 3030 5010 5560
2170 3030 5010 5560
2170 3030 5010 5560
2170 3010 5010 5550
2170 3020 5010 5560
2170 3020 5000 5560
2160 3030 5000 5560
2160 3020 5010 5550
2160 3010 5010 5550
2160 3010 5010 5550
2160 3020 5000 5560
2170 3030 5000 5560
2170 3020 5000 5560
2170 3030 5000 5550
2170 3020 5000 5560
2170 3020 5010 5560
2180 3010 5010 5560
2170 3000 5010 5570
2170 3010 5010 5570
2170 3010 5010 5560
2170 3000 5010 5550
2180 3000 5010 5550
2170 3010 5010 5550
2170 3010 5010 5560
2170 3020 5010 5550
2170 3010 5010 5550
2170 3010 5000 5550
2160 3010 5010 5540
2170 3000 5010 5540
2160 3020 5010 5550
2160 3020 5000 5540
2160 3020 5010 5540
2170 3020 5010 5540
2170 3010 5010 5540
2160 3020 5010 5540
2170 3010 5000 5540
2170 3030 5000 5550
2160 3050 5000 5540
2170 3030 5000 5540
2160 3050 5000 5540
2160 3030 5000 5540
2170 3050 5000 5540
2180 3020 5000 5540
2170 3020 5000 5540
2170 3020 5000 5520
2170 3020 5000 5550
2170 3020 5000 5540
2170 3010 5000 5540
2170 3010 5000 5540
2170 3010 5000 5520
2180 3010 5000 5520
2180 3010 5000 5550
2170 3010 5000 5560
2180 3000 5010 5550
2180 3000 5010 5540
2180 3020 5000 5540
2190 3010 5000 5540
2190 3010 5000 5550
2180 3010 5000 5560
2180 3010 5000 5550
2180 3020 5010 5540
2180 3020 5010 5540
2180 3020 5010 5540
2170 3020 5000 5550
2170 3010 5000 5540
2170 3010 5010 5540
2160 3010 5000 5520
2170 3020 5000 5520
2170 3030 5000 5520
2170 3030 5000 5520
2160 3030 5000 5510
2170 3020 5000 5520
2170 3010 5000 5540
2170 3010 5000 5540
2170 3010 5000 5540
2170 3010 5000 5520
2170 3010 5000 5540
2170 3010 5010 5540
