4830 5460 2200 2950
4830 5460 2200 2950
4830 5470 2200 2950
4830 5470 2190 2940
4840 5470 2180 2940
4840 5470 2180 2940
4850 5470 2170 2950
4850 5470 2170 2940
4850 5470 2180 2950
4840 5460 2190 2950
4840 5460 2180 2950
4840 5470 2180 2960
4830 5470 2180 2970
4830 5470 2180 2970
4830 5460 2190 2960
4840 5470 2190 2950
4830 5470 2190 2960
4830 5460 2190 2960
4840 5450 2180 2950
4840 5460 2170 2940
4830 5460 2180 2940
4830 5460 2180 2950
4830 5460 2180 2950
4830 5450 2170 2960
4840 5450 2170 2950
4840 5460 2170 2950
4840 5460 2170 2940
4840 5460 2170 2940
4840 5460 2170 2940
4840 5460 2170 2950
4840 5460 2170 2950
4840 5460 2170 2940
4840 5450 2170 2940
4840 5450 2170 2950
4850 5450 2170 2950
4850 5450 2170 2950
4860 5450 2170 2950
4870 5450 2170 2950
4860 5460 2170 2950
4870 5460 2180 2960
4870 5460 2180 2960
4860 5460 2180 2960
4860 5450 2190 2960
4860 5450 2190 2970
4860 5450 2180 2980
4870 5440 2170 2980
4870 5440 2180 2970
4860 5450 2180 2970
4850 5450 2180 2980
4850 5450 2190 2970
4860 5450 2180 2980
4870 5450 2180 2970
4870 5450 2180 2960
4870 5460 2180 2950
4870 5450 2170 2950
4850 5450 2170 2960
4850 5450 2170 2970
4860 5450 2170 2970
4850 5440 2170 2960
4860 5450 2160 2950
4860 5450 2160 2960
4860 5450 2170 2960
4860 5450 2170 2970
4860 5450 2160 2980
4850 5450 2180 2980
4850 5450 2170 2970
4850 5450 2180 2960
4860 5460 2170 2970
4860 5450 2170 2970
4850 5460 2170 2970
4840 5460 2170 2970
4840 5460 2160 2960
4850 5460 2170 2950
4850 5460 2170 2970
4850 5460 2190 2960
4850 5460 2190 2960
4860 5460 2190 2970
4860 5450 2180 2970
4860 5450 2180 2970
4860 5450 2180 2970
4860 5450 2170 2960
4840 5460 2170 2960
4830 5460 2180 2950
4830 5460 2190 2950
4820 5460 2180 2950
4830 5460 2180 2950
4840 5460 2180 2950
4840 5460 2180 2960
4850 5460 2180 2960
4850 5460 2180 2960
4850 5460 2180 2950
4850 5460 2180 2960
4850 5460 2180 2950
4850 5460 2190 2950
4830 5460 2190 2960
4830 5460 2200 2960
4850 5460 2180 2960
4850 5460 2180 2950
4850 5460 2170 2950
4850 5470 2180 2950
4840 5460 2180 2950
4840 5460 2170 2950
4840 5450 2180 2960
4840 5450 2180 2960
4840 5450 2180 2950
4850 5450 2190 2950
4850 5450 2190 2960
4840 5450 2190 2950
4840 5460 2180 2950
4840 5460 2180 2950
4840 5460 2180 2960
4850 5460 2180 2970
4850 5460 2170 2970
4840 5460 2160 2970
4850 5460 2170 2970
4850 5460 2160 2970
4860 5460 2170 2970
4860 5460 2170 2970
4860 5460 2170 2960
4860 5460 2180 2950
4860 5460 2190 2950
4850 5460 2190 2950
4850 5460 2190 2950
4850 5460 2180 2960
4850 5470 2180 2970
4850 5470 2180 2970
4850 5470 2180 2960
4840 5470 2170 2950
4850 5470 2160 2950
4850 5470 2160 2960
4850 5480 2160 2950
4850 5470 2180 2950
4850 5480 2170 2950
4860 5480 2160 2950
4860 5480 2170 2950
4860 5470 2180 2960
4850 5460 2180 2970
4850 5460 2180 2960
4850 5470 2180 2960
4850 5470 2180 2970
4840 5460 2180 2960
4840 5460 2190 2950
4840 5470 2180 2940
4850 5470 2180 2940
4840 5460 2180 2950
4840 5470 2180 2960
4840 5480 2170 2950
4840 5480 2170 2960
4840 5480 2170 2960
4850 5480 2160 2970
4860 5460 2170 2970
4840 5460 2170 2950
4840 5450 2170 2950
4830 5450 2170 2950
4830 5440 2160 2950
4830 5440 2160 2960
4830 5440 2180 2950
4840 5440 2180 2950
4830 5440 2180 2960
4840 5450 2180 2960
4840 5450 2180 2950
4840 5440 2180 2950
4840 5450 2180 2950
4850 5450 2180 2950
4860 5450 2170 2950
4870 5450 2170 2960
4850 5450 2160 2950
4860 5440 2170 2960
4860 5450 2170 2950
4860 5450 2170 2960
4860 5450 2180 2960
4860 5460 2180 2960
4850 5450 2190 2960
4840 5450 2180 2960
4840 5450 2180 2950
4850 5450 2180 2950
4850 5450 2170 2950
4860 5450 2170 2970
4870 5460 2170 2970
4860 5460 2170 2960
4860 5460 2180 2970
4850 5460 2180 2970
4860 5460 2180 2970
4860 5450 2180 2960
4850 5450 2180 2950
4860 5450 2190 2950
4860 5450 2180 2950
4870 5460 2190 2950
4860 5460 2190 2940
4860 5460 2190 2940
4860 5460 2190 2940
4840 5460 2190 2940
4850 5460 2190 2940
4860 5460 2190 2940
4860 5460 2190 2940
