2650 2540 5140 5250
2650 2550 5140 5250
2650 2550 5140 5250
2650 2550 5150 5250
2650 2550 5150 5260
2650 2550 5160 5260
2640 2550 5160 5260
2640 2550 5150 5260
2630 2550 5150 5270
2640 2550 5150 5260
2640 2550 5150 5270
2640 2550 5150 5270
2640 2550 5150 5270
2640 2550 5150 5260
2640 2550 5160 5280
2640 2550 5160 5270
2640 2540 5160 5270
2640 2540 5160 5280
2630 2540 5160 5270
2640 2550 5160 5270
2640 2550 5160 5270
2640 2550 5160 5260
2640 2550 5160 5260
2640 2550 5160 5270
2640 2550 5160 5270
2650 2550 5160 5270
2640 2550 5160 5270
2640 2550 5170 5270
2650 2550 5170 5260
2650 2550 5170 5260
2660 2560 5160 5260
2650 2560 5160 5260
2650 2560 5160 5260
2650 2560 5160 5260
2650 2560 5160 5260
2650 2560 5160 5270
2650 2560 5160 5260
2650 2550 5150 5280
2660 2550 5150 5270
2650 2550 5160 5270
2650 2550 5160 5270
2650 2550 5160 5270
2650 2550 5150 5270
2640 2560 5150 5270
2640 2560 5160 5270
2640 2560 5160 5260
2640 2560 5160 5250
2640 2560 5160 5250
2640 2560 5160 5250
2640 2560 5150 5240
2640 2560 5150 5250
2640 2560 5150 5250
2640 2560 5160 5250
2640 2560 5150 5260
2640 2560 5150 5260
2640 2570 5150 5250
2650 2570 5150 5260
2650 2570 5150 5260
2650 2570 5150 5260
2650 2570 5150 5260
2650 2570 5150 5260
2650 2570 5150 5260
2650 2570 5150 5260
2650 2570 5150 5260
2650 2570 5150 5260
2650 2570 5160 5260
2640 2560 5160 5260
2640 2560 5150 5260
2640 2570 5150 5260
2640 2570 5160 5270
2640 2570 5160 5270
2640 2570 5160 5270
2640 2570 5160 5270
2640 2570 5160 5270
2640 2570 5160 5260
2650 2570 5160 5260
2650 2570 5160 5250
2650 2570 5160 5260
2660 2570 5160 5260
2660 2570 5160 5260
2650 2570 5160 5260
2650 2570 5160 5260
2650 2570 5160 5270
2650 2570 5160 5280
2650 2570 5160 5270
2660 2570 5160 5270
2660 2570 5150 5270
2650 2570 5150 5270
2650 2570 5150 5270
2650 2570 5160 5260
2640 2560 5160 5260
2640 2560 5150 5260
2640 2560 5150 5250
2640 2560 5150 5270
2640 2560 5150 5270
2640 2570 5150 5260
2650 2560 5150 5270
2650 2560 5150 5270
2650 2570 5160 5270
2650 2560 5150 5280
2650 2560 5140 5280
2650 2560 5150 5280
2650 2560 5150 5280
2650 2550 5150 5260
2650 2560 5160 5260
2650 2560 5170 5280
2650 2560 5160 5270
2660 2560 5160 5260
2660 2560 5160 5270
2660 2560 5160 5270
2660 2560 5160 5270
2650 2560 5160 5270
2650 2560 5160 5270
2660 2550 5160 5260
2660 2550 5170 5260
2660 2560 5170 5270
2650 2560 5160 5270
2650 2570 5160 5280
2650 2570 5160 5260
2650 2570 5170 5260
2640 2570 5160 5260
2650 2570 5170 5250
2650 2570 5160 5260
2630 2570 5160 5260
2630 2570 5150 5260
2640 2570 5150 5260
2640 2570 5150 5260
2650 2580 5150 5260
2650 2580 5150 5260
2660 2580 5150 5260
2650 2570 5150 5260
2650 2570 5150 5250
2650 2570 5150 5260
2650 2570 5150 5260
2650 2570 5140 5260
2650 2560 5140 5260
2650 2560 5150 5270
2650 2560 5150 5270
2640 2560 5150 5260
2640 2560 5150 5260
2630 2550 5160 5260
2640 2550 5160 5250
2640 2560 5150 5250
2640 2560 5150 5250
2640 2560 5160 5250
2640 2560 5160 5250
2650 2560 5170 5250
2640 2560 5170 5250
2640 2560 5170 5260
2640 2560 5170 5260
2640 2560 5160 5260
2640 2560 5160 5260
2640 2560 5160 5250
2640 2560 5160 5260
2640 2560 5150 5270
2650 2560 5150 5270
2650 2560 5150 5260
2650 2560 5160 5260
2650 2560 5160 5260
2650 2550 5160 5270
2650 2550 5160 5270
2660 2550 5160 5270
2660 2540 5160 5260
2650 2540 5160 5250
2650 2550 5150 5260
2650 2550 5150 5270
2650 2550 5150 5270
2650 2550 5150 5270
2650 2560 5150 5260
2660 2560 5150 5250
2650 2560 5160 5250
2650 2560 5160 5250
2650 2560 5170 5250
2640 2560 5170 5250
2640 2550 5160 5250
2650 2550 5160 5250
2650 2560 5150 5260
2650 2560 5160 5260
2640 2560 5160 5250
2640 2560 5160 5260
2650 2560 5170 5260
2650 2560 5160 5270
2650 2570 5150 5270
2650 2570 5150 5270
2660 2570 5150 5270
2650 2560 5160 5270
2630 2560 5160 5270
2630 2560 5160 5260
2630 2560 5150 5260
2640 2560 5150 5270
2640 2550 5150 5270
2640 2550 5160 5260
