2740 2660 4750 4880
2740 2670 4750 4890
2720 2670 4750 4890
2720 2660 4750 4880
2720 2660 4750 4870
2720 2670 4750 4870
2720 2660 4750 4870
2720 2660 4750 4870
2740 2650 4750 4880
2740 2650 4750 4880
2720 2650 4750 4880
2720 2650 4750 4880
2740 2660 4760 4880
2740 2670 4760 4890
2740 2670 4760 4890
2740 2680 4760 4890
2740 2670 4750 4890
2740 2670 4740 4890
2740 2670 4740 4890
2720 2680 4740 4890
2740 2670 4750 4890
2740 2680 4750 4880
2740 2680 4750 4880
2740 2680 4750 4880
2750 2680 4750 4880
2750 2680 4750 4880
2740 2670 4750 4880
2740 2660 4750 4890
2720 2660 4760 4890
2740 2660 4760 4890
2740 2660 4760 4890
2740 2650 4760 4890
2720 2650 4760 4890
2720 2650 4760 4890
2740 2650 4760 4880
2720 2650 4760 4880
2720 2660 4760 4880
2740 2660 4760 4880
2720 2660 4760 4870
2740 2660 4760 4870
2740 2670 4760 4870
2740 2670 4760 4870
2740 2670 4760 4870
2710 2670 4760 4870
2710 2670 4760 4880
2710 2670 4760 4880
2710 2680 4760 4890
2720 2670 4760 4880
2720 2680 4760 4880
2720 2680 4760 4880
2720 2680 4750 4880
2720 2670 4750 4880
2720 2670 4750 4880
2720 2670 4750 4880
2720 2670 4750 4880
2740 2660 4750 4880
2740 2660 4750 4880
2720 2670 4750 4880
2720 2680 4750 4880
2720 2670 4750 4880
2720 2670 4750 4880
2720 2660 4750 4880
2720 2650 4750 4880
2710 2650 4750 4880
2710 2650 4760 4870
2740 2660 4760 4880
2720 2670 4760 4880
2720 2670 4760 4890
2720 2670 4760 4890
2720 2660 4750 4890
2740 2660 4750 4890
2740 2660 4760 4890
2740 2660 4760 4890
2740 2660 4750 4880
2740 2660 4750 4880
2740 2660 4750 4880
2720 2670 4750 4880
2720 2670 4750 4870
2720 2660 4750 4870
2710 2670 4750 4870
2710 2670 4760 4870
2720 2670 4760 4870
2720 2670 4750 4870
2720 2660 4750 4880
2720 2660 4750 4880
2720 2660 4750 4880
2720 2660 4750 4880
2720 2660 4750 4880
2710 2660 4750 4880
2710 2650 4750 4880
2710 2650 4750 4880
2710 2660 4760 4890
2710 2660 4750 4890
2710 2660 4750 4880
2710 2670 4750 4880
2710 2670 4750 4880
2710 2660 4750 4880
2720 2660 4750 4880
2720 2650 4750 4870
2710 2660 4750 4870
2710 2660 4750 4880
2710 2660 4760 4880
2710 2660 4760 4880
2720 2650 4760 4880
2720 2650 4760 4880
2720 2650 4760 4880
2720 2650 4760 4880
2720 2650 4760 4890
2720 2650 4760 4880
2740 2660 4760 4880
2720 2660 4760 4880
2720 2650 4760 4880
2720 2660 4750 4880
2720 2670 4750 4880
2740 2660 4750 4880
2740 2670 4750 4870
2740 2660 4760 4870
2740 2660 4760 4860
2740 2660 4750 4860
2740 2660 4750 4870
2740 2660 4750 4870
2720 2660 4750 4860
2740 2650 4750 4860
2720 2660 4750 4860
2720 2660 4750 4860
2720 2670 4750 4860
2740 2670 4750 4860
2740 2670 4750 4860
2750 2670 4750 4860
2740 2660 4750 4860
2720 2650 4760 4860
2740 2650 4760 4860
2740 2670 4760 4870
2740 2670 4750 4870
2750 2670 4750 4880
2750 2670 4750 4880
2740 2670 4760 4880
2720 2670 4760 4880
2720 2670 4760 4880
2720 2660 4760 4880
2710 2660 4770 4880
2720 2650 4760 4880
2720 2650 4750 4880
2720 2650 4750 4880
2740 2650 4750 4880
2740 2660 4760 4880
2740 2660 4760 4880
2740 2660 4760 4880
2740 2660 4760 4870
2720 2660 4760 4870
2720 2650 4760 4870
2710 2660 4760 4860
2710 2650 4760 4860
2740 2660 4760 4870
2740 2660 4760 4870
2740 2660 4760 4870
2760 2660 4760 4860
2740 2660 4760 4860
2740 2660 4760 4860
2740 2660 4760 4860
2740 2660 4750 4860
2740 2670 4760 4850
2750 2680 4760 4850
2740 2680 4760 4860
2740 2680 4760 4860
2740 2670 4760 4860
2740 2670 4760 4860
2740 2660 4760 4860
2750 2660 4760 4860
2740 2660 4760 4870
2720 2660 4760 4870
2720 2670 4760 4860
2720 2670 4760 4860
2740 2680 4760 4860
2740 2680 4760 4860
2740 2680 4760 4860
2740 2670 4760 4860
2710 2670 4760 4860
2710 2670 4750 4860
2710 2670 4750 4860
2710 2670 4750 4860
2700 2660 4750 4860
2700 2670 4750 4860
2700 2670 4750 4860
2700 2670 4750 4860
2700 2680 4750 4850
2700 2670 4760 4850
2700 2650 4760 4850
2700 2660 4760 4850
2700 2660 4750 4850
2700 2660 4750 4850
2700 2660 4750 4860
2700 2660 4750 4850
2700 2650 4750 4860
2700 2660 4750 4860
2700 2670 4750 4860
2700 2660 4750 4860
2700 2660 4750 4860
2700 2650 4750 4870
2700 2660 4760 4860
2700 2660 4760 4860
2700 2660 4750 4860
2700 2650 4750 4860
2700 2650 4750 4860
2700 2650 4750 4860
2700 2670 4750 4860
2700 2660 4750 4860
2700 2670 4750 4860
2700 2660 4750 4860
2700 2680 4750 4860
2710 2680 4750 4870
