2960 2830 4290 4440
2970 2840 4300 4440
2980 2840 4290 4440
2980 2840 4290 4440
2980 2840 4290 4450
2970 2840 4270 4450
2980 2850 4270 4450
2980 2840 4290 4450
2980 2830 4300 4450
2980 2830 4300 4450
2980 2820 4300 4450
2990 2830 4310 4460
2980 2830 4320 4460
2980 2840 4320 4460
2980 2830 4320 4460
2970 2830 4300 4470
2960 2830 4300 4460
2960 2830 4300 4460
2950 2830 4300 4460
2950 2830 4290 4450
2950 2830 4290 4460
2950 2830 4290 4450
2950 2840 4300 4450
2960 2840 4300 4450
2970 2830 4290 4450
2970 2830 4300 4450
2970 2830 4300 4450
2970 2840 4300 4450
2960 2840 4300 4450
2970 2840 4290 4450
2980 2830 4300 4450
2980 2840 4300 4460
2980 2830 4290 4470
2970 2830 4290 4470
2960 2830 4290 4460
2960 2840 4290 4460
2960 2850 4290 4450
2960 2850 4270 4460
2970 2840 4290 4460
2980 2830 4290 4460
2970 2820 4290 4460
2970 2830 4290 4460
2970 2830 4290 4460
2970 2840 4270 4460
2970 2840 4290 4460
2970 2830 4270 4460
2970 2840 4300 4460
2980 2840 4290 4460
2980 2850 4300 4470
2980 2850 4290 4460
2990 2850 4290 4460
2980 2850 4300 4460
2980 2850 4300 4460
2970 2850 4290 4460
2970 2850 4290 4470
2970 2840 4290 4470
2960 2830 4270 4470
2950 2830 4270 4470
2950 2830 4290 4470
2960 2830 4300 4470
2960 2830 4290 4470
2970 2840 4300 4460
2980 2840 4310 4460
2970 2840 4300 4460
2960 2840 4310 4460
2960 2840 4300 4470
2960 2840 4310 4460
2950 2850 4300 4460
2950 2860 4290 4460
2960 2860 4290 4460
2960 2860 4300 4460
2970 2850 4300 4450
2980 2850 4310 4450
2990 2830 4300 4450
2990 2830 4300 4460
2980 2830 4300 4450
2980 2840 4290 4450
2980 2840 4290 4450
2970 2840 4300 4450
2970 2830 4310 4450
2960 2830 4300 4450
2960 2840 4300 4460
2960 2830 4300 4460
2970 2830 4290 4460
2980 2830 4290 4450
2970 2830 4290 4450
2950 2830 4300 4460
2960 2840 4290 4460
2970 2840 4300 4450
2970 2840 4290 4450
2970 2830 4300 4450
2960 2830 4300 4450
2960 2830 4300 4450
2960 2830 4290 4450
2960 2830 4290 4450
2960 2820 4300 4460
2960 2820 4310 4460
2960 2820 4310 4450
2960 2820 4300 4450
2970 2820 4290 4450
2970 2820 4300 4460
2980 2820 4310 4460
2980 2820 4310 4460
2980 2820 4310 4460
2980 2830 4300 4460
2980 2830 4300 4460
2970 2830 4290 4450
2980 2830 4290 4450
2970 2830 4300 4450
2970 2840 4290 4460
2970 2840 4300 4460
2980 2840 4290 4450
2980 2840 4300 4450
2980 2830 4300 4450
2980 2830 4290 4450
2980 2830 4300 4450
2980 2840 4300 4450
2980 2850 4310 4440
2980 2840 4310 4450
2980 2850 4300 4450
2970 2840 4290 4450
2970 2830 4290 4450
2970 2830 4290 4450
2950 2830 4290 4460
2960 2840 4290 4470
2960 2830 4290 4470
2970 2830 4300 4470
2960 2840 4300 4470
2960 2840 4300 4460
2960 2840 4310 4460
2950 2840 4300 4450
2960 2850 4300 4450
2950 2840 4290 4450
2960 2840 4300 4450
2960 2830 4310 4450
2950 2840 4310 4450
2970 2830 4310 4450
2970 2820 4300 4460
2980 2820 4310 4450
2980 2820 4300 4460
2980 2820 4300 4460
2980 2820 4300 4450
2970 2820 4290 4460
2970 2830 4300 4460
2970 2830 4290 4470
2970 2830 4270 4470
2960 2830 4290 4470
2960 2830 4290 4470
2980 2820 4290 4470
2980 2820 4290 4460
2990 2820 4290 4470
2980 2820 4290 4460
2970 2820 4290 4460
2970 2820 4290 4450
2980 2830 4290 4450
2980 2830 4310 4460
2980 2830 4310 4460
2980 2830 4310 4460
2980 2830 4300 4450
2970 2820 4290 4440
2960 2820 4290 4440
2960 2830 4300 4440
2970 2820 4300 4450
2970 2820 4290 4440
2960 2810 4310 4450
2970 2830 4310 4450
2970 2840 4300 4440
2970 2830 4300 4440
2970 2830 4300 4450
2970 2840 4310 4450
2970 2830 4300 4450
2980 2820 4310 4460
2980 2820 4300 4460
2980 2820 4300 4460
2980 2830 4310 4460
2970 2830 4320 4460
2980 2830 4320 4460
2980 2830 4330 4460
2980 2830 4320 4450
2970 2820 4310 4450
2970 2830 4310 4450
2980 2830 4310 4450
2980 2840 4300 4450
2990 2840 4290 4450
2980 2830 4300 4450
2970 2830 4290 4450
2970 2830 4290 4450
2960 2840 4300 4450
2970 2850 4300 4450
2970 2850 4310 4450
2970 2850 4310 4450
2970 2850 4320 4450
2960 2830 4320 4450
2960 2830 4320 4450
2950 2830 4320 4450
2950 2830 4320 4450
2950 2820 4320 4450
2950 2820 4320 4450
2950 2830 4310 4440
2960 2830 4310 4440
2960 2830 4310 4440
2960 2830 4320 4450
2970 2840 4330 4450
2970 2830 4310 4450
2960 2830 4310 4450
2950 2830 4310 4440
2960 2830 4320 4440
2970 2840 4320 4440
2970 2850 4320 4440
2980 2850 4320 4440
2970 2840 4320 4440
2970 2850 4310 4440
2980 2850 4300 4440
2980 2840 4300 4450
2980 2830 4300 4440
2970 2840 4310 4450
2960 2840 4310 4450
2980 2850 4310 4450
2980 2850 4310 4450
2990 2840 4310 4440
2980 2840 4300 4450
2980 2840 4290 4450
2980 2830 4290 4450
2970 2830 4300 4450
2980 2830 4290 4450
