3330 3140 3860 4000
3330 3140 3860 4000
3330 3140 3880 4000
3330 3140 3870 4000
3330 3140 3870 4000
3330 3130 3870 4000
3320 3130 3870 4000
3310 3120 3870 4010
3310 3130 3870 4010
3310 3140 3870 4010
3300 3130 3870 4010
3300 3120 3870 4010
3300 3130 3870 4010
3300 3120 3870 4010
3300 3130 3890 4010
3300 3130 3880 4010
3310 3140 3880 4010
3300 3130 3870 4010
3300 3140 3870 4010
3290 3130 3870 4010
3300 3120 3870 4010
3290 3110 3870 4010
3320 3110 3870 4010
3310 3120 3870 4010
3320 3140 3870 4000
3320 3140 3870 4000
3330 3110 3870 3990
3320 3110 3870 3990
3320 3120 3870 3990
3300 3120 3870 4000
3300 3130 3870 4000
3310 3130 3870 3990
3310 3120 3870 3990
3310 3140 3880 3980
3310 3130 3880 3960
3300 3130 3880 3980
3300 3120 3870 3980
3300 3110 3870 3980
3300 3110 3870 3980
3300 3120 3870 3990
3300 3150 3890 4000
3290 3130 3880 3990
3300 3150 3870 4000
3300 3150 3870 4000
3300 3140 3870 4000
3310 3130 3880 4000
3310 3150 3880 4000
3300 3150 3880 4000
3300 3160 3870 4010
3300 3150 3860 4010
3290 3130 3870 4020
3300 3140 3860 4020
3300 3130 3870 4020
3300 3140 3880 4020
3300 3140 3880 4020
3300 3140 3870 4020
3300 3160 3880 4020
3300 3140 3880 4010
3320 3140 3880 4010
3310 3130 3870 4010
3300 3150 3870 4010
3290 3130 3880 4010
3300 3130 3880 4020
3300 3140 3870 4010
3290 3140 3870 4010
3300 3140 3870 4010
3320 3140 3870 4020
3320 3130 3870 4010
3320 3130 3870 4010
3320 3120 3870 4010
3330 3130 3880 4010
3330 3130 3880 4010
3310 3130 3880 4020
3330 3140 3890 4020
3330 3150 3880 4010
3310 3150 3880 4010
3300 3150 3880 4010
3300 3130 3880 4010
3320 3140 3890 4000
3310 3140 3890 4000
3310 3130 3880 3990
3310 3130 3870 4000
3310 3140 3860 4010
3310 3140 3860 4010
3300 3140 3870 4010
3300 3130 3870 4010
3300 3130 3870 4010
3310 3120 3880 4010
3330 3130 3880 4020
3320 3130 3880 4020
3300 3120 3880 4020
3290 3120 3880 4020
3300 3140 3880 4020
3300 3150 3890 4010
3320 3140 3880 4000
3320 3130 3880 3990
3320 3120 3880 3990
3320 3120 3880 3990
3320 3130 3890 3990
3310 3130 3880 3990
3310 3130 3890 3990
3300 3120 3880 4000
3300 3120 3880 4000
3300 3150 3880 3990
3300 3160 3870 3990
3320 3160 3880 3990
3320 3140 3880 3980
3330 3130 3880 3980
3320 3120 3870 3990
3320 3110 3890 3990
3320 3110 3880 3980
3330 3110 3870 3990
3320 3140 3870 3990
3320 3130 3880 4000
3320 3120 3870 4000
3310 3120 3880 4000
3310 3110 3880 4000
3310 3110 3880 3990
3320 3110 3890 3990
3310 3130 3880 4000
3310 3140 3880 3990
3310 3140 3890 3990
3320 3140 3890 4000
3310 3150 3880 3990
3300 3140 3880 3980
3320 3140 3890 3990
3320 3130 3880 4000
3320 3120 3870 4000
3320 3120 3870 4000
3310 3120 3870 4000
3310 3140 3870 4000
3310 3130 3870 4000
3300 3120 3870 3990
3300 3140 3890 3990
3300 3150 3900 3990
3300 3150 3890 3990
3300 3150 3890 3990
3300 3140 3880 3990
3300 3130 3880 4000
3300 3130 3890 4010
3320 3140 3880 4010
3320 3130 3880 4010
3320 3130 3880 4010
3320 3140 3870 4020
3310 3130 3870 4010
3310 3120 3870 4010
3310 3110 3870 4000
3310 3140 3870 4000
3310 3140 3870 4000
3330 3130 3880 4000
3330 3140 3870 4000
3320 3140 3870 4000
3320 3140 3870 4000
3300 3140 3870 4000
3310 3130 3870 4000
3310 3140 3870 4000
3320 3150 3870 4000
3320 3140 3870 4000
3320 3130 3880 4010
3320 3120 3870 4010
3320 3130 3870 4010
3310 3130 3870 4010
3340 3140 3890 4010
3340 3130 3880 4010
3320 3120 3870 4010
3340 3120 3870 4010
3370 3130 3880 4010
3370 3150 3890 4010
3360 3140 3910 4010
3340 3150 3900 4010
3330 3140 3900 4010
3330 3140 3890 4010
3330 3140 3880 4010
3330 3140 3890 4000
3320 3130 3890 4010
3320 3120 3900 4010
3330 3140 3910 4010
3320 3140 3900 4000
3310 3130 3890 4010
3310 3130 3880 4010
3320 3130 3870 4000
3320 3130 3870 4010
3310 3130 3860 4010
3310 3120 3860 4010
3310 3140 3860 4010
