3620 3490 3560 3570
3640 3470 3560 3570
3650 3470 3560 3570
3640 3470 3560 3570
3670 3460 3560 3570
3650 3470 3560 3570
3650 3470 3550 3570
3670 3460 3550 3570
3650 3470 3550 3570
3630 3470 3550 3570
3640 3460 3550 3570
3630 3460 3550 3570
3620 3470 3550 3570
3630 3470 3550 3570
3650 3460 3550 3570
3650 3460 3550 3570
3670 3460 3550 3570
3680 3450 3540 3570
3650 3460 3550 3580
3670 3460 3550 3580
3670 3450 3550 3580
3680 3450 3550 3580
3670 3450 3550 3580
3650 3470 3550 3570
3650 3480 3550 3570
3650 3480 3550 3570
3650 3470 3550 3570
3650 3460 3550 3570
3640 3460 3540 3570
3630 3460 3550 3570
3630 3460 3550 3570
3640 3470 3550 3570
3630 3460 3550 3570
3630 3460 3550 3560
3630 3460 3550 3560
3630 3460 3550 3560
3650 3460 3550 3560
3650 3460 3550 3560
3640 3450 3550 3560
3640 3450 3550 3560
3630 3450 3550 3560
3620 3450 3550 3560
3620 3460 3550 3560
3630 3460 3550 3560
3630 3460 3550 3560
3650 3460 3550 3560
3650 3470 3550 3550
3650 3470 3540 3560
3650 3460 3540 3560
3650 3470 3540 3560
3640 3470 3540 3560
3640 3470 3550 3560
3650 3470 3550 3560
3650 3460 3550 3560
3650 3460 3550 3560
3640 3440 3550 3560
3650 3450 3550 3550
3640 3460 3550 3550
3630 3470 3550 3550
3640 3470 3550 3550
3630 3480 3540 3550
3640 3470 3540 3550
3640 3480 3530 3550
3640 3470 3530 3550
3630 3480 3540 3550
3620 3480 3540 3560
3610 3480 3540 3560
3610 3470 3550 3560
3610 3470 3550 3560
3640 3470 3550 3560
3630 3460 3550 3560
3630 3470 3550 3560
3630 3470 3550 3560
3630 3470 3550 3560
3640 3470 3550 3560
3630 3480 3550 3560
3630 3470 3550 3550
3650 3470 3550 3550
3650 3480 3550 3550
3640 3480 3550 3540
3650 3480 3550 3540
3640 3470 3550 3540
3640 3470 3550 3540
3640 3480 3550 3540
3640 3480 3550 3550
3630 3480 3550 3560
3640 3460 3540 3560
3650 3460 3540 3560
3650 3460 3540 3560
3650 3450 3540 3560
3670 3450 3550 3560
3680 3440 3540 3560
3680 3460 3540 3560
3680 3460 3550 3560
3690 3450 3550 3560
3680 3450 3550 3550
3670 3470 3550 3550
3670 3480 3550 3550
3670 3470 3550 3550
3640 3470 3550 3550
3640 3460 3550 3560
3640 3470 3550 3560
3630 3460 3550 3560
3630 3450 3550 3560
3640 3450 3550 3560
3650 3460 3550 3550
3650 3460 3550 3550
3670 3460 3550 3550
3670 3460 3550 3550
3670 3470 3550 3550
3670 3470 3550 3550
3680 3470 3550 3550
3670 3450 3550 3560
3640 3440 3550 3560
3630 3470 3550 3560
3630 3480 3550 3560
3630 3490 3550 3560
3640 3470 3550 3560
3650 3460 3550 3560
3640 3460 3540 3560
3640 3480 3540 3550
3630 3480 3540 3550
3650 3480 3540 3550
3630 3470 3540 3560
3630 3470 3540 3560
3640 3450 3540 3560
3640 3450 3540 3560
3650 3450 3540 3560
3670 3450 3550 3560
3640 3450 3550 3560
3630 3460 3550 3560
3650 3460 3550 3560
3680 3470 3550 3560
3680 3470 3550 3560
3680 3470 3550 3560
3680 3470 3550 3560
3690 3460 3550 3560
3680 3460 3550 3560
3690 3470 3550 3560
3690 3450 3550 3570
3690 3460 3550 3570
3700 3460 3550 3570
3700 3460 3550 3570
3690 3460 3550 3570
3650 3470 3550 3570
3630 3460 3550 3570
3630 3460 3550 3570
3630 3460 3550 3570
3640 3470 3540 3570
3640 3470 3540 3570
3640 3470 3540 3570
3630 3460 3540 3570
3640 3470 3550 3570
3640 3480 3550 3570
3630 3460 3550 3570
3640 3470 3550 3570
3640 3460 3550 3570
3630 3450 3540 3570
3620 3450 3540 3570
3630 3470 3540 3570
3650 3470 3540 3570
3650 3480 3550 3570
3650 3470 3550 3570
3680 3470 3550 3570
3670 3460 3550 3570
3670 3450 3550 3580
3670 3460 3550 3580
3680 3450 3550 3580
3680 3460 3550 3570
3650 3450 3550 3560
3670 3450 3550 3560
3630 3450 3550 3560
3630 3450 3550 3560
3650 3450 3550 3560
3640 3430 3540 3560
3640 3430 3540 3560
3630 3440 3550 3560
3620 3430 3550 3560
3640 3430 3550 3560
3640 3450 3550 3560
3640 3450 3550 3560
3640 3450 3550 3560
3670 3450 3540 3550
3670 3460 3540 3550
3650 3450 3540 3550
3650 3440 3550 3550
3650 3440 3550 3550
3650 3440 3550 3550
3640 3460 3550 3550
3670 3450 3550 3550
3640 3430 3550 3550
3630 3440 3550 3550
3630 3430 3550 3550
3640 3450 3550 3550
3650 3450 3550 3550
3630 3470 3540 3550
3640 3470 3550 3550
3670 3460 3550 3550
3670 3470 3550 3550
3650 3460 3540 3550
3640 3450 3540 3550
3650 3470 3540 3550
3640 3460 3540 3550
3650 3470 3540 3560
3670 3480 3540 3560
3630 3470 3540 3560
3650 3460 3540 3560
3630 3470 3540 3550
3640 3460 3540 3550
3650 3460 3540 3550
3630 3450 3540 3550
3630 3440 3540 3550
3640 3440 3550 3550
