4040 3860 3170 3240
4040 3860 3170 3240
4040 3850 3170 3240
4050 3850 3170 3240
4050 3850 3170 3240
4040 3850 3170 3230
4040 3860 3180 3230
4040 3860 3180 3240
4050 3860 3180 3240
4050 3860 3170 3230
4040 3860 3170 3230
4050 3860 3180 3230
4050 3860 3180 3230
4040 3860 3180 3230
4050 3860 3180 3230
4040 3860 3190 3230
4050 3860 3190 3230
4050 3860 3170 3230
4050 3860 3170 3230
4060 3860 3170 3230
4060 3860 3170 3230
4040 3850 3170 3230
4050 3850 3170 3230
4050 3850 3170 3230
4040 3850 3170 3230
4050 3850 3180 3230
4040 3850 3180 3220
4050 3850 3180 3220
4050 3850 3180 3230
4050 3860 3170 3230
4050 3860 3170 3230
4060 3860 3170 3240
4050 3850 3170 3230
4050 3850 3170 3230
4040 3860 3170 3230
4040 3860 3170 3230
4050 3850 3160 3240
4060 3850 3160 3240
4060 3850 3160 3240
4050 3850 3160 3240
4040 3850 3160 3230
4040 3850 3160 3230
4030 3860 3170 3230
4040 3850 3170 3230
4030 3850 3170 3230
4030 3850 3170 3230
4030 3860 3170 3230
4030 3860 3170 3230
4040 3860 3170 3230
4040 3860 3180 3230
4040 3850 3180 3230
4040 3850 3180 3230
4050 3850 3180 3230
4050 3850 3180 3240
4050 3850 3180 3240
4050 3850 3180 3240
4050 3850 3170 3240
4040 3850 3170 3240
4040 3850 3170 3240
4040 3850 3180 3240
4030 3850 3180 3240
4030 3850 3180 3240
4030 3860 3180 3240
4040 3860 3180 3240
4050 3860 3180 3240
4060 3860 3180 3240
4060 3860 3180 3240
4060 3860 3180 3240
4060 3860 3180 3230
4060 3860 3180 3230
4050 3860 3180 3230
4050 3860 3170 3230
4050 3860 3160 3230
4040 3860 3170 3240
4030 3850 3170 3230
4040 3850 3170 3230
4040 3850 3170 3230
4030 3850 3170 3240
4020 3850 3170 3230
4030 3850 3170 3230
4030 3850 3170 3230
4040 3850 3170 3230
4040 3850 3170 3230
4040 3850 3170 3240
4040 3850 3170 3240
4040 3850 3170 3240
4040 3850 3170 3240
4040 3850 3180 3240
4040 3850 3180 3240
4040 3860 3180 3240
4050 3860 3180 3240
4050 3860 3180 3240
4050 3850 3170 3240
4050 3850 3170 3240
4040 3850 3170 3240
4050 3850 3180 3240
4060 3850 3170 3230
4050 3850 3170 3230
4040 3850 3160 3230
4050 3850 3160 3230
4040 3850 3170 3230
4050 3850 3170 3230
4050 3850 3180 3230
4040 3850 3190 3230
4040 3850 3180 3230
4050 3850 3170 3230
4050 3860 3170 3240
4050 3860 3170 3230
4050 3860 3170 3230
4040 3850 3170 3240
4040 3840 3170 3240
4040 3840 3170 3240
4050 3850 3180 3240
4060 3850 3180 3230
4060 3850 3180 3230
4060 3850 3180 3230
4060 3850 3180 3230
4050 3850 3180 3240
4050 3850 3180 3240
4050 3850 3180 3240
4050 3850 3180 3240
4060 3850 3180 3240
4060 3840 3180 3240
4060 3840 3180 3240
4060 3840 3180 3240
4060 3840 3180 3240
4060 3840 3180 3240
4060 3840 3180 3240
4060 3850 3170 3240
4060 3850 3170 3240
4070 3850 3170 3240
4060 3850 3170 3240
4060 3850 3170 3240
4060 3850 3160 3240
4050 3850 3160 3240
4060 3850 3160 3240
4060 3850 3170 3240
4060 3850 3180 3240
4060 3850 3180 3240
4060 3850 3180 3240
4060 3850 3180 3230
4050 3850 3180 3230
4050 3850 3180 3230
4040 3850 3180 3230
4050 3850 3180 3230
4060 3850 3180 3230
4060 3850 3180 3240
4060 3850 3190 3240
4050 3850 3190 3240
4060 3850 3190 3240
4060 3850 3190 3240
4050 3850 3180 3240
4050 3850 3180 3240
4040 3850 3180 3240
4040 3850 3180 3230
4050 3860 3180 3230
4040 3860 3180 3230
4050 3860 3170 3230
4060 3860 3160 3230
4070 3860 3160 3230
4070 3850 3160 3230
4060 3840 3150 3230
4060 3850 3160 3230
4050 3850 3160 3240
4050 3850 3170 3240
4050 3850 3170 3240
4040 3860 3170 3240
4040 3860 3180 3240
4050 3860 3170 3240
4050 3860 3160 3240
4040 3860 3160 3240
4040 3860 3160 3240
4040 3860 3160 3240
4040 3860 3170 3240
4030 3860 3170 3240
4030 3860 3160 3240
4030 3860 3150 3240
4040 3860 3160 3240
4030 3860 3160 3230
4030 3860 3160 3230
4050 3850 3160 3230
4050 3850 3160 3230
4060 3850 3180 3240
4050 3850 3180 3230
4040 3850 3180 3230
4040 3850 3180 3230
4040 3850 3170 3230
4040 3850 3170 3230
4040 3850 3160 3220
4040 3850 3160 3220
4040 3850 3160 3210
4030 3850 3160 3220
4030 3850 3160 3220
4040 3840 3170 3220
4040 3850 3170 3230
4040 3850 3160 3230
