4360 4200 2880 2910
4360 4200 2880 2910
4350 4210 2890 2900
4350 4220 2900 2900
4360 4200 2890 2900
4370 4190 2900 2900
4380 4210 2900 2900
4380 4200 2890 2890
4380 4210 2880 2900
4380 4200 2880 2910
4370 4190 2870 2910
4370 4210 2880 2920
4370 4200 2880 2930
4370 4190 2880 2930
4380 4190 2890 2930
4370 4180 2890 2930
4370 4200 2890 2930
4370 4210 2880 2930
4370 4220 2890 2930
4370 4220 2890 2930
4370 4220 2890 2920
4370 4220 2890 2920
4370 4220 2880 2920
4370 4200 2880 2910
4370 4210 2890 2920
4370 4220 2890 2910
4370 4220 2890 2920
4370 4220 2890 2910
4370 4220 2890 2910
4360 4210 2880 2920
4370 4220 2880 2920
4370 4220 2880 2920
4370 4200 2880 2920
4370 4210 2880 2910
4360 4230 2870 2910
4350 4230 2890 2910
4350 4230 2900 2910
4360 4240 2890 2910
4370 4230 2880 2910
4370 4230 2880 2910
4370 4210 2880 2920
4370 4200 2880 2920
4370 4200 2880 2920
4370 4200 2880 2930
4370 4200 2890 2930
4360 4200 2890 2930
4370 4200 2890 2930
4370 4190 2890 2930
4380 4200 2890 2930
4380 4220 2880 2930
4370 4220 2880 2930
4360 4200 2880 2930
4350 4220 2870 2930
4360 4220 2880 2910
4370 4210 2870 2900
4380 4210 2870 2910
4380 4220 2870 2920
4380 4230 2860 2920
4380 4230 2860 2910
4380 4210 2870 2910
4380 4200 2870 2900
4380 4200 2880 2900
4380 4210 2880 2900
4380 4220 2880 2900
4370 4220 2880 2900
4360 4210 2880 2900
4370 4200 2880 2900
4370 4210 2880 2900
4360 4220 2870 2900
4360 4220 2870 2900
4370 4220 2880 2900
4370 4220 2880 2900
4370 4230 2880 2890
4380 4210 2890 2890
4380 4200 2880 2900
4390 4220 2880 2900
4380 4210 2870 2900
4370 4210 2870 2900
4370 4220 2870 2910
4370 4220 2870 2910
4370 4210 2870 2910
4380 4210 2870 2900
4380 4210 2870 2900
4380 4210 2870 2900
4370 4200 2870 2910
4370 4210 2870 2920
4370 4210 2870 2910
4370 4200 2870 2900
4380 4190 2880 2900
4370 4200 2880 2890
4370 4190 2880 2890
4370 4200 2880 2910
4370 4190 2880 2930
4360 4200 2890 2930
4370 4190 2890 2930
4360 4190 2890 2930
4360 4200 2880 2930
4360 4200 2870 2930
4350 4190 2870 2930
4350 4200 2870 2930
4360 4200 2870 2910
4360 4210 2860 2900
4360 4220 2870 2910
4350 4200 2880 2910
4360 4190 2880 2900
4360 4180 2870 2910
4360 4180 2860 2920
4370 4170 2860 2920
4370 4170 2860 2910
4360 4170 2860 2910
4360 4160 2860 2910
4370 4160 2870 2910
4360 4190 2870 2910
4360 4180 2860 2910
4360 4170 2860 2910
4360 4190 2870 2910
4360 4180 2880 2910
4350 4200 2880 2920
4360 4190 2880 2930
4360 4180 2870 2920
4370 4170 2870 2910
4370 4170 2870 2910
4370 4170 2870 2910
4380 4180 2870 2920
4370 4180 2870 2910
4370 4200 2870 2910
4370 4190 2860 2910
4370 4210 2860 2900
4370 4200 2860 2910
4370 4190 2860 2910
4370 4190 2860 2900
4370 4190 2860 2900
4370 4190 2860 2900
4360 4190 2870 2910
4370 4190 2880 2910
4370 4190 2880 2910
4360 4190 2880 2920
4360 4190 2880 2920
4360 4210 2880 2910
4360 4190 2870 2900
4360 4180 2870 2900
4350 4180 2870 2910
4350 4180 2870 2900
4350 4170 2870 2900
4360 4170 2870 2910
4360 4190 2880 2900
4370 4180 2880 2910
4360 4200 2870 2910
4370 4210 2870 2910
4360 4220 2880 2920
4360 4220 2880 2930
4370 4200 2870 2920
4370 4190 2870 2920
4360 4180 2870 2920
4370 4210 2880 2920
4370 4210 2880 2920
4370 4210 2870 2920
4370 4210 2870 2910
4370 4210 2870 2900
4370 4220 2860 2890
4370 4230 2870 2900
4380 4230 2860 2900
4380 4230 2870 2890
4380 4230 2870 2890
4370 4230 2880 2880
4370 4210 2880 2880
4380 4200 2880 2890
4380 4200 2880 2900
4380 4210 2870 2900
4370 4220 2870 2900
4360 4220 2870 2900
4370 4210 2870 2900
4370 4220 2870 2900
4370 4230 2870 2910
4370 4210 2870 2920
4370 4220 2870 2920
4370 4220 2870 2920
4370 4230 2880 2920
4370 4210 2870 2910
4370 4200 2870 2910
4370 4200 2880 2910
4370 4210 2890 2900
4370 4220 2880 2900
4380 4230 2880 2910
4380 4230 2880 2920
4370 4220 2870 2920
4370 4210 2870 2910
