4780 4620 2650 2740
4780 4610 2650 2740
4790 4620 2650 2760
4790 4610 2640 2770
4790 4610 2640 2760
4790 4600 2650 2750
4790 4610 2650 2750
4790 4610 2650 2740
4780 4610 2650 2750
4790 4630 2630 2750
4790 4620 2630 2710
4790 4620 2630 2700
4790 4610 2640 2710
4790 4610 2640 2740
4790 4620 2640 2740
4790 4610 2640 2720
4780 4610 2640 2740
4780 4610 2650 2750
4780 4620 2630 2760
4790 4610 2640 2760
4790 4600 2640 2740
4790 4610 2650 2740
4780 4610 2640 2710
4790 4600 2640 2720
4800 4580 2640 2720
4790 4600 2640 2710
4780 4600 2640 2710
4790 4600 2650 2720
4790 4600 2650 2710
4800 4580 2650 2710
4810 4580 2650 2710
4810 4580 2650 2700
4800 4570 2640 2690
4790 4570 2640 2680
4790 4610 2630 2690
4790 4610 2630 2690
4790 4610 2630 2700
4790 4600 2630 2700
4790 4600 2640 2680
4790 4580 2630 2680
4790 4600 2630 2680
4800 4600 2630 2680
4790 4600 2630 2690
4790 4600 2630 2700
4790 4580 2640 2700
4790 4600 2640 2700
4800 4600 2640 2690
4800 4600 2630 2700
4800 4580 2630 2680
4790 4580 2640 2670
4790 4600 2640 2660
4790 4600 2640 2660
4790 4580 2640 2680
4790 4580 2640 2680
4790 4610 2640 2680
4790 4600 2640 2680
4790 4610 2640 2680
4800 4610 2640 2680
4800 4610 2640 2690
4810 4600 2640 2690
4790 4580 2640 2690
4790 4580 2640 2700
4790 4580 2640 2700
4780 4600 2640 2690
4780 4580 2640 2690
4780 4600 2640 2690
4790 4580 2650 2690
4790 4580 2640 2690
4780 4580 2640 2690
4780 4570 2640 2690
4780 4570 2640 2690
4790 4570 2650 2690
4790 4570 2640 2680
4780 4580 2640 2680
4770 4570 2640 2670
4780 4570 2640 2690
4780 4570 2640 2700
4790 4580 2640 2710
4800 4610 2640 2710
4800 4610 2640 2710
4790 4600 2630 2710
4790 4610 2630 2700
4790 4600 2630 2700
4790 4600 2640 2710
4790 4580 2640 2720
4790 4580 2630 2710
4780 4580 2630 2700
4790 4600 2630 2700
4800 4580 2620 2700
4800 4580 2620 2710
4790 4600 2630 2710
4800 4600 2640 2700
4800 4580 2640 2700
4800 4580 2640 2710
4790 4580 2640 2700
4800 4600 2640 2700
4790 4610 2640 2690
4790 4610 2640 2690
4790 4600 2640 2690
4800 4600 2640 2700
4800 4600 2640 2690
4800 4600 2640 2700
4800 4600 2650 2700
4810 4580 2640 2700
4790 4580 2640 2690
4790 4580 2650 2710
4790 4580 2640 2710
4780 4570 2640 2710
4780 4570 2650 2700
4780 4580 2650 2700
4780 4600 2640 2710
4790 4600 2640 2710
4790 4600 2650 2710
4790 4580 2650 2700
4790 4580 2640 2700
4790 4600 2640 2700
4790 4600 2640 2710
4790 4580 2640 2710
4790 4600 2650 2700
4790 4610 2650 2700
4790 4570 2650 2700
4800 4570 2650 2700
4790 4580 2650 2690
4790 4580 2640 2690
4790 4600 2640 2680
4790 4600 2640 2690
4790 4580 2640 2680
4790 4580 2640 2680
4780 4580 2640 2680
4780 4580 2650 2680
4780 4580 2650 2700
4780 4600 2650 2700
4780 4580 2640 2700
4800 4580 2640 2710
4790 4580 2640 2710
4800 4610 2640 2710
4810 4600 2640 2720
4800 4610 2630 2720
4800 4580 2630 2720
4800 4580 2630 2710
4800 4570 2630 2720
4800 4560 2630 2720
4800 4570 2620 2720
4790 4580 2630 2710
4790 4600 2630 2710
4800 4610 2630 2700
4800 4620 2630 2700
4800 4620 2630 2710
4800 4610 2630 2710
4800 4600 2630 2710
4790 4600 2630 2700
4790 4600 2630 2720
4790 4610 2630 2720
4790 4600 2630 2720
4800 4600 2630 2740
4800 4580 2620 2720
4800 4600 2630 2700
4800 4600 2630 2700
4800 4580 2640 2700
4800 4580 2640 2710
4800 4580 2630 2700
4800 4600 2630 2700
4800 4600 2640 2690
4790 4580 2640 2690
4790 4580 2650 2690
4790 4600 2650 2710
4790 4600 2640 2710
4790 4600 2650 2710
4800 4580 2650 2720
4800 4600 2640 2710
4800 4610 2640 2710
4790 4610 2650 2700
4800 4610 2650 2690
4800 4610 2650 2690
4790 4610 2630 2690
4790 4600 2630 2690
4790 4580 2630 2700
4800 4580 2640 2710
4800 4580 2650 2710
4800 4580 2650 2720
4800 4580 2640 2710
4790 4600 2640 2720
4790 4600 2650 2720
4790 4580 2650 2720
4790 4580 2640 2720
4790 4600 2640 2720
4800 4610 2640 2720
4810 4620 2630 2720
4810 4610 2640 2720
