5250 5070 2530 2540
5250 5070 2520 2540
5250 5070 2520 2530
5250 5070 2520 2540
5250 5070 2530 2540
5240 5070 2530 2550
5240 5070 2520 2540
5240 5060 2520 2540
5260 5060 2510 2540
5270 5060 2510 2540
5260 5050 2520 2550
5260 5050 2520 2550
5260 5060 2520 2540
5260 5060 2520 2540
5260 5060 2520 2550
5260 5060 2520 2540
5260 5060 2510 2540
5240 5060 2520 2540
5240 5060 2520 2550
5250 5060 2530 2540
5260 5060 2530 2530
5260 5060 2520 2540
5260 5060 2530 2530
5250 5070 2540 2530
5250 5070 2540 2530
5250 5070 2540 2530
5250 5070 2530 2520
5250 5070 2530 2530
5250 5070 2530 2540
5250 5070 2520 2530
5250 5060 2520 2540
5260 5060 2530 2530
5250 5060 2530 2530
5250 5060 2520 2520
5250 5060 2530 2530
5240 5050 2520 2530
5250 5050 2520 2520
5250 5050 2530 2530
5250 5050 2540 2530
5250 5060 2530 2530
5240 5060 2530 2520
5240 5060 2530 2510
5230 5060 2530 2520
5230 5060 2530 2510
5230 5060 2530 2520
5240 5060 2540 2530
5250 5060 2530 2530
5250 5060 2520 2540
5260 5060 2530 2540
5250 5060 2520 2540
5240 5060 2530 2540
5240 5080 2530 2540
5240 5080 2530 2540
5240 5080 2530 2540
5260 5070 2520 2540
5260 5070 2520 2540
5260 5070 2530 2540
5260 5080 2530 2530
5260 5070 2540 2540
5260 5060 2530 2530
5260 5060 2520 2540
5260 5060 2530 2540
5260 5070 2540 2540
5260 5060 2540 2550
5260 5070 2530 2550
5260 5060 2520 2550
5260 5060 2520 2550
5240 5060 2520 2550
5240 5060 2530 2550
5230 5060 2520 2550
5210 5060 2530 2550
5230 5060 2540 2550
5230 5060 2540 2550
5240 5060 2540 2550
5240 5070 2520 2540
5250 5070 2520 2540
5250 5070 2520 2550
5250 5070 2520 2540
5250 5060 2520 2550
5260 5060 2510 2550
5250 5060 2530 2550
5250 5060 2530 2550
5260 5060 2530 2540
5260 5070 2520 2540
5260 5070 2520 2540
5260 5070 2520 2540
5260 5070 2530 2550
5260 5070 2520 2550
5260 5070 2530 2540
5260 5070 2530 2550
5250 5070 2530 2550
5250 5070 2520 2550
5250 5060 2520 2550
5250 5060 2530 2550
5250 5060 2530 2530
5250 5060 2540 2520
5250 5060 2540 2530
5250 5070 2530 2520
5260 5070 2530 2530
5260 5070 2520 2530
5260 5070 2520 2540
5260 5070 2530 2540
5260 5070 2540 2540
5250 5070 2530 2540
5250 5060 2540 2540
5250 5060 2540 2540
5260 5060 2540 2540
5260 5060 2550 2530
5260 5060 2540 2540
5260 5060 2540 2540
5260 5060 2540 2540
5260 5060 2530 2550
5260 5070 2530 2550
5260 5070 2540 2550
5260 5070 2530 2540
5250 5070 2520 2540
5230 5070 2520 2550
5230 5070 2520 2550
5240 5080 2520 2550
5240 5070 2510 2550
5240 5070 2520 2550
5250 5070 2520 2550
5250 5070 2520 2550
5250 5060 2520 2550
5250 5070 2520 2550
5250 5070 2520 2550
5250 5070 2520 2550
5250 5070 2530 2540
5260 5070 2530 2540
5260 5070 2520 2550
5250 5070 2530 2550
5250 5070 2520 2550
5250 5060 2530 2540
5250 5060 2530 2540
5250 5060 2520 2550
5240 5060 2530 2550
5240 5060 2520 2550
5240 5060 2530 2550
5250 5060 2530 2540
5250 5060 2520 2530
5260 5050 2530 2530
5260 5050 2530 2530
5260 5050 2530 2540
5260 5060 2530 2540
5260 5060 2530 2540
5260 5060 2520 2550
5250 5060 2510 2550
5260 5060 2520 2540
5260 5060 2530 2540
5260 5060 2530 2550
5260 5060 2520 2550
5250 5060 2530 2550
5250 5060 2530 2550
5250 5070 2530 2550
5250 5070 2520 2550
5250 5070 2530 2550
5250 5070 2530 2540
5250 5070 2520 2530
5250 5070 2530 2520
5250 5070 2530 2530
5260 5070 2540 2530
5250 5070 2530 2540
5260 5070 2520 2540
5260 5070 2530 2540
5260 5070 2520 2550
5260 5070 2530 2550
5270 5070 2530 2550
5260 5070 2530 2550
5260 5060 2520 2550
5250 5060 2520 2540
5250 5060 2530 2550
5260 5050 2530 2550
5260 5040 2530 2550
5260 5050 2530 2550
5260 5050 2520 2550
5260 5060 2520 2550
5250 5060 2520 2550
5250 5060 2520 2550
5250 5060 2530 2550
5250 5060 2530 2540
5260 5060 2540 2550
5260 5060 2530 2550
5250 5060 2520 2540
5260 5060 2510 2540
5270 5060 2510 2540
5260 5060 2520 2540
5260 5060 2530 2540
5260 5060 2530 2540
5270 5060 2520 2540
5270 5060 2530 2540
5270 5060 2540 2550
5260 5060 2540 2550
5250 5070 2520 2550
5250 5070 2530 2550
5250 5070 2540 2540
5250 5070 2540 2540
5250 5070 2540 2540
5250 5070 2540 2530
5250 5070 2530 2530
5250 5070 2530 2540
5250 5070 2530 2540
5260 5070 2530 2540
5260 5070 2520 2540
5260 5070 2520 2540
5260 5070 2530 2540
5260 5070 2530 2540
5260 5070 2530 2540
5260 5070 2530 2540
5260 5070 2530 2550
5250 5070 2540 2550
5250 5070 2530 2550
5260 5070 2540 2550
5260 5060 2520 2550
5250 5060 2520 2550
5250 5060 2520 2550
5250 5060 2520 2550
5250 5060 2530 2550
5250 5060 2520 2540
5250 5060 2520 2540
5260 5060 2520 2550
5260 5070 2530 2550
5260 5070 2530 2540
5250 5070 2520 2530
5260 5070 2530 2540
5260 5070 2520 2540
5250 5060 2520 2540
5250 5060 2520 2550
5250 5070 2520 2560
5250 5070 2520 2560
5250 5070 2530 2550
5260 5060 2550 2540
5260 5080 2550 2540
5260 5080 2540 2540
5260 5080 2540 2540
5260 5060 2530 2540
5260 5060 2530 2540
5260 5060 2520 2550
5260 5070 2520 2540
5260 5060 2520 2540
5260 5070 2530 2530
5260 5070 2530 2540
5250 5070 2530 2540
5250 5070 2530 2540
5250 5080 2520 2540
5250 5080 2520 2550
5250 5080 2520 2550
5250 5080 2520 2550
5250 5090 2510 2550
5250 5080 2520 2550
5250 5080 2520 2550
5250 5080 2520 2550
5250 5080 2510 2550
5250 5070 2520 2550
5250 5070 2530 2540
5250 5070 2510 2540
5250 5070 2510 2540
5250 5070 2520 2540
5250 5070 2520 2540
5250 5070 2510 2540
5250 5070 2510 2540
5250 5070 2510 2540
5250 5070 2500 2550
5250 5060 2510 2540
5250 5060 2510 2540
5250 5050 2510 2540
5250 5060 2510 2550
5250 5070 2510 2550
5250 5070 2510 2550
5250 5060 2520 2550
5250 5080 2520 2550
5250 5090 2520 2550
5250 5090 2530 2550
5250 5090 2530 2540
5250 5090 2530 2540
5260 5090 2530 2540
5250 5090 2520 2550
5250 5090 2530 2550
5250 5090 2530 2550
5250 5090 2530 2550
5250 5090 2520 2550
5250 5090 2510 2540
5250 5070 2510 2540
5250 5080 2510 2550
5250 5080 2510 2550
5250 5080 2510 2540
5250 5080 2510 2540
5240 5080 2510 2540
5240 5080 2510 2550
5240 5070 2520 2540
5240 5070 2510 2540
