5490 4820 3000 2120
5490 4810 3000 2120
5490 4810 3000 2110
5490 4830 3000 2090
5490 4830 3000 2090
5500 4820 3000 2110
5490 4810 3000 2090
5480 4820 3000 2090
5480 4810 3000 2090
5490 4830 3000 2090
5490 4840 3000 2080
5490 4830 3000 2090
5490 4830 3000 2090
5480 4840 3000 2110
5490 4830 3000 2080
5490 4830 3000 2110
5490 4830 2990 2120
5490 4830 2990 2110
5490 4810 2980 2110
5490 4820 2990 2110
5490 4830 3000 2110
5490 4820 3000 2110
5490 4820 3000 2110
5480 4830 3000 2090
5480 4830 2990 2090
5480 4830 2990 2090
5480 4840 2990 2090
5480 4850 2990 2090
5480 4860 2990 2110
5490 4840 2990 2120
5490 4850 2980 2120
5490 4850 2980 2090
5500 4850 2980 2090
5510 4840 2980 2110
5500 4840 2990 2120
5500 4840 2990 2120
5490 4830 2990 2110
5500 4840 2990 2110
5500 4830 2990 2110
5490 4850 2990 2090
5490 4850 2990 2110
5490 4840 2990 2120
5480 4830 3000 2110
5480 4820 2990 2090
5480 4840 2990 2080
5490 4840 2990 2070
5500 4840 3000 2070
5510 4850 2990 2080
5510 4850 3000 2090
5510 4850 3000 2110
5510 4850 3000 2090
5510 4850 3000 2110
5510 4840 3000 2110
5510 4830 3000 2120
5510 4840 2990 2110
5500 4850 2990 2120
5500 4860 2990 2110
5510 4860 2990 2110
5510 4860 2980 2110
5510 4860 2980 2090
5500 4840 2990 2080
5500 4850 2990 2070
5500 4850 2990 2080
5500 4840 2990 2090
5500 4840 2990 2090
5500 4840 2990 2080
5500 4840 2990 2090
5500 4850 2990 2080
5500 4830 2990 2080
5500 4840 2990 2110
5500 4830 2990 2120
5500 4820 2990 2120
5510 4840 2990 2110
5510 4840 2990 2110
5500 4850 2990 2110
5500 4850 2990 2090
5500 4820 2990 2110
5500 4830 2990 2120
5490 4840 2990 2120
5490 4830 2990 2090
5500 4840 2990 2090
5490 4820 2990 2090
5490 4830 3000 2110
5490 4830 3000 2110
5490 4830 3000 2090
5490 4820 3000 2110
5490 4810 3000 2110
5490 4810 3000 2090
5490 4800 2990 2080
5500 4820 2990 2080
5490 4830 3000 2110
5500 4840 2990 2110
5500 4840 2990 2090
5500 4840 3000 2090
5500 4830 3000 2090
5500 4830 2990 2110
5500 4820 2990 2110
5500 4830 2990 2110
5500 4830 2990 2110
5510 4840 3000 2090
5510 4840 3000 2110
5510 4820 3000 2090
5510 4810 3000 2090
5500 4810 3000 2090
5500 4820 3000 2090
5500 4830 3000 2110
5500 4830 3000 2110
5500 4820 3000 2090
5500 4810 3000 2110
5500 4820 3000 2090
5490 4820 3000 2090
5490 4820 3000 2090
5500 4840 3000 2090
5500 4850 3000 2090
5500 4850 3000 2090
5500 4830 3000 2090
5500 4830 3000 2090
5500 4820 3000 2090
5510 4830 3000 2080
5510 4840 3000 2080
5500 4850 3000 2070
5510 4850 3000 2080
5500 4840 3000 2110
5490 4840 3000 2120
5490 4840 3000 2120
5490 4840 3000 2110
5490 4830 3000 2110
5480 4830 3000 2090
5480 4840 3010 2120
5490 4830 3000 2110
5490 4840 3000 2110
5490 4850 2990 2110
5490 4840 2990 2110
5490 4840 2990 2120
5490 4840 2990 2130
5490 4850 2990 2130
5500 4830 2990 2130
5510 4820 2990 2140
5510 4830 2990 2130
5510 4840 2990 2120
5510 4820 2990 2120
5510 4810 2990 2110
5500 4820 3000 2090
5510 4830 2990 2090
5510 4820 2990 2090
5500 4840 2990 2090
5500 4840 2990 2090
5500 4840 3000 2090
5500 4850 3000 2110
5490 4850 3000 2110
5500 4860 3000 2110
5490 4860 3000 2090
5490 4860 3000 2090
5490 4860 3000 2090
5480 4850 3000 2090
5470 4840 3000 2090
5470 4850 3000 2110
5470 4830 3000 2090
5470 4820 3000 2110
5480 4830 3000 2110
5490 4820 3000 2110
5490 4830 2990 2090
5500 4840 2990 2110
5500 4850 2990 2090
5500 4860 2990 2090
5500 4840 2990 2090
5500 4800 3000 2080
5500 4820 3000 2080
5500 4810 3000 2090
5490 4830 3000 2090
5490 4810 2990 2110
5490 4830 3000 2090
5490 4850 3000 2110
5480 4850 3000 2110
5500 4860 3000 2110
5500 4860 3000 2110
5500 4850 3000 2110
5500 4850 3000 2120
5500 4830 3000 2120
5510 4840 3000 2120
5510 4830 3000 2110
5520 4820 3000 2110
5510 4830 3000 2090
5500 4840 3000 2110
5490 4850 2990 2090
5490 4850 2990 2110
5500 4820 2990 2090
5510 4840 2990 2090
5500 4850 2990 2090
5500 4860 3000 2110
5490 4860 3000 2120
5480 4860 2990 2120
5480 4870 2990 2110
5480 4850 3000 2090
5490 4850 3000 2110
5490 4850 3000 2110
5490 4840 3000 2110
5490 4830 2990 2090
5490 4830 2990 2090
5490 4830 2990 2110
5490 4820 2990 2090
5490 4830 2990 2090
5480 4830 2990 2090
5490 4840 3000 2110
5490 4840 3000 2110
5490 4830 3000 2110
5490 4830 3000 2090
5490 4840 3000 2110
5490 4840 3000 2110
5490 4850 3000 2120
5490 4850 3000 2120
5490 4850 3000 2110
5480 4850 2990 2090
5490 4850 2990 2090
5490 4830 3000 2110
5490 4840 3010 2110
5500 4840 3010 2110
5490 4840 3010 2090
5490 4840 3010 2090
5490 4840 3000 2090
5490 4830 3000 2090
5490 4830 3000 2110
5480 4820 3000 2110
5480 4840 2990 2110
5480 4830 2990 2110
5490 4830 2990 2090
5490 4810 2990 2080
5490 4820 2990 2080
5490 4830 3000 2090
5490 4830 2990 2110
5500 4840 2990 2110
5490 4850 3000 2090
5500 4840 3000 2090
5500 4840 3000 2110
