4410 5100 2330 3110
4420 5090 2340 3110
4420 5090 2340 3120
4420 5090 2340 3120
4420 5090 2360 3110
4410 5090 2360 3110
4410 5090 2370 3110
4410 5090 2360 3120
4410 5090 2370 3110
4420 5090 2370 3110
4420 5090 2370 3100
4420 5090 2380 3100
4420 5090 2390 3100
4430 5090 2390 3100
4430 5090 2390 3100
4420 5090 2390 3100
4420 5090 2390 3100
4420 5090 2380 3100
4420 5090 2380 3100
4420 5090 2370 3100
4430 5100 2370 3100
4430 5100 2360 3110
4430 5090 2370 3110
4430 5090 2360 3110
4420 5090 2370 3110
4420 5090 2360 3110
4420 5100 2350 3100
4420 5100 2360 3100
4420 5100 2370 3100
4420 5090 2370 3100
4420 5090 2370 3100
4420 5090 2390 3110
4420 5090 2390 3110
4420 5100 2390 3110
4420 5100 2380 3100
4430 5100 2370 3100
4430 5090 2360 3110
4430 5090 2370 3110
4430 5090 2370 3110
4430 5090 2380 3120
4420 5090 2380 3110
4420 5080 2370 3110
4420 5080 2370 3120
4420 5080 2380 3120
4420 5080 2390 3110
4420 5080 2400 3110
4420 5070 2400 3110
4430 5080 2420 3110
4430 5090 2420 3110
4430 5090 2400 3110
4430 5090 2400 3110
4430 5090 2380 3110
4430 5090 2390 3100
4430 5100 2400 3110
4430 5100 2400 3120
4430 5090 2400 3120
4430 5080 2390 3120
4430 5080 2390 3110
4430 5080 2380 3110
4430 5080 2370 3110
4420 5080 2360 3110
4420 5080 2350 3110
4420 5080 2340 3110
4420 5080 2340 3110
4420 5090 2340 3110
4430 5090 2350 3110
4430 5090 2350 3110
4430 5090 2350 3100
4430 5090 2350 3100
4430 5090 2350 3100
4430 5100 2340 3110
4430 5100 2340 3110
4430 5100 2340 3110
4420 5100 2350 3110
4430 5100 2350 3110
4430 5100 2350 3110
4430 5090 2350 3120
4440 5090 2350 3120
4440 5090 2350 3120
4440 5090 2350 3120
4440 5090 2350 3120
4440 5090 2350 3120
4430 5090 2350 3110
4420 5090 2350 3110
4420 5090 2350 3110
4420 5100 2350 3110
4420 5090 2340 3110
4420 5090 2330 3110
4420 5090 2330 3110
4420 5090 2330 3110
4420 5090 2330 3100
4420 5100 2340 3100
4420 5110 2340 3100
4420 5110 2340 3100
4420 5100 2340 3100
4420 5110 2340 3100
4420 5110 2330 3100
4420 5100 2330 3100
4430 5100 2330 3100
4430 5090 2330 3110
4430 5090 2330 3110
4430 5090 2340 3110
4430 5090 2340 3110
4430 5100 2340 3110
4430 5100 2330 3110
4420 5100 2330 3110
4420 5100 2330 3120
4420 5100 2330 3110
4420 5100 2340 3120
4420 5090 2340 3120
4420 5100 2340 3120
4420 5110 2350 3120
4420 5100 2360 3120
4420 5100 2340 3120
4420 5100 2340 3120
4420 5100 2340 3120
