5090 4380 3130 2290
5090 4390 3130 2290
5090 4370 3130 2280
5090 4390 3120 2280
5080 4390 3110 2280
5090 4390 3110 2300
5090 4400 3110 2290
5090 4410 3100 2300
5090 4400 3100 2300
5090 4410 3100 2300
5090 4410 3100 2300
5090 4390 3110 2290
5080 4400 3140 2300
5080 4390 3140 2290
5080 4400 3140 2300
5090 4420 3140 2290
5090 4410 3140 2300
5080 4400 3130 2290
5080 4390 3130 2300
5080 4410 3130 2290
5090 4400 3140 2300
5100 4400 3140 2300
5080 4390 3120 2310
5080 4400 3120 2300
5080 4400 3120 2300
5070 4400 3140 2300
5070 4400 3140 2300
5070 4400 3130 2300
5080 4390 3130 2300
5070 4410 3120 2310
5080 4400 3120 2290
5080 4380 3120 2300
5090 4360 3120 2310
5100 4380 3120 2300
5100 4380 3130 2300
5100 4380 3130 2290
5100 4390 3120 2280
5100 4370 3120 2270
5100 4380 3130 2290
5100 4380 3120 2280
5090 4390 3120 2300
5090 4390 3120 2280
5100 4400 3120 2280
5100 4390 3110 2290
5090 4390 3110 2310
5090 4390 3120 2310
5090 4390 3120 2310
5090 4390 3130 2310
5080 4410 3120 2300
5080 4400 3110 2310
5080 4400 3120 2300
5080 4400 3140 2290
5080 4380 3150 2300
5090 4390 3140 2290
5070 4380 3130 2290
5070 4390 3120 2290
5070 4390 3130 2300
5070 4390 3130 2290
5080 4390 3130 2300
5090 4400 3130 2290
5100 4410 3130 2300
5100 4410 3130 2290
5100 4410 3120 2280
5100 4410 3120 2290
5090 4400 3130 2290
5090 4380 3130 2300
5090 4400 3130 2310
5090 4400 3130 2310
5090 4380 3120 2310
5090 4380 3120 2300
5100 4380 3120 2310
5090 4390 3140 2290
5100 4370 3140 2300
5090 4390 3150 2300
5090 4390 3150 2300
5090 4380 3140 2290
5090 4400 3140 2290
5090 4400 3130 2280
5100 4400 3120 2290
5090 4410 3130 2310
5090 4410 3120 2300
5090 4400 3110 2300
5090 4400 3120 2300
5090 4400 3120 2320
5090 4380 3110 2300
5090 4370 3110 2290
5090 4390 3110 2290
5090 4400 3110 2300
5090 4390 3120 2290
5090 4380 3120 2280
5090 4380 3120 2280
5090 4400 3110 2280
5090 4400 3110 2280
5080 4390 3110 2290
5080 4400 3110 2290
5080 4410 3110 2300
5090 4410 3110 2290
5100 4400 3120 2300
5100 4380 3120 2300
5100 4380 3120 2300
5110 4370 3120 2290
5100 4380 3120 2300
5090 4380 3120 2300
5090 4390 3140 2300
5090 4400 3140 2310
5090 4380 3150 2300
5090 4390 3130 2300
5090 4400 3130 2320
5100 4410 3140 2310
5100 4420 3140 2300
5100 4420 3140 2300
5090 4420 3120 2310
5090 4420 3120 2320
5090 4420 3120 2310
5080 4420 3130 2310
5080 4420 3130 2290
5080 4420 3130 2280
5080 4420 3130 2290
5090 4430 3130 2310
5090 4410 3130 2310
5100 4410 3130 2300
5100 4390 3140 2300
5080 4420 3140 2310
5080 4410 3140 2290
5090 4390 3140 2270
5090 4410 3130 2290
5090 4390 3130 2290
5090 4370 3130 2290
5090 4360 3120 2290
5090 4350 3120 2300
5090 4350 3120 2300
5100 4360 3120 2290
5090 4360 3110 2310
5090 4380 3110 2310
5090 4360 3110 2290
5090 4380 3120 2280
5090 4390 3130 2280
5090 4400 3140 2280
5090 4420 3140 2280
5090 4410 3150 2300
5090 4420 3140 2290
5100 4410 3150 2290
5090 4400 3130 2290
5090 4410 3130 2290
5090 4390 3120 2310
5090 4400 3120 2300
5090 4410 3120 2300
5080 4400 3110 2300
5070 4380 3120 2290
5080 4380 3120 2300
5080 4400 3130 2290
5100 4410 3130 2290
5100 4400 3130 2290
5090 4400 3130 2280
5090 4410 3130 2280
5090 4390 3120 2280
5090 4400 3120 2290
5090 4400 3130 2290
5090 4390 3130 2300
5100 4390 3130 2290
5100 4400 3130 2300
5100 4400 3130 2310
5100 4400 3140 2310
5100 4380 3130 2300
5100 4370 3130 2300
5090 4380 3130 2310
5090 4370 3140 2300
5090 4380 3130 2310
5090 4400 3140 2320
5100 4410 3120 2300
5090 4410 3120 2290
5090 4390 3120 2290
5090 4400 3130 2280
5100 4410 3120 2280
5100 4410 3120 2280
