4670 3960 3340 2580
4680 3950 3370 2570
4680 3950 3370 2550
4680 3950 3360 2550
4680 3960 3340 2550
4680 3960 3360 2560
4680 3960 3360 2560
4670 3960 3340 2560
4670 3960 3340 2560
4680 3960 3340 2570
4680 3960 3360 2570
4680 3960 3360 2570
4690 3980 3340 2570
4690 3960 3360 2580
4690 3960 3360 2580
4680 3980 3340 2580
4680 3980 3340 2580
4680 3980 3330 2580
4680 3980 3330 2580
4680 3980 3330 2580
4680 3980 3330 2580
4680 3980 3330 2580
4680 3980 3330 2580
4680 3980 3360 2580
4680 3980 3340 2580
4670 3980 3370 2580
4680 3960 3360 2560
4670 3960 3370 2570
4680 3960 3360 2570
4680 3950 3340 2570
4680 3960 3340 2570
4680 3960 3330 2570
4670 3960 3330 2570
4670 3960 3330 2570
4680 3960 3340 2570
4670 3960 3360 2560
4680 3980 3360 2560
4680 3980 3340 2560
4680 3960 3340 2560
4680 3960 3340 2560
4680 3960 3340 2570
4670 3960 3360 2560
4670 3960 3340 2560
4670 3960 3340 2560
4680 3960 3360 2560
4690 3960 3360 2550
4690 3960 3370 2550
4700 3950 3370 2560
4700 3940 3370 2570
4690 3940 3360 2570
4680 3940 3370 2570
4680 3950 3360 2570
4690 3950 3370 2570
4690 3950 3360 2570
4690 3960 3360 2570
4690 3960 3370 2560
4690 3960 3360 2560
4690 3960 3360 2560
4680 3960 3340 2550
4680 3980 3360 2550
4680 3980 3370 2550
4680 3980 3370 2550
4680 3960 3370 2560
4670 3960 3370 2550
4670 3960 3370 2560
4670 3960 3360 2570
4670 3960 3360 2570
4670 3950 3360 2570
4670 3950 3370 2570
4680 3950 3370 2560
4680 3960 3370 2560
4690 3960 3360 2570
4690 3960 3370 2570
4690 3960 3360 2550
4690 3960 3360 2550
4690 3950 3340 2570
4690 3960 3360 2570
4690 3950 3370 2570
4690 3950 3370 2570
4690 3960 3370 2560
4690 3960 3360 2570
4680 3960 3360 2570
4680 3950 3360 2580
4690 3950 3360 2580
4690 3950 3360 2580
4690 3950 3360 2580
4690 3960 3360 2580
4690 3960 3340 2560
4680 3960 3340 2570
4680 3980 3360 2570
4680 3980 3370 2570
4680 3960 3370 2570
4680 3960 3370 2570
4680 3960 3370 2570
4680 3960 3360 2560
4680 3960 3370 2560
4680 3960 3370 2560
4680 3960 3370 2570
4680 3960 3370 2570
4680 3960 3360 2570
4680 3980 3370 2570
4680 3950 3360 2560
4680 3950 3340 2560
4680 3950 3340 2570
4680 3950 3330 2580
4680 3950 3330 2580
4680 3950 3340 2580
4680 3960 3360 2580
4680 3960 3360 2570
4680 3980 3360 2570
4680 3980 3360 2560
4680 3960 3360 2570
4680 3950 3340 2570
4680 3950 3340 2570
4680 3950 3340 2570
4680 3960 3330 2560
4670 3950 3340 2560
4670 3950 3330 2560
4680 3960 3340 2560
4690 3960 3370 2560
4680 3960 3370 2570
4680 3960 3360 2570
4690 3960 3360 2570
4690 3960 3360 2550
4690 3960 3340 2560
4690 3960 3340 2560
4690 3950 3340 2560
4690 3950 3340 2560
4690 3950 3340 2560
4680 3950 3360 2560
4680 3950 3370 2560
4680 3960 3370 2560
4680 3960 3360 2560
4680 3950 3360 2560
4690 3950 3370 2570
4690 3950 3360 2570
4680 3950 3360 2570
4680 3950 3360 2560
4670 3950 3370 2570
4670 3950 3370 2570
4670 3950 3370 2570
4670 3960 3360 2560
4680 3950 3370 2560
4680 3960 3370 2560
4680 3960 3360 2570
4670 3960 3360 2560
4680 3960 3370 2550
4680 3950 3370 2560
4680 3950 3370 2550
4680 3950 3360 2550
4680 3950 3370 2560
4670 3950 3370 2550
4670 3960 3360 2560
4680 3960 3360 2560
4680 3960 3340 2560
4680 3950 3340 2570
4680 3950 3340 2580
4680 3950 3340 2570
4680 3960 3340 2570
4680 3960 3340 2570
4680 3950 3340 2560
4690 3950 3340 2560
4690 3960 3340 2560
4690 3960 3360 2550
4690 3960 3360 2550
4690 3950 3360 2550
4680 3950 3360 2550
4680 3950 3360 2550
4680 3950 3370 2550
4670 3950 3370 2550
4680 3950 3370 2560
4680 3960 3360 2560
4670 3980 3360 2560
4680 3980 3370 2570
4680 3980 3360 2570
4680 3980 3360 2570
4680 3980 3370 2570
4680 3960 3370 2570
4670 3960 3370 2570
4670 3950 3360 2570
4670 3950 3370 2570
4670 3950 3360 2570
4660 3950 3360 2570
4660 3950 3360 2560
4670 3950 3370 2560
4670 3960 3370 2560
4680 3960 3360 2560
4680 3960 3370 2560
4680 3960 3370 2550
4680 3960 3370 2560
4680 3960 3360 2560
4680 3960 3360 2560
4680 3960 3360 2560
4680 3960 3370 2560
4680 3960 3360 2560
4680 3950 3360 2560
4680 3960 3340 2550
