4320 3570 3580 2910
4330 3560 3580 2910
4330 3560 3580 2900
4330 3560 3580 2900
4340 3560 3580 2900
4330 3570 3580 2910
4330 3560 3580 2900
4340 3560 3590 2890
4340 3570 3590 2880
4340 3560 3590 2890
4340 3560 3580 2880
4330 3560 3580 2890
4330 3560 3580 2900
4330 3560 3580 2900
4330 3560 3580 2890
4330 3560 3580 2880
4330 3560 3580 2880
4330 3550 3580 2880
4330 3550 3580 2890
4330 3550 3580 2900
4330 3550 3580 2900
4330 3550 3580 2910
4330 3550 3580 2900
4320 3550 3580 2900
4310 3550 3590 2890
4310 3560 3590 2880
4310 3560 3590 2890
4320 3560 3580 2900
4340 3560 3580 2900
4340 3560 3580 2890
4340 3560 3590 2900
4330 3560 3590 2900
4330 3560 3590 2900
4330 3560 3590 2900
4340 3560 3580 2910
4330 3560 3580 2910
4330 3560 3580 2910
4330 3560 3580 2920
4340 3550 3570 2910
4340 3550 3580 2900
4330 3550 3580 2890
4320 3550 3570 2880
4330 3550 3570 2880
4330 3550 3580 2880
4330 3550 3570 2890
4350 3550 3570 2880
4340 3550 3570 2900
4340 3550 3570 2900
4330 3550 3570 2900
4330 3550 3570 2900
4330 3550 3570 2900
4330 3550 3570 2900
4330 3550 3570 2890
4340 3550 3570 2890
4340 3550 3570 2890
4340 3550 3580 2900
4340 3550 3580 2890
4340 3550 3580 2890
4340 3550 3590 2890
4340 3550 3590 2900
4340 3550 3580 2910
4340 3550 3580 2900
4340 3550 3580 2900
4340 3550 3580 2890
4340 3550 3580 2900
4340 3540 3580 2880
4340 3550 3570 2880
4330 3550 3570 2890
4330 3550 3570 2890
4340 3550 3570 2890
4340 3550 3570 2900
4340 3550 3570 2900
4350 3550 3570 2880
4350 3550 3570 2870
4340 3550 3570 2880
4340 3550 3570 2900
4330 3550 3570 2900
4330 3550 3570 2900
4330 3550 3570 2900
4330 3550 3570 2900
4330 3550 3570 2910
4340 3550 3570 2910
4340 3560 3570 2900
4330 3560 3570 2900
4330 3560 3580 2890
4330 3560 3580 2890
4330 3560 3580 2880
4340 3560 3580 2860
4340 3560 3580 2880
4340 3570 3580 2890
4330 3570 3590 2890
4330 3570 3590 2890
4330 3570 3580 2880
4330 3560 3580 2890
4320 3560 3580 2890
4320 3560 3580 2900
4310 3560 3590 2900
4310 3560 3590 2890
4310 3560 3580 2880
4320 3560 3580 2890
4320 3560 3580 2890
4320 3560 3580 2880
4320 3560 3580 2890
4330 3560 3580 2890
4330 3560 3590 2900
4330 3560 3580 2890
4330 3560 3590 2900
4330 3560 3580 2900
4330 3560 3570 2890
4330 3560 3570 2890
4330 3560 3580 2890
4330 3560 3570 2880
4340 3560 3580 2880
4330 3560 3580 2890
4330 3560 3580 2900
4330 3560 3580 2910
4330 3560 3580 2910
4330 3560 3580 2910
4330 3560 3580 2900
4350 3570 3580 2890
4340 3560 3580 2880
4350 3560 3580 2870
4340 3570 3580 2870
4340 3560 3570 2860
4330 3560 3570 2860
4330 3550 3570 2860
4330 3550 3570 2860
4330 3550 3570 2850
4330 3550 3580 2850
4330 3550 3580 2860
4320 3550 3580 2870
4320 3550 3580 2870
4320 3550 3580 2890
4330 3550 3580 2870
4330 3550 3580 2870
4340 3540 3590 2880
4340 3540 3590 2870
4340 3550 3580 2870
4340 3550 3580 2870
4340 3550 3580 2870
4330 3550 3580 2890
4330 3550 3590 2880
4320 3550 3600 2890
4320 3550 3590 2900
4330 3550 3580 2900
4330 3550 3580 2880
4330 3550 3580 2880
4330 3550 3570 2900
4330 3550 3580 2910
4330 3550 3580 2910
4330 3550 3580 2910
4330 3550 3580 2900
4330 3550 3580 2900
4330 3550 3580 2890
4330 3550 3580 2890
4320 3550 3580 2890
4330 3550 3580 2890
4330 3550 3580 2880
4340 3550 3580 2880
4340 3560 3580 2880
4340 3560 3590 2880
4340 3560 3580 2880
4340 3560 3580 2870
4340 3560 3570 2880
4340 3560 3570 2890
4330 3560 3580 2860
4320 3560 3580 2880
4330 3560 3590 2880
4330 3560 3590 2880
4330 3560 3580 2870
4320 3560 3590 2880
4320 3560 3590 2870
4330 3560 3590 2880
4330 3560 3590 2890
4330 3560 3580 2900
4330 3560 3580 2890
4330 3550 3580 2880
4330 3550 3580 2870
4330 3550 3580 2870
4320 3550 3570 2890
4320 3550 3570 2900
4330 3550 3570 2880
4330 3550 3570 2890
4330 3550 3580 2900
4330 3550 3580 2880
4330 3550 3580 2880
4330 3550 3590 2880
4320 3550 3590 2880
4320 3550 3580 2870
4320 3550 3590 2870
4320 3550 3590 2890
4320 3550 3580 2880
4320 3560 3580 2860
4320 3550 3580 2860
4320 3550 3580 2880
4320 3550 3580 2890
4320 3550 3580 2880
4320 3550 3580 2870
4320 3540 3580 2880
4340 3540 3580 2880
4340 3550 3580 2880
4340 3550 3590 2880
4340 3550 3590 2880
4340 3550 3590 2890
4350 3540 3590 2890
4350 3550 3600 2880
4350 3560 3590 2880
4340 3560 3580 2890
4350 3560 3580 2900
4340 3560 3580 2900
4350 3570 3580 2910
4340 3570 3580 2910
4340 3570 3580 2900
4330 3570 3580 2890
4330 3560 3580 2870
4340 3560 3580 2870
4340 3560 3580 2890
4340 3560 3580 2900
4340 3550 3580 2890
4340 3550 3580 2890
4340 3550 3580 2900
4340 3540 3580 2890
4340 3540 3580 2870
4340 3550 3580 2870
4340 3550 3580 2870
4330 3550 3580 2870
4330 3550 3580 2870
4330 3550 3580 2880
4330 3550 3580 2890
4330 3550 3580 2900
