4030 3160 3880 3250
4040 3160 3880 3250
4040 3170 3890 3250
4030 3170 3890 3240
4030 3160 3890 3240
4030 3160 3880 3250
4040 3160 3870 3250
4040 3170 3870 3250
4040 3170 3870 3250
4030 3170 3870 3250
4030 3170 3880 3250
4040 3170 3870 3250
4040 3170 3870 3240
4040 3160 3870 3230
4050 3160 3870 3240
4040 3160 3870 3240
4030 3160 3870 3240
4040 3160 3870 3250
4040 3170 3880 3260
4040 3170 3870 3260
4040 3160 3890 3250
4050 3150 3880 3250
4040 3150 3870 3250
4040 3160 3870 3250
4050 3150 3870 3250
4050 3150 3890 3240
4050 3160 3880 3240
4050 3160 3870 3220
4040 3160 3870 3230
4040 3160 3870 3230
4030 3170 3870 3240
4030 3180 3870 3240
4050 3170 3870 3250
4060 3170 3870 3250
4060 3170 3870 3250
4060 3170 3870 3250
4050 3160 3870 3240
4060 3160 3870 3250
4040 3160 3860 3250
4040 3160 3860 3250
4040 3160 3860 3250
4040 3170 3880 3250
4040 3170 3880 3240
4030 3170 3870 3240
4030 3170 3870 3240
4030 3170 3870 3240
4030 3170 3870 3240
4030 3170 3890 3230
4030 3170 3890 3240
4030 3160 3890 3240
4050 3160 3880 3250
4050 3150 3900 3250
4060 3150 3890 3250
4070 3160 3890 3260
4070 3170 3890 3250
4060 3160 3890 3240
4060 3160 3900 3230
4050 3150 3890 3230
4040 3150 3890 3230
4040 3160 3880 3240
4040 3160 3880 3240
4050 3150 3880 3240
4040 3150 3880 3240
4050 3150 3890 3230
4050 3150 3880 3240
4050 3150 3880 3240
4060 3160 3870 3240
4050 3160 3870 3240
4050 3160 3870 3240
4040 3160 3880 3240
4030 3160 3870 3240
4030 3170 3870 3240
4040 3170 3880 3240
4030 3170 3890 3240
4030 3170 3880 3250
4030 3160 3870 3250
4030 3160 3870 3250
4030 3170 3860 3250
4030 3170 3870 3250
4040 3170 3860 3250
4030 3160 3870 3250
4040 3160 3880 3240
4050 3170 3890 3240
4040 3170 3880 3240
4040 3160 3870 3240
4060 3160 3870 3240
4050 3160 3870 3240
4040 3160 3880 3240
4040 3160 3880 3240
4040 3160 3880 3240
4040 3170 3870 3240
4040 3170 3870 3230
4030 3160 3870 3220
4040 3170 3880 3230
4050 3170 3870 3230
4060 3160 3870 3230
4050 3160 3870 3230
4060 3170 3870 3240
4050 3160 3870 3240
4050 3160 3870 3240
4050 3170 3880 3240
4050 3170 3870 3240
4040 3170 3870 3240
4050 3190 3870 3240
4040 3170 3870 3240
4040 3160 3870 3240
4040 3160 3890 3240
4050 3160 3880 3240
4050 3160 3900 3240
4050 3160 3900 3240
4050 3160 3890 3250
4060 3160 3890 3250
4070 3160 3890 3260
4060 3150 3880 3250
4060 3150 3880 3250
4050 3150 3890 3250
4050 3160 3880 3250
4040 3160 3880 3250
4040 3150 3870 3240
4050 3150 3870 3240
4040 3150 3870 3240
4050 3160 3870 3240
4050 3150 3880 3240
4040 3160 3870 3240
4060 3160 3870 3240
4070 3160 3870 3240
4070 3160 3870 3240
4060 3170 3880 3240
4040 3170 3880 3240
4040 3170 3870 3240
4040 3160 3870 3230
4050 3150 3880 3240
4040 3160 3900 3240
4050 3170 3890 3240
4050 3170 3880 3240
4050 3160 3880 3250
4050 3160 3880 3250
4040 3160 3870 3240
4040 3150 3870 3240
4050 3160 3880 3240
4050 3160 3870 3250
4050 3160 3890 3250
4050 3160 3880 3240
4050 3160 3880 3240
4040 3160 3870 3240
4040 3170 3870 3240
4040 3160 3870 3240
4030 3140 3900 3230
4040 3140 3890 3230
4050 3140 3880 3230
4060 3140 3870 3220
4060 3150 3870 3220
4060 3140 3870 3220
4050 3150 3870 3210
4050 3150 3870 3210
4040 3150 3870 3200
4040 3160 3870 3200
4040 3150 3870 3200
4050 3150 3870 3200
4050 3160 3870 3210
4040 3160 3880 3210
4050 3160 3870 3200
4040 3160 3870 3200
4030 3160 3870 3200
4030 3160 3880 3190
4040 3160 3890 3210
4040 3150 3880 3220
4040 3150 3870 3230
4040 3160 3880 3230
4040 3160 3870 3230
4050 3150 3870 3230
4040 3150 3870 3230
4040 3150 3870 3230
4040 3160 3890 3240
4040 3160 3880 3240
4030 3160 3870 3240
4030 3160 3880 3230
4030 3160 3880 3230
4050 3150 3890 3240
4070 3150 3880 3240
4070 3160 3880 3250
4070 3170 3870 3250
4060 3170 3870 3250
4060 3170 3870 3250
4060 3170 3890 3250
4050 3170 3890 3250
4050 3160 3880 3250
4040 3180 3900 3250
4040 3170 3890 3250
4040 3170 3880 3240
4030 3160 3870 3240
4030 3160 3870 3240
4040 3160 3880 3240
4040 3160 3880 3240
4030 3160 3880 3240
4040 3160 3880 3240
4040 3150 3880 3240
4040 3150 3880 3240
4040 3140 3870 3240
4030 3160 3870 3240
4030 3160 3870 3240
4040 3170 3890 3240
4040 3160 3890 3240
4040 3160 3880 3240
4030 3170 3880 3250
4030 3170 3890 3250
4040 3170 3880 3250
4050 3170 3880 3250
4040 3170 3890 3250
4040 3170 3880 3250
4040 3150 3870 3260
4050 3160 3880 3260
4040 3160 3870 3260
4040 3160 3870 3270
4050 3160 3870 3260
