3760 2760 4240 3590
3760 2750 4240 3590
3760 2750 4240 3590
3760 2750 4240 3590
3770 2760 4230 3590
3760 2770 4240 3580
3760 2780 4250 3580
3760 2770 4250 3580
3760 2770 4250 3580
3770 2770 4240 3580
3770 2770 4230 3580
3770 2770 4240 3580
3770 2770 4250 3590
3770 2780 4250 3590
3760 2770 4240 3590
3760 2760 4240 3590
3770 2760 4230 3590
3760 2760 4250 3590
3750 2760 4250 3600
3750 2770 4250 3600
3750 2760 4240 3600
3760 2760 4240 3600
3770 2780 4240 3600
3770 2780 4250 3600
3770 2780 4250 3590
3770 2780 4240 3580
3770 2770 4240 3590
3770 2770 4240 3590
3770 2780 4240 3600
3770 2770 4230 3590
3770 2760 4230 3590
3770 2760 4240 3590
3780 2760 4240 3590
3770 2760 4240 3590
3770 2760 4240 3580
3770 2760 4240 3580
3770 2760 4230 3580
3770 2760 4230 3580
3770 2760 4220 3580
3760 2760 4230 3580
3760 2770 4240 3580
3760 2770 4240 3590
3760 2770 4240 3590
3760 2780 4230 3590
3770 2780 4220 3590
3770 2780 4230 3600
3770 2770 4230 3600
3770 2770 4240 3590
3770 2760 4230 3590
3770 2760 4240 3590
3770 2780 4240 3590
3770 2780 4230 3590
3770 2780 4240 3600
3760 2770 4240 3600
3760 2770 4230 3600
3760 2770 4230 3600
3760 2770 4230 3600
3760 2770 4230 3600
3750 2770 4230 3600
3760 2770 4240 3590
3760 2750 4250 3590
3760 2750 4250 3590
3770 2750 4250 3590
3770 2750 4240 3590
3770 2750 4240 3590
3770 2760 4240 3600
3770 2760 4240 3590
3770 2770 4230 3600
3760 2770 4230 3600
3760 2770 4230 3590
3760 2770 4230 3590
3770 2770 4220 3590
3770 2770 4210 3590
3770 2780 4220 3590
3780 2780 4210 3580
3760 2780 4230 3580
3760 2770 4240 3580
3760 2760 4240 3590
3760 2760 4240 3580
3750 2770 4240 3590
3750 2770 4250 3590
3750 2770 4240 3590
3760 2770 4230 3590
3760 2770 4230 3590
3760 2770 4230 3600
3760 2770 4230 3600
3770 2770 4220 3590
3770 2770 4220 3590
3760 2770 4220 3600
3760 2760 4220 3600
3760 2770 4230 3600
3760 2770 4230 3590
3760 2780 4230 3590
3770 2780 4220 3590
3770 2770 4230 3590
3770 2770 4230 3590
3760 2770 4230 3590
3770 2770 4240 3590
3770 2770 4240 3600
3780 2760 4240 3600
3770 2760 4250 3600
3770 2770 4240 3600
3770 2770 4240 3610
3770 2770 4230 3620
3760 2770 4230 3620
3760 2780 4230 3620
3760 2770 4240 3620
3770 2770 4240 3620
3770 2780 4240 3620
3770 2780 4240 3620
3770 2770 4250 3620
3760 2760 4240 3620
3760 2770 4230 3620
3770 2770 4220 3620
3770 2760 4220 3620
3770 2760 4220 3620
3770 2770 4210 3620
3760 2770 4210 3620
3750 2770 4200 3620
3760 2770 4190 3620
3760 2770 4200 3620
3770 2770 4210 3620
3770 2770 4220 3630
3770 2770 4220 3640
3770 2770 4210 3630
3770 2780 4200 3630
3770 2760 4200 3630
3770 2770 4200 3630
3770 2770 4200 3630
3770 2770 4220 3630
3770 2770 4210 3630
3770 2770 4220 3620
3760 2760 4220 3620
3770 2780 4230 3630
3760 2770 4230 3630
3760 2770 4230 3630
3770 2770 4230 3630
3760 2780 4230 3630
3770 2780 4240 3630
3770 2780 4240 3630
3770 2790 4230 3630
3770 2780 4220 3630
3770 2780 4210 3630
3760 2770 4220 3630
3770 2770 4220 3630
3760 2780 4220 3620
3760 2780 4210 3620
3760 2780 4200 3620
3760 2780 4200 3620
3770 2770 4200 3620
3770 2750 4210 3620
3770 2750 4210 3620
3760 2750 4220 3620
3760 2750 4220 3620
3760 2740 4220 3620
3760 2740 4230 3620
3760 2750 4220 3620
3760 2760 4220 3620
3770 2770 4230 3620
3770 2760 4230 3620
3770 2770 4240 3620
3770 2770 4250 3620
3760 2760 4240 3630
3760 2770 4240 3630
3770 2770 4230 3630
3770 2770 4240 3630
3770 2770 4250 3630
3770 2780 4230 3640
3770 2780 4230 3630
3770 2780 4240 3630
3770 2780 4240 3630
3760 2770 4240 3630
3760 2770 4230 3630
3760 2770 4230 3630
3750 2770 4230 3630
3760 2770 4220 3630
3750 2770 4220 3630
3750 2770 4220 3630
3750 2770 4220 3630
3750 2770 4230 3620
3750 2780 4230 3620
3760 2780 4230 3620
3760 2780 4230 3620
3770 2780 4230 3620
3770 2780 4240 3620
3770 2780 4240 3620
3770 2760 4250 3620
3760 2770 4240 3610
3770 2770 4250 3610
3770 2770 4240 3610
3760 2780 4250 3620
3760 2780 4240 3620
3760 2770 4230 3620
3770 2770 4230 3620
3760 2760 4230 3620
3760 2760 4240 3620
3760 2760 4250 3620
3770 2760 4250 3620
3780 2750 4250 3610
3770 2750 4230 3620
3770 2750 4240 3620
3770 2750 4240 3620
3770 2760 4240 3620
3770 2770 4240 3620
3770 2770 4230 3620
3770 2770 4250 3620
3770 2780 4240 3630
3770 2770 4250 3630
3770 2770 4240 3630
3770 2760 4240 3630
3770 2760 4250 3630
3770 2760 4240 3630
3770 2760 4230 3630
3770 2780 4230 3630
3770 2780 4230 3630
3770 2770 4230 3630
3760 2770 4230 3630
3770 2770 4230 3630
3760 2770 4240 3630
3760 2760 4240 3630
3760 2760 4240 3630
3770 2760 4240 3620
3770 2760 4240 3620
3770 2760 4230 3620
3770 2760 4240 3630
3770 2760 4240 3630
3770 2760 4230 3630
3770 2760 4250 3630
3770 2760 4240 3630
3770 2760 4240 3630
3770 2760 4250 3630
3770 2770 4240 3630
3770 2760 4250 3630
3780 2770 4240 3630
3780 2770 4240 3630
3770 2770 4240 3630
3770 2770 4240 3630
3770 2760 4240 3630
3770 2770 4240 3630
3770 2770 4240 3620
3770 2770 4230 3620
3770 2770 4240 3610
3770 2770 4250 3620
