3480 2370 4600 4130
3490 2380 4580 4130
3490 2380 4580 4140
3490 2370 4580 4130
3500 2360 4580 4120
3490 2350 4580 4120
3480 2360 4580 4120
3490 2370 4580 4130
3490 2370 4580 4120
3490 2360 4580 4120
3490 2360 4580 4120
3480 2360 4580 4120
3480 2380 4580 4120
3480 2390 4580 4120
3490 2370 4580 4120
3490 2390 4580 4110
3490 2390 4580 4110
3490 2400 4580 4110
3490 2380 4580 4110
3490 2380 4580 4110
3490 2380 4580 4110
3490 2380 4580 4100
3490 2380 4600 4100
3490 2360 4600 4120
3480 2380 4600 4130
3480 2390 4580 4120
3480 2390 4580 4120
3480 2380 4580 4120
3480 2390 4580 4120
3480 2370 4580 4120
3480 2380 4580 4120
3490 2400 4580 4130
3480 2400 4580 4140
3480 2390 4580 4150
3480 2400 4580 4140
3480 2380 4580 4130
3480 2390 4580 4120
3480 2390 4580 4120
3480 2390 4580 4120
3480 2380 4580 4130
3480 2390 4580 4130
3480 2400 4570 4130
3480 2390 4580 4130
3480 2390 4580 4130
3480 2370 4580 4120
3480 2360 4580 4120
3480 2380 4600 4120
3480 2370 4600 4120
3480 2380 4580 4120
3480 2370 4570 4130
3480 2380 4580 4130
3480 2380 4600 4120
3480 2380 4580 4120
3470 2380 4580 4130
3490 2390 4580 4120
3480 2380 4580 4120
3490 2380 4580 4120
3480 2400 4580 4120
3480 2380 4580 4120
3480 2390 4580 4120
3480 2390 4570 4120
3480 2370 4570 4120
3480 2380 4570 4120
3470 2390 4570 4120
3470 2370 4570 4120
3470 2370 4580 4130
3470 2370 4580 4130
3470 2390 4580 4120
3470 2390 4580 4120
3470 2370 4580 4120
3470 2360 4580 4120
3470 2370 4580 4120
3470 2370 4580 4130
3470 2380 4570 4130
3480 2380 4580 4130
3480 2370 4570 4130
3480 2370 4570 4130
3490 2360 4570 4120
3490 2360 4560 4130
3490 2350 4560 4130
3490 2370 4560 4140
3490 2360 4570 4130
3490 2360 4570 4130
3480 2370 4600 4120
3480 2370 4580 4120
3480 2390 4580 4110
3480 2400 4580 4110
3480 2420 4580 4120
3470 2420 4580 4110
3470 2420 4580 4110
3480 2420 4580 4110
3480 2400 4580 4110
3470 2380 4580 4110
3460 2380 4580 4110
3460 2390 4580 4120
3470 2380 4580 4120
3480 2400 4580 4120
3480 2380 4580 4120
3480 2360 4580 4120
3480 2360 4580 4120
3480 2380 4580 4120
3480 2380 4570 4120
3480 2390 4570 4110
3470 2390 4570 4120
3470 2400 4570 4110
3470 2420 4570 4110
3470 2400 4570 4120
3470 2400 4570 4110
3470 2400 4560 4110
3470 2400 4570 4110
3480 2400 4570 4110
3480 2400 4580 4120
3480 2400 4580 4120
3480 2420 4570 4120
3480 2390 4570 4120
3480 2380 4570 4120
3480 2370 4570 4120
3480 2380 4580 4120
3480 2370 4580 4120
3480 2390 4570 4130
3480 2380 4570 4140
3470 2400 4570 4130
3470 2420 4570 4130
3470 2420 4570 4130
3480 2400 4570 4120
3480 2400 4570 4120
3480 2420 4580 4130
3470 2420 4580 4120
3480 2420 4600 4130
3490 2420 4600 4120
3480 2390 4600 4120
3480 2380 4580 4120
3480 2390 4580 4120
3480 2390 4580 4110
3480 2380 4580 4110
3480 2380 4580 4120
3480 2390 4580 4130
3480 2380 4600 4120
3480 2370 4600 4130
3480 2380 4600 4120
3480 2380 4600 4120
3490 2390 4600 4120
3490 2390 4580 4110
3490 2390 4580 4110
3490 2400 4580 4110
3490 2400 4580 4100
3490 2380 4580 4110
3480 2390 4580 4110
3460 2390 4580 4120
3480 2390 4580 4130
3480 2390 4580 4130
3480 2380 4580 4130
3480 2370 4600 4130
3490 2370 4600 4140
3500 2380 4600 4130
3490 2380 4580 4130
3490 2380 4580 4120
3480 2390 4580 4120
3470 2390 4580 4110
3470 2390 4580 4110
3470 2380 4580 4110
3460 2370 4580 4110
3470 2360 4580 4120
3480 2380 4580 4130
3480 2380 4600 4130
3480 2390 4570 4120
3480 2390 4580 4120
3480 2390 4580 4130
3480 2390 4570 4130
3480 2380 4570 4130
3480 2370 4570 4130
3480 2390 4570 4130
3480 2390 4570 4130
3490 2380 4570 4140
3490 2390 4580 4130
3480 2380 4580 4130
3480 2400 4580 4120
3480 2400 4580 4120
3480 2400 4580 4130
3480 2390 4580 4130
3480 2380 4580 4130
3480 2370 4570 4130
3480 2370 4570 4130
3480 2370 4560 4130
3470 2370 4560 4130
3470 2390 4570 4130
