3320 2170 5020 4540
3300 2170 5020 4540
3310 2170 5020 4540
3310 2170 5010 4540
3310 2170 5010 4540
3310 2170 5020 4540
3320 2170 5020 4540
3320 2170 5020 4550
3330 2150 5030 4540
3330 2140 5030 4540
3330 2140 5030 4540
3330 2140 5030 4540
3330 2150 5020 4540
3330 2150 5030 4540
3330 2160 5040 4530
3330 2160 5040 4530
3330 2160 5040 4520
3330 2160 5030 4520
3330 2150 5030 4520
3320 2150 5030 4520
3320 2150 5030 4530
3320 2150 5030 4530
3320 2140 5020 4520
3320 2150 5010 4530
3320 2140 5000 4530
3330 2150 5000 4530
3340 2160 5000 4530
3330 2170 5010 4530
3330 2160 5010 4530
3320 2140 5010 4530
3320 2160 5020 4540
3320 2160 5010 4540
3320 2150 5020 4550
3320 2150 5020 4550
3320 2150 5020 4540
3320 2160 5020 4530
3320 2150 5030 4520
3320 2150 5030 4510
3310 2140 5030 4510
3310 2140 5020 4510
3300 2140 5020 4500
3310 2140 5020 4500
3310 2150 5010 4500
3310 2150 5020 4500
3320 2140 5010 4510
3320 2140 5020 4520
3320 2140 5010 4520
3320 2160 5010 4520
3320 2140 5010 4520
3320 2140 5010 4520
3320 2130 5020 4530
3320 2140 5020 4530
3310 2150 5020 4530
3310 2150 5020 4540
3310 2150 5020 4540
3310 2130 5020 4540
3310 2130 5030 4530
3310 2130 5030 4530
3310 2130 5020 4530
3310 2150 5020 4530
3320 2150 5020 4530
3320 2150 5030 4530
3320 2140 5010 4530
3320 2140 5020 4530
3320 2140 5030 4520
3320 2160 5020 4520
3330 2160 5020 4520
3330 2160 5020 4520
3330 2150 5020 4520
3330 2160 5020 4520
3320 2160 5000 4520
3320 2160 5000 4510
3320 2150 5020 4510
3320 2160 5020 4510
3320 2160 5020 4500
3320 2140 5010 4500
3320 2150 5020 4510
3320 2150 5020 4510
3320 2160 5020 4520
3320 2150 5030 4520
3320 2150 5020 4520
3310 2150 5020 4520
3310 2160 5020 4530
3310 2150 5010 4530
3310 2160 5000 4540
3310 2160 4990 4540
3310 2150 5000 4540
3300 2160 5000 4540
3300 2150 5010 4540
3300 2140 5010 4550
3300 2140 5010 4550
3300 2150 5000 4550
3300 2150 5000 4550
3290 2150 5010 4540
3300 2150 5000 4540
3300 2150 5000 4540
3300 2140 5000 4540
3300 2140 5000 4540
3300 2150 5010 4540
3310 2150 5020 4540
3310 2150 5030 4530
3320 2150 5020 4530
3320 2160 5030 4530
3330 2160 5020 4530
3320 2150 5020 4530
3310 2160 5010 4530
3320 2170 5010 4530
3320 2150 5010 4530
3330 2150 5020 4520
3330 2160 5030 4520
3340 2170 5020 4530
3330 2160 5020 4530
3330 2170 5010 4540
3320 2170 5020 4540
3310 2160 5030 4540
3320 2160 5020 4550
3310 2160 5010 4540
3320 2160 5010 4550
3320 2160 5010 4540
3320 2140 5020 4540
3330 2140 5020 4530
3320 2130 5010 4530
3320 2130 5010 4530
3310 2130 5010 4530
3310 2130 5010 4530
3310 2150 5020 4530
3300 2150 5020 4530
3310 2150 5020 4530
3310 2160 5020 4530
3320 2160 5010 4530
3320 2160 5010 4530
3320 2160 5020 4530
3320 2160 5020 4530
3320 2160 5020 4530
3330 2150 5020 4530
3330 2140 5030 4530
3330 2140 5030 4530
3320 2140 5020 4530
3320 2150 5020 4530
3320 2150 5010 4540
3320 2140 5020 4540
3320 2140 5020 4540
3320 2150 5020 4540
3320 2150 5010 4550
3330 2150 5020 4550
3330 2160 5010 4550
3330 2170 5020 4570
3320 2180 5010 4560
3320 2160 5020 4560
3310 2170 5020 4560
3310 2160 5020 4550
3310 2160 5020 4550
3310 2160 5010 4560
3310 2150 5010 4550
3310 2140 5010 4550
3310 2140 5020 4550
3310 2150 5020 4550
3310 2140 5020 4540
3310 2130 5020 4540
3310 2120 5020 4540
3310 2120 5020 4540
3310 2120 5010 4540
3310 2140 5010 4540
3310 2150 5020 4530
3310 2150 5020 4520
3310 2160 5030 4510
3310 2160 5030 4510
3310 2160 5030 4520
3320 2170 5020 4530
3320 2160 5020 4540
3320 2150 5020 4540
3320 2160 5010 4540
3320 2150 5010 4530
3320 2150 5010 4530
3320 2160 5020 4530
3320 2150 5020 4530
3320 2150 5020 4530
3320 2150 5010 4530
3320 2140 5000 4530
3320 2140 5000 4520
3320 2150 5000 4520
3320 2150 5010 4520
3320 2140 5020 4530
3320 2130 5020 4530
3310 2140 5020 4540
3310 2140 5020 4550
3320 2140 5020 4550
3320 2140 5020 4540
3320 2140 5020 4550
3310 2160 5020 4550
3310 2150 5010 4550
3310 2160 5010 4540
3310 2150 5020 4540
3320 2160 5020 4550
3320 2140 5030 4550
3320 2160 5020 4550
3310 2160 5020 4550
3310 2150 5020 4550
3310 2150 5010 4550
3310 2140 5010 4540
3300 2150 5020 4540
3300 2140 5030 4540
3300 2140 5020 4540
3310 2150 5020 4550
3310 2160 5030 4560
3310 2150 5020 4560
3310 2140 5010 4560
3310 2130 5020 4550
3310 2130 5020 4550
3310 2150 5020 4540
3310 2150 5020 4540
3310 2160 5020 4540
3310 2160 5020 4530
3310 2140 5020 4530
3310 2150 5020 4530
3310 2140 5020 4540
3310 2150 5020 4540
3310 2160 5020 4540
3310 2150 5030 4540
3310 2150 5020 4540
3310 2150 5020 4550
3310 2140 5020 4560
3310 2140 5020 4550
3310 2150 5020 4550
3310 2150 5020 4540
3310 2160 5030 4540
3310 2160 5020 4540
3320 2150 5020 4540
3320 2160 5020 4540
3320 2150 5020 4540
3320 2140 5020 4530
3320 2160 5020 4530
3310 2150 5020 4550
3300 2160 5020 4550
3300 2150 5020 4540
3300 2160 5010 4540
3310 2140 5010 4540
3320 2140 5010 4540
3330 2140 5020 4540
3320 2160 5020 4530
3320 2160 5020 4530
3320 2150 5010 4540
3320 2160 5010 4540
3320 2140 5020 4550
3320 2140 5020 4550
3320 2130 5020 4550
3320 2140 5020 4550
3320 2140 5020 4550
3320 2140 5020 4550
3320 2150 5020 4550
3320 2160 5020 4550
3320 2140 5020 4550
3320 2160 5030 4530
3320 2160 5030 4540
3320 2150 5020 4540
3310 2150 5020 4540
3310 2160 5030 4550
3320 2150 5020 4550
3320 2150 5010 4550
3320 2160 5010 4550
3310 2170 5010 4540
3300 2150 5020 4530
3300 2160 5020 4540
3300 2160 5010 4550
3300 2160 5020 4560
3300 2140 5020 4560
3300 2140 5020 4560
3300 2150 5020 4550
3300 2160 5020 4550
3300 2150 5030 4550
3300 2150 5020 4550
3310 2160 5020 4550
3310 2150 5020 4560
3320 2160 5020 4540
3320 2160 5030 4540
3320 2180 5030 4550
3320 2160 5030 4560
3310 2170 5030 4560
3300 2150 5030 4560
3300 2160 5030 4560
3300 2170 5020 4540
3300 2160 5020 4550
3300 2170 5020 4550
3300 2160 5020 4550
3310 2170 5030 4550
3310 2180 5030 4550
3290 2170 5020 4540
3300 2150 5030 4540
3300 2160 5020 4540
3300 2160 5010 4540
3310 2170 5010 4520
3320 2160 5000 4520
3320 2170 5010 4520
3320 2170 5020 4530
3320 2170 5020 4530
3320 2160 5030 4540
3320 2160 5020 4540
3320 2160 5020 4540
3320 2160 5020 4530
3320 2170 5020 4530
3320 2150 5020 4530
3310 2160 5020 4530
3310 2160 5030 4520
3310 2160 5020 4520
3310 2160 5020 4520
3320 2160 5030 4520
3320 2170 5030 4520
3320 2160 5030 4520
3320 2170 5030 4530
3320 2160 5020 4530
3320 2150 5020 4530
3310 2140 5020 4540
3320 2160 5030 4540
3320 2160 5020 4550
3330 2150 5020 4550
3330 2140 5020 4550
3320 2140 5020 4550
3320 2150 5020 4560
3320 2150 5030 4550
3320 2140 5030 4550
3320 2150 5030 4550
3320 2140 5030 4540
3320 2130 5020 4540
3320 2140 5020 4540
3320 2140 5020 4540
3320 2140 5020 4540
3320 2140 5020 4540
3330 2140 5020 4530
3330 2140 5020 4520
3330 2140 5020 4520
3330 2130 5010 4520
3330 2130 5010 4520
3330 2140 5010 4530
3330 2130 5020 4530
3330 2130 5020 4520
3330 2160 5020 4520
3330 2140 5010 4540
3330 2130 5010 4550
3330 2130 5010 4550
3330 2120 5020 4560
3320 2140 5020 4570
3320 2130 5010 4580
3320 2150 5010 4580
3320 2160 5010 4560
3320 2160 5020 4550
3320 2160 5020 4550
3320 2170 5020 4550
3320 2170 5020 4540
3330 2170 5020 4540
3320 2170 5030 4530
3320 2180 5020 4530
3320 2160 5020 4530
3320 2160 5030 4540
3330 2170 5020 4550
3330 2170 5020 4550
3330 2170 5020 4530
