3200 1970 5480 4990
3190 1980 5480 4990
3200 2000 5480 4990
3190 1980 5480 4990
3190 1990 5480 4980
3190 1980 5480 4980
3180 1990 5470 4970
3190 1990 5470 4990
3200 1980 5470 4990
3180 1990 5470 4980
3190 1980 5480 4990
3190 1970 5480 4980
3190 1970 5480 4980
3200 1990 5480 4980
3200 1990 5480 4980
3200 2000 5480 4990
3200 1990 5480 4990
3200 1980 5490 4970
3200 1990 5480 4970
3200 1980 5490 4970
3190 1980 5480 4970
3200 1990 5480 4980
3200 1980 5470 4970
3200 1990 5470 4970
3190 1980 5470 4970
3200 1980 5470 4970
3210 1990 5470 4980
3210 1980 5480 4980
3210 1970 5470 4980
3200 1980 5470 4970
3200 1980 5470 4970
3200 1990 5480 4970
3200 2000 5470 4970
3190 1980 5480 4980
3180 1980 5480 4980
3180 1970 5480 4980
3180 1960 5480 4970
3190 1980 5480 4980
3190 1960 5480 4960
3190 1950 5470 4970
3200 1950 5470 4970
3200 1970 5460 4980
3180 1980 5470 4980
3200 1970 5490 4990
3180 1990 5470 4980
3190 2010 5470 4980
3190 2010 5480 4980
3200 1990 5480 4970
3200 1990 5490 4980
3210 1970 5490 4990
3210 1970 5480 4980
3200 1970 5480 4980
3210 1980 5480 4990
3200 1970 5470 4990
3200 1980 5470 4990
3210 1990 5470 4990
3200 2000 5470 4990
3200 1990 5480 5000
3200 1990 5480 5000
3200 1980 5480 5000
3200 1980 5480 5000
3190 2000 5480 5000
3180 1990 5490 4990
3170 1980 5490 4990
3170 1980 5490 5000
3170 1980 5490 5000
3190 1990 5480 5000
3200 1970 5480 4990
3210 1970 5480 5000
3190 1990 5480 5000
3190 1990 5480 5000
3190 1990 5480 5000
3190 2000 5480 4990
3180 2000 5490 4990
3200 2000 5490 4990
3200 1980 5490 5000
3200 1980 5480 5000
3190 1980 5480 5000
3190 1970 5470 4970
3200 1970 5470 4980
3210 1980 5480 4990
3200 1970 5470 4980
3210 1970 5470 4990
3210 1990 5470 4990
3210 2000 5470 4990
3200 1970 5480 4990
3200 1990 5480 4980
3200 2000 5470 4990
3200 1990 5470 4990
3200 1980 5470 5000
3190 1980 5480 4990
3190 1990 5480 4980
3200 1990 5480 4980
3200 1980 5480 4990
3200 1990 5480 4990
3190 2000 5480 5010
3200 1990 5480 5010
3200 1980 5480 5000
3200 1980 5490 5000
3200 1990 5490 4980
3200 2000 5490 4970
3210 2010 5490 4970
3220 2010 5480 4980
3210 2000 5480 4980
3210 1980 5490 4990
3210 1990 5490 4980
3210 1990 5480 4980
3190 1980 5470 4990
3200 1990 5460 4990
3200 1990 5470 4990
3190 1990 5470 4990
3190 1980 5480 4990
3190 1990 5480 4980
3190 2000 5480 4970
3190 1990 5480 4970
3190 1990 5480 4970
3190 1990 5480 4970
3190 2000 5480 4970
3190 2010 5480 4980
3190 2000 5480 4980
3200 2000 5480 4980
3200 2000 5470 4980
3200 1980 5470 4970
3200 1970 5470 4980
3210 1970 5470 4980
3190 1970 5480 4980
3190 1980 5470 4980
3190 1980 5470 4970
3190 1990 5470 4960
3200 1990 5470 4970
3190 1980 5470 4970
3190 1990 5470 4980
3200 2000 5470 4980
3200 1990 5470 4970
3200 1980 5470 4980
3200 1980 5470 4980
3200 1970 5470 4970
3190 1980 5470 4980
3200 1980 5470 4990
3190 1990 5470 4990
3190 1980 5470 4990
3190 1980 5470 4990
3190 1980 5470 4980
3190 1970 5470 4980
3190 1980 5470 4990
3190 1990 5470 4980
3190 1990 5480 4990
3190 1990 5480 4980
3180 1990 5470 4980
3180 2000 5470 4980
3180 2000 5470 4970
3180 2000 5470 4970
3180 2000 5470 4970
3180 2000 5470 4970
3170 1990 5470 4970
3180 2000 5470 4970
3190 1990 5470 4970
3190 1980 5470 4980
3190 1980 5470 4990
3190 1990 5470 4980
3190 2000 5470 4980
3190 1990 5480 4970
3190 1990 5470 4980
3190 2000 5470 4990
3190 2000 5470 4990
3190 1980 5470 4990
3200 1990 5470 4970
3210 1990 5480 4980
3210 1990 5480 4990
3210 1990 5480 4990
3210 1980 5480 4990
3200 1970 5480 4990
3200 1970 5480 4990
3180 1970 5480 4990
3180 1980 5490 4990
3200 1990 5490 4990
3200 1970 5490 4980
3190 1970 5490 4980
3190 1990 5490 4970
3190 1990 5490 4980
3190 1990 5490 4990
3210 1990 5490 4970
3210 2000 5490 4980
3200 1990 5480 4980
3190 1980 5480 4980
3190 1970 5480 4990
3190 1980 5480 4980
3190 1980 5480 4970
3190 1980 5480 4980
3190 1970 5480 4980
3190 1970 5480 4980
3190 1970 5480 4980
3190 1970 5480 4970
3190 1980 5480 4980
3200 1990 5480 4970
3190 2000 5480 4980
3200 2000 5480 4980
3200 1990 5480 4970
3200 1990 5480 4980
3200 1980 5480 4980
3190 1970 5480 4980
