3730 1510 5750 4780
3730 1470 5750 4770
3720 1470 5750 4770
3710 1450 5760 4780
3710 1450 5760 4780
3710 1460 5760 4780
3710 1460 5760 4770
3700 1470 5760 4770
3710 1470 5760 4780
3710 1470 5760 4780
3710 1470 5760 4770
3710 1460 5760 4760
3710 1490 5750 4770
3720 1490 5750 4770
3720 1460 5750 4770
3720 1470 5750 4780
3730 1470 5750 4780
3720 1490 5750 4780
3710 1490 5740 4790
3720 1470 5750 4790
3710 1470 5750 4780
3710 1460 5750 4780
3710 1460 5760 4780
3720 1470 5760 4790
3720 1470 5740 4790
3710 1470 5740 4790
3710 1460 5750 4780
3720 1460 5750 4780
3720 1460 5750 4790
3730 1490 5760 4790
3730 1490 5750 4790
3720 1500 5750 4790
3720 1490 5750 4790
3720 1500 5760 4780
3710 1490 5760 4780
3700 1500 5760 4780
3700 1500 5760 4780
3710 1510 5760 4780
3720 1510 5760 4780
3720 1470 5750 4780
3710 1460 5750 4780
3700 1490 5760 4790
3710 1500 5760 4790
3710 1490 5750 4780
3720 1470 5760 4790
3720 1460 5760 4790
3730 1450 5760 4790
3730 1460 5760 4780
3730 1460 5760 4770
3720 1450 5760 4770
3720 1470 5760 4770
3720 1460 5750 4780
3710 1470 5750 4780
3710 1470 5750 4780
3720 1470 5750 4780
3710 1460 5750 4780
3710 1470 5750 4770
3710 1460 5760 4770
3710 1460 5760 4760
3710 1460 5760 4760
3720 1490 5760 4760
3710 1490 5760 4770
3720 1490 5750 4770
3730 1490 5750 4770
3730 1490 5750 4760
3720 1490 5750 4770
3720 1470 5750 4770
3710 1490 5750 4760
3720 1490 5750 4770
3720 1470 5760 4770
3710 1490 5760 4770
3710 1490 5750 4770
3720 1500 5750 4760
3720 1500 5750 4760
3730 1490 5750 4760
3720 1490 5760 4770
3700 1490 5760 4770
3700 1490 5760 4770
3710 1470 5750 4770
3720 1460 5750 4780
3710 1470 5740 4780
3710 1470 5750 4780
3720 1490 5750 4780
3720 1490 5750 4770
3730 1470 5750 4760
3720 1490 5750 4770
3730 1500 5750 4760
3740 1490 5750 4780
3740 1500 5740 4780
3740 1490 5750 4780
3740 1490 5750 4780
3740 1490 5750 4770
3730 1470 5750 4770
3720 1470 5750 4760
3720 1460 5750 4760
3710 1460 5750 4760
3720 1460 5750 4760
3710 1450 5750 4750
3710 1470 5750 4760
3720 1490 5750 4760
3720 1500 5750 4750
3720 1490 5760 4760
3720 1470 5760 4760
3720 1470 5750 4760
3720 1470 5760 4760
3730 1460 5760 4760
3720 1460 5750 4770
3720 1470 5750 4770
3720 1460 5750 4770
3710 1490 5750 4770
3710 1490 5750 4780
3710 1490 5750 4780
3710 1490 5750 4780
3720 1490 5750 4780
3720 1460 5750 4790
3720 1470 5750 4790
3730 1470 5750 4770
3720 1470 5750 4770
3720 1470 5750 4760
3720 1470 5740 4760
3720 1470 5750 4770
3720 1470 5750 4770
3710 1460 5750 4760
3710 1460 5740 4760
3710 1460 5740 4770
3710 1470 5750 4780
3730 1470 5750 4780
3720 1470 5750 4770
3720 1460 5750 4770
3720 1470 5740 4770
3720 1470 5740 4770
3720 1460 5750 4770
3720 1460 5750 4760
3710 1460 5740 4780
3720 1470 5750 4770
3720 1490 5760 4770
3720 1470 5760 4770
3720 1470 5760 4770
3720 1470 5750 4770
3720 1470 5740 4770
3710 1460 5740 4760
3710 1460 5750 4770
3710 1470 5750 4770
3710 1490 5750 4770
3710 1490 5750 4770
3710 1500 5750 4770
3700 1490 5750 4760
3710 1470 5760 4750
3710 1460 5760 4760
3710 1450 5760 4760
3710 1470 5760 4770
3710 1460 5760 4770
3720 1460 5760 4760
3700 1450 5760 4760
3700 1490 5760 4760
3700 1490 5760 4760
3710 1460 5750 4770
3720 1470 5750 4760
3720 1460 5750 4760
3720 1470 5750 4760
3730 1470 5750 4750
3720 1470 5750 4760
3720 1470 5750 4760
3720 1490 5750 4750
3730 1470 5750 4750
3730 1470 5750 4750
3720 1490 5750 4760
3710 1470 5750 4760
3730 1460 5760 4760
3720 1470 5750 4770
3730 1490 5750 4770
3730 1470 5750 4770
3730 1450 5750 4760
3720 1450 5750 4760
3720 1460 5750 4770
3720 1470 5750 4770
3720 1470 5740 4770
3730 1450 5750 4770
3730 1450 5760 4770
3730 1450 5760 4780
3720 1450 5750 4770
3720 1450 5760 4760
3720 1460 5760 4760
