3790 1700 5300 4320
3780 1690 5310 4310
3780 1680 5310 4300
3770 1680 5310 4290
3770 1700 5310 4300
3780 1690 5310 4300
3780 1670 5300 4300
3780 1660 5300 4310
3780 1660 5300 4310
3780 1660 5310 4300
3790 1660 5320 4290
3780 1650 5300 4300
3780 1650 5310 4300
3780 1640 5310 4320
3780 1660 5300 4320
3770 1660 5300 4320
3770 1650 5310 4320
3770 1640 5310 4320
3780 1660 5310 4310
3780 1690 5300 4310
3770 1690 5300 4310
3770 1690 5310 4310
3780 1680 5310 4300
3780 1680 5320 4290
3780 1680 5330 4290
3780 1670 5320 4290
3780 1690 5310 4290
3780 1680 5310 4290
3780 1660 5310 4300
3780 1680 5300 4300
3780 1660 5300 4290
3780 1680 5300 4300
3780 1680 5300 4290
3780 1680 5290 4290
3780 1680 5300 4300
3770 1670 5290 4300
3770 1680 5280 4300
3770 1660 5280 4310
3780 1670 5300 4300
3780 1660 5300 4290
3780 1690 5300 4290
3780 1720 5290 4300
3780 1700 5290 4290
3780 1710 5290 4300
3780 1710 5300 4300
3780 1700 5310 4310
3780 1690 5310 4330
3780 1670 5310 4320
3780 1670 5310 4310
3770 1670 5310 4310
3770 1680 5310 4310
3770 1670 5310 4310
3770 1670 5310 4300
3780 1670 5310 4290
3780 1690 5320 4300
3780 1680 5320 4310
3780 1670 5310 4300
3780 1670 5310 4300
3780 1670 5310 4300
3780 1670 5310 4290
3770 1670 5320 4300
3780 1680 5330 4290
3770 1690 5320 4300
3780 1670 5320 4300
3780 1680 5320 4300
3790 1660 5330 4310
3790 1670 5320 4310
3780 1650 5320 4300
3780 1660 5320 4300
3780 1660 5310 4300
3770 1660 5300 4300
3770 1680 5300 4290
3780 1700 5290 4270
3780 1700 5290 4270
3780 1700 5290 4270
3780 1700 5300 4290
3780 1690 5300 4300
3780 1700 5300 4300
3780 1690 5300 4300
3770 1700 5300 4310
3770 1680 5310 4320
3770 1690 5310 4320
3770 1690 5310 4310
3770 1680 5300 4310
3770 1690 5310 4310
3770 1700 5320 4300
3770 1680 5310 4310
3770 1680 5310 4310
3770 1680 5310 4310
3770 1690 5320 4310
3770 1680 5330 4300
3780 1680 5320 4300
3770 1680 5320 4310
3770 1680 5320 4310
3770 1690 5320 4310
3770 1680 5320 4310
3770 1680 5320 4300
3770 1690 5330 4300
3770 1670 5330 4300
3780 1670 5330 4290
3780 1680 5320 4290
3780 1690 5320 4290
3780 1700 5320 4300
3780 1700 5310 4290
3770 1700 5310 4290
3780 1700 5330 4300
3770 1710 5330 4290
3770 1710 5330 4290
3770 1700 5330 4300
3770 1700 5330 4310
3770 1710 5340 4310
3770 1710 5330 4300
3770 1690 5330 4300
3770 1680 5320 4300
3770 1680 5330 4300
3770 1690 5330 4300
3770 1690 5330 4300
3770 1690 5330 4300
3770 1700 5340 4290
3760 1700 5320 4290
3760 1680 5320 4290
3760 1680 5320 4290
3760 1660 5320 4300
3750 1680 5320 4300
3760 1670 5310 4300
3760 1670 5300 4300
3770 1670 5300 4300
3770 1670 5300 4310
3770 1690 5320 4300
3770 1680 5320 4310
3770 1680 5320 4300
3760 1690 5310 4300
3770 1670 5320 4300
3770 1670 5310 4290
3770 1660 5310 4290
3770 1660 5310 4290
3770 1670 5300 4300
3770 1670 5290 4300
3770 1660 5290 4300
3770 1660 5290 4310
3770 1660 5310 4310
3760 1650 5320 4300
3770 1650 5330 4300
3770 1670 5320 4310
3770 1670 5330 4310
3770 1690 5320 4310
3770 1680 5320 4300
3770 1660 5320 4290
3770 1690 5320 4300
3770 1690 5320 4310
3770 1680 5310 4300
3780 1680 5310 4290
3770 1690 5320 4290
3770 1680 5320 4300
3770 1690 5330 4300
3770 1690 5320 4300
3770 1680 5320 4310
3770 1670 5310 4310
3770 1660 5310 4320
3770 1680 5310 4310
3770 1670 5310 4310
3770 1690 5300 4310
3770 1690 5300 4310
3770 1690 5300 4310
3760 1700 5300 4300
3760 1670 5310 4300
3760 1680 5320 4300
3760 1690 5330 4300
3760 1680 5330 4300
3770 1660 5310 4300
3770 1650 5310 4290
3780 1650 5310 4290
3780 1650 5320 4300
3770 1660 5310 4290
3770 1650 5310 4290
3770 1660 5310 4290
3760 1660 5310 4300
3770 1670 5310 4290
3770 1670 5310 4300
3770 1670 5320 4310
3770 1680 5320 4310
3780 1680 5330 4300
3770 1660 5320 4310
3770 1650 5320 4310
3770 1650 5320 4310
3780 1670 5320 4310
3780 1680 5310 4300
3780 1680 5310 4300
