1580 4770 3630 5620
1580 4760 3610 5620
1570 4760 3620 5610
1570 4760 3620 5610
1580 4760 3620 5610
1570 4760 3600 5620
1570 4760 3590 5620
1570 4760 3590 5620
1580 4750 3600 5610
1590 4760 3600 5610
1590 4760 3600 5610
1590 4760 3600 5610
1580 4760 3600 5620
1570 4760 3610 5620
1560 4760 3610 5620
1560 4760 3620 5610
1580 4770 3620 5610
1580 4770 3620 5610
1580 4770 3620 5620
1570 4770 3610 5610
1570 4780 3620 5610
1570 4770 3620 5610
1570 4770 3620 5610
1590 4770 3610 5610
1590 4770 3610 5610
1580 4760 3600 5600
1570 4760 3610 5610
1560 4760 3600 5610
1550 4760 3600 5610
1550 4760 3600 5600
1530 4770 3610 5600
1530 4770 3610 5600
1530 4770 3610 5610
1530 4760 3610 5620
1540 4770 3610 5620
1540 4770 3610 5620
1540 4770 3610 5620
1540 4770 3610 5620
1540 4760 3600 5620
1540 4760 3600 5630
1540 4770 3590 5620
1550 4770 3600 5610
1550 4770 3590 5610
1560 4760 3600 5630
1560 4760 3600 5630
1550 4760 3610 5630
1550 4760 3610 5620
1560 4760 3600 5620
1550 4770 3600 5620
1550 4770 3600 5620
1560 4770 3600 5620
1560 4770 3600 5610
1570 4770 3600 5610
1570 4770 3600 5620
1560 4770 3600 5610
1560 4770 3610 5620
1560 4770 3600 5620
1560 4770 3610 5630
1580 4760 3610 5630
1580 4760 3610 5630
1580 4760 3610 5620
1580 4760 3600 5620
1580 4760 3600 5620
1570 4760 3600 5620
1570 4760 3600 5630
1580 4760 3600 5620
1580 4760 3600 5610
1580 4760 3610 5620
1580 4760 3610 5620
1580 4770 3600 5610
1570 4760 3600 5610
1560 4760 3600 5620
1560 4760 3600 5620
1560 4760 3600 5620
1560 4760 3610 5630
1560 4760 3600 5620
1560 4750 3600 5620
1550 4750 3600 5620
1560 4760 3610 5620
1560 4760 3610 5620
1560 4760 3610 5640
1560 4760 3610 5640
1560 4760 3610 5640
1560 4760 3610 5630
1560 4770 3610 5630
1560 4770 3610 5630
1570 4760 3610 5630
1560 4760 3610 5630
1560 4760 3600 5620
1570 4760 3600 5610
1580 4760 3620 5620
1580 4760 3610 5620
1570 4760 3610 5620
1570 4770 3610 5610
1570 4760 3610 5620
1570 4760 3600 5620
1570 4760 3600 5620
1570 4760 3590 5620
1560 4760 3600 5620
1550 4760 3610 5620
1560 4760 3610 5620
1560 4760 3610 5620
1570 4760 3610 5630
1570 4760 3600 5630
1570 4750 3600 5640
1560 4750 3600 5630
1570 4750 3600 5620
1570 4760 3590 5620
1570 4760 3590 5620
1560 4760 3600 5620
1560 4760 3600 5620
1560 4770 3600 5610
1570 4760 3590 5620
1570 4760 3590 5620
1570 4760 3590 5620
1570 4760 3590 5610
1570 4760 3610 5610
1570 4770 3610 5610
1560 4770 3610 5620
1560 4770 3610 5620
1560 4770 3610 5630
1550 4760 3610 5620
1550 4760 3600 5630
1560 4760 3590 5620
1550 4760 3590 5630
1560 4750 3600 5620
1570 4750 3600 5620
1570 4750 3600 5610
1570 4750 3610 5620
1550 4760 3610 5620
1560 4760 3610 5630
1560 4760 3610 5630
1580 4760 3610 5620
1590 4760 3600 5620
1580 4760 3600 5620
1580 4760 3600 5610
1570 4760 3600 5620
1570 4760 3600 5620
1560 4760 3590 5620
1550 4760 3590 5630
1570 4760 3600 5620
1560 4760 3610 5620
1560 4760 3610 5620
1560 4760 3620 5620
1560 4760 3610 5610
1560 4770 3600 5610
1560 4760 3600 5610
1560 4760 3600 5630
1570 4750 3600 5620
1570 4750 3600 5620
1560 4750 3610 5620
1580 4750 3610 5620
1570 4760 3610 5630
1570 4770 3620 5630
1580 4770 3620 5630
1580 4770 3610 5620
1570 4770 3610 5630
1570 4760 3610 5630
1570 4760 3610 5630
1590 4760 3600 5620
1590 4770 3600 5620
1590 4770 3610 5620
1600 4780 3610 5610
1600 4780 3600 5620
1600 4780 3610 5620
1590 4770 3610 5620
1590 4770 3620 5620
1610 4760 3610 5620
1610 4760 3610 5620
1610 4760 3610 5620
1610 4750 3600 5620
1600 4760 3600 5620
1600 4760 3600 5620
