4020 4700 2630 3280
4020 4700 2640 3280
4020 4700 2640 3280
4020 4700 2640 3280
4010 4700 2640 3280
4020 4700 2650 3290
4020 4710 2650 3290
4020 4700 2640 3290
4020 4680 2630 3290
4020 4680 2630 3290
4020 4700 2630 3280
4020 4690 2630 3280
4020 4690 2630 3280
4020 4690 2630 3290
4010 4690 2630 3290
4010 4690 2630 3300
4020 4700 2630 3300
4020 4700 2630 3290
4030 4690 2630 3290
4020 4690 2630 3280
4030 4690 2630 3290
4030 4690 2630 3280
4030 4690 2630 3290
4030 4690 2630 3280
4030 4690 2630 3280
4020 4690 2630 3280
4020 4690 2630 3280
4020 4690 2630 3280
4020 4690 2630 3290
4030 4680 2630 3290
4020 4690 2630 3300
4020 4690 2640 3290
4020 4690 2630 3290
4010 4690 2630 3270
4010 4690 2630 3270
4020 4690 2620 3270
4020 4690 2620 3270
4010 4690 2620 3270
4020 4690 2620 3270
4020 4690 2620 3280
4020 4680 2630 3280
4030 4680 2630 3280
4030 4690 2630 3290
4020 4690 2640 3290
4020 4700 2650 3290
4020 4700 2650 3300
4020 4700 2640 3290
4020 4690 2640 3290
4020 4700 2640 3290
4020 4690 2630 3290
4020 4680 2630 3280
4020 4690 2630 3280
4020 4680 2630 3280
4020 4690 2630 3280
4020 4690 2630 3280
4020 4690 2630 3290
4010 4690 2630 3290
4020 4690 2630 3290
4020 4700 2630 3290
4030 4710 2640 3300
4030 4700 2630 3290
4030 4690 2630 3290
4030 4690 2630 3300
4030 4690 2630 3290
4030 4690 2620 3290
4020 4690 2620 3280
4020 4680 2620 3280
4020 4680 2620 3270
4030 4680 2620 3270
4030 4680 2620 3280
4020 4680 2620 3290
4020 4680 2630 3280
4020 4670 2620 3280
4020 4690 2620 3280
4030 4690 2620 3290
4030 4690 2620 3300
4030 4680 2630 3300
4030 4680 2640 3300
4040 4670 2650 3290
4040 4680 2650 3290
4040 4680 2650 3290
4030 4680 2640 3290
4030 4680 2640 3290
4030 4680 2640 3300
4030 4680 2640 3300
4020 4670 2640 3300
4020 4670 2630 3290
4020 4680 2630 3290
4020 4680 2630 3280
4020 4680 2630 3280
4010 4680 2630 3280
4010 4690 2630 3280
4010 4690 2630 3290
4010 4690 2630 3290
4010 4690 2630 3290
4010 4690 2630 3290
4010 4690 2630 3280
4010 4690 2630 3280
4010 4680 2640 3280
4010 4680 2640 3290
4010 4680 2640 3290
4010 4700 2640 3290
4000 4700 2640 3290
4000 4700 2640 3290
4000 4700 2640 3300
4010 4700 2640 3300
4020 4690 2640 3290
4020 4680 2630 3280
4010 4680 2630 3290
4010 4680 2630 3290
4010 4680 2620 3290
4010 4700 2620 3290
4010 4700 2620 3280
4010 4700 2620 3280
4020 4690 2630 3280
4020 4690 2630 3290
4020 4690 2630 3290
4020 4690 2640 3290
4020 4690 2640 3290
4020 4680 2650 3280
4020 4690 2640 3270
4020 4700 2630 3280
4020 4700 2630 3280
4020 4710 2630 3270
4020 4710 2630 3270
4020 4700 2630 3280
4020 4700 2630 3270
4020 4700 2630 3270
4010 4690 2630 3270
4010 4690 2640 3270
4020 4690 2650 3270
4020 4700 2650 3270
4020 4700 2650 3270
4020 4700 2640 3270
4020 4700 2640 3270
4020 4700 2630 3280
4020 4710 2630 3270
4010 4700 2630 3270
4010 4700 2630 3280
4010 4700 2630 3280
4010 4700 2630 3280
4010 4710 2630 3280
4010 4710 2630 3290
4010 4710 2620 3280
4010 4710 2630 3280
4010 4700 2630 3280
4010 4710 2620 3280
4010 4720 2620 3280
4010 4710 2620 3280
4010 4700 2630 3280
4020 4700 2630 3280
4010 4710 2630 3280
4010 4700 2630 3280
4000 4700 2630 3280
4000 4700 2630 3280
4000 4700 2630 3270
4000 4690 2640 3270
4010 4680 2640 3280
4020 4690 2640 3290
4020 4680 2640 3290
4020 4680 2640 3290
4020 4690 2640 3290
4020 4690 2640 3280
4020 4690 2640 3280
4020 4690 2640 3290
4020 4690 2630 3280
4020 4710 2640 3290
4010 4700 2630 3290
4020 4700 2640 3280
4020 4700 2640 3280
4020 4700 2630 3280
4030 4720 2630 3280
4030 4710 2630 3280
4040 4710 2630 3280
4030 4700 2630 3280
4030 4690 2630 3280
4030 4700 2630 3280
4030 4690 2630 3290
4030 4690 2630 3290
4030 4690 2630 3300
4030 4690 2630 3300
4030 4680 2640 3300
4030 4690 2640 3290
4020 4690 2640 3290
4010 4680 2640 3290
4010 4690 2640 3300
4030 4690 2640 3290
4020 4700 2630 3270
