3980 2010 4970 3870
3990 2000 4960 3870
3990 1990 4960 3870
3990 1990 4970 3870
3990 1990 4970 3880
3990 2000 4970 3880
3980 1990 4970 3870
3960 2000 4980 3870
3960 2000 4970 3870
3980 1980 4970 3880
3980 1970 4970 3870
3960 1980 4970 3870
3960 1980 4970 3860
3950 1990 4970 3860
3950 1990 4980 3860
3950 1990 4970 3860
3960 2000 4970 3860
3960 2000 4980 3870
3980 2000 4980 3870
3980 1990 4970 3870
3980 1990 4970 3870
3960 1980 4970 3870
3950 1980 4970 3870
3950 1980 4970 3880
3950 1980 4970 3870
3950 1980 4970 3870
3950 1980 4980 3880
3950 1970 4970 3870
3960 1970 4970 3870
3960 1980 4960 3870
3960 1970 4960 3870
3960 1970 4960 3870
3960 1970 4970 3870
3960 1970 4970 3870
3980 1970 4970 3860
3980 1980 4980 3870
3960 1970 4990 3870
3960 1970 4990 3870
3960 1970 4990 3880
3960 1980 4980 3880
3980 1980 4980 3870
3980 1980 4970 3870
3980 1990 4980 3870
3980 1990 4980 3870
3980 1990 4980 3870
3960 1990 4970 3870
3980 1990 4980 3870
3980 1980 4980 3880
3980 1980 4970 3870
3990 1980 4970 3870
3990 1990 4980 3870
3990 1990 4980 3870
4000 1990 4980 3870
3990 2000 4980 3880
3980 1980 4970 3870
3990 1990 4970 3870
3980 1980 4960 3860
3980 1990 4970 3860
3980 1980 4960 3860
3980 1970 4970 3860
3990 1990 4970 3860
3990 1980 4970 3860
3980 1990 4960 3870
3980 1980 4960 3870
3990 1990 4970 3860
3990 1980 4960 3870
3980 1970 4950 3870
3980 1990 4970 3870
3980 1990 4980 3880
3980 1990 4980 3870
3980 1990 4970 3870
3980 1990 4980 3870
3980 1990 4970 3870
3990 2000 4960 3870
3990 2000 4960 3870
3990 2000 4960 3870
3980 2010 4960 3870
3990 2000 4970 3870
3990 2000 4970 3870
3990 1990 4980 3870
3990 1990 4960 3870
3990 1980 4980 3870
3980 1980 4970 3870
3980 1980 4980 3870
3960 1990 4970 3880
3960 1990 4970 3870
3960 1990 4970 3870
3960 1990 4990 3870
3960 1990 4990 3870
3960 1990 4990 3870
3960 2000 4990 3870
3960 2000 4990 3870
3960 1980 4990 3870
3960 1980 4980 3870
3960 1980 4980 3870
3950 1990 4980 3870
3960 1980 4980 3870
3960 1990 4990 3880
3960 1980 4990 3870
3980 1980 4990 3870
3960 1970 4990 3870
3960 1980 4990 3870
3960 1970 4990 3870
3960 1980 4980 3870
3960 1970 4970 3870
3960 1980 4980 3870
3960 1990 4990 3870
3960 2000 4980 3870
3960 1990 4980 3860
3960 1990 4980 3870
3960 1990 4990 3860
3960 1980 4990 3870
3960 1970 4990 3870
3980 1980 4990 3870
3980 1970 4980 3870
3960 1980 4970 3870
3980 1980 4970 3870
3990 1980 4960 3870
3980 1970 4970 3870
3980 1970 4970 3880
3980 1970 4980 3880
3980 1980 4970 3880
3980 1990 4980 3870
3980 2000 4980 3870
3980 2000 4970 3870
3980 1990 4970 3880
3980 1990 4980 3880
3960 2000 4990 3870
3960 1990 4980 3860
3950 1990 4970 3860
3950 1990 4980 3870
3950 2000 4980 3870
3960 2000 4990 3870
3960 2000 4990 3870
3960 1990 4990 3870
3960 1990 4990 3870
3960 1990 5000 3870
3960 2000 4990 3880
3960 2000 4980 3880
3960 2000 4980 3880
3960 2000 4980 3870
3960 1990 4980 3870
3960 1980 4980 3870
3960 1970 5000 3870
3960 1970 4990 3870
3960 1980 4990 3870
3960 1990 4980 3870
3950 1990 4980 3870
3950 1990 4990 3870
3950 1980 4980 3870
3950 1970 4990 3870
3960 1970 4990 3870
3960 1980 4990 3870
3960 1980 4990 3880
3980 1990 4980 3880
3980 1980 4980 3880
3980 1990 4990 3870
3980 1990 4990 3870
3980 1980 4980 3870
3980 1990 4990 3860
3980 1980 4990 3870
3980 1970 4990 3870
3980 1970 4980 3870
3980 1970 4980 3870
3980 1970 4980 3870
3980 1980 4970 3870
3980 1980 4970 3880
3960 1970 4980 3880
3980 1980 4990 3880
3980 1970 4990 3880
3980 1980 4990 3880
3980 1980 4990 3870
3990 1980 4980 3870
3980 1980 4980 3870
3980 1970 4970 3870
3980 1980 4990 3870
3980 1990 4980 3870
3980 1990 4970 3870
3980 1990 4970 3870
3980 1980 4960 3870
3980 1990 4970 3870
3960 1990 4970 3870
3980 1990 4980 3880
3980 2000 4980 3880
3980 2000 4990 3870
3980 1990 4980 3870
3980 1990 4970 3870
3980 1980 4980 3870
3980 1990 4970 3870
3980 1970 4970 3870
3980 1970 4980 3870
3980 1990 4970 3870
3980 1990 4970 3880
3980 1970 4980 3880
3980 1980 4980 3880
3980 1980 4970 3870
3980 1990 4980 3870
3980 1980 4980 3870
3980 1980 4970 3860
3980 1980 4970 3860
3960 1990 4970 3860
3960 1990 4980 3860
3960 1980 4980 3860
3960 1970 4970 3860
3960 1960 4970 3870
3960 1970 4960 3860
3950 1970 4960 3860
3950 1980 4960 3860
3950 1970 4960 3860
3950 1970 4980 3870
3950 1980 4970 3870
3950 1990 4970 3870
3950 1980 4970 3870
3960 1990 4970 3870
3960 2000 4960 3880
3960 1990 4970 3880
3960 1980 4980 3880
3960 1970 4970 3880
3980 1970 4970 3880
3980 1970 4970 3870
3980 1980 4960 3870
3990 1970 4960 3860
3980 1980 4960 3860
3980 1970 4960 3870
3990 1980 4970 3870
3990 1980 4970 3870
3990 1990 4980 3870
3990 1990 4970 3870
3990 1990 4980 3870
3960 1970 4980 3870
3960 1960 4990 3860
3980 1970 4990 3860
3980 1980 4980 3860
3980 1980 4970 3870
3980 1980 4970 3870
3980 1980 4970 3870
3980 1980 4980 3870
3990 1980 4990 3870
3980 1980 4990 3870
3980 1980 4990 3870
3980 1990 4980 3860
3980 1980 4980 3860
3980 1980 4970 3870
3960 1980 4970 3870
3980 1980 4970 3870
3980 1990 4970 3870
3980 1990 4960 3870
3980 1990 4960 3870
3980 1990 4960 3870
3960 1990 4970 3880
3960 1990 4980 3880
3990 1980 4980 3880
4000 1980 4970 3870
4000 1980 4980 3870
4000 1990 4980 3870
3990 1990 4970 3870
3990 1980 4980 3870
3980 1990 4980 3870
3980 1990 4980 3880
3990 1990 4990 3880
3990 1980 4990 3870
4000 1970 4990 3880
3990 1980 4990 3870
3980 1980 4980 3870
3990 1980 4980 3870
3990 1990 4990 3870
3980 1970 4980 3870
3980 1980 4980 3870
3990 1980 4980 3870
3980 1980 4990 3870
3980 1980 4980 3870
3990 1990 4980 3870
3980 2000 4990 3870
3990 1990 4990 3870
3990 1990 4990 3880
3990 1990 4980 3880
3990 1980 4990 3880
3990 1970 4990 3880
3990 1980 4990 3870
4000 1980 4980 3870
4000 1990 4970 3870
4000 1990 4960 3870
4000 1990 4960 3870
4000 1990 4960 3870
4000 1990 4960 3870
4000 1990 4970 3870
4000 1990 4970 3870
4000 1990 4980 3870
3990 1990 4990 3870
4000 1970 4980 3870
4000 1960 4980 3870
3990 1980 4980 3870
3980 1990 4980 3880
3990 1980 4990 3870
3980 1980 4990 3870
3980 1990 4990 3880
3980 1980 4980 3870
3980 1990 4990 3870
3980 1990 4990 3870
3980 1990 4980 3870
3990 1980 4990 3880
3990 1980 4990 3870
3980 1970 4980 3870
3980 1970 4970 3870
3980 1970 4980 3870
3980 1980 4990 3880
3980 1980 5000 3870
3980 1980 4990 3870
3960 1990 4980 3870
3960 2000 4970 3870
3960 2020 4970 3870
3980 1990 4980 3870
