4180 2460 4620 3410
4170 2450 4620 3410
4170 2440 4620 3410
4170 2430 4610 3400
4170 2420 4610 3400
4170 2420 4610 3410
4170 2420 4610 3420
4180 2420 4610 3420
4180 2420 4610 3420
4180 2420 4610 3420
4180 2430 4610 3420
4180 2430 4620 3420
4180 2420 4620 3420
4180 2430 4610 3420
4190 2400 4610 3420
4190 2400 4610 3410
4190 2400 4610 3410
4180 2390 4610 3410
4180 2390 4610 3410
4180 2420 4610 3400
4180 2420 4610 3410
4180 2420 4610 3420
4190 2420 4610 3420
4190 2430 4610 3420
4200 2430 4620 3410
4200 2420 4630 3410
4190 2420 4630 3410
4190 2420 4630 3410
4190 2400 4630 3410
4190 2400 4630 3410
4180 2400 4630 3410
4180 2420 4630 3410
4180 2430 4630 3420
4180 2430 4630 3420
4180 2440 4630 3410
4170 2430 4630 3410
4170 2430 4630 3410
4170 2420 4630 3410
4180 2420 4630 3410
4180 2400 4630 3410
4180 2430 4640 3410
4190 2430 4640 3410
4180 2420 4650 3410
4180 2420 4640 3410
4180 2420 4630 3410
4170 2420 4630 3410
4170 2420 4630 3410
4170 2420 4630 3420
4170 2400 4630 3420
4170 2400 4620 3410
4170 2420 4630 3410
4180 2400 4630 3410
4180 2400 4620 3410
4190 2420 4630 3420
4180 2420 4630 3420
4180 2420 4630 3420
4180 2420 4630 3420
4170 2430 4620 3420
4170 2420 4620 3410
4180 2420 4620 3410
4180 2430 4630 3410
4170 2420 4630 3410
4180 2420 4630 3420
4180 2430 4630 3420
4180 2430 4630 3420
4180 2420 4620 3420
4180 2420 4620 3420
4180 2420 4610 3420
4180 2400 4610 3420
4180 2400 4620 3420
4180 2400 4620 3420
4180 2400 4620 3420
4190 2400 4620 3420
4190 2420 4620 3410
4190 2420 4620 3410
4190 2420 4610 3410
4180 2420 4630 3410
4180 2420 4630 3410
4170 2420 4630 3410
4180 2430 4630 3410
4180 2420 4630 3410
4170 2420 4630 3400
4170 2420 4630 3400
4170 2400 4630 3400
4180 2400 4630 3410
4170 2430 4620 3410
4180 2430 4620 3410
4170 2430 4610 3410
4170 2420 4610 3410
4180 2400 4630 3410
4180 2400 4630 3410
4180 2420 4630 3410
4180 2420 4630 3410
4180 2430 4630 3410
4180 2430 4630 3410
4180 2430 4630 3420
4170 2420 4630 3420
4170 2420 4630 3410
4180 2400 4620 3410
4180 2400 4610 3410
4180 2420 4610 3410
4180 2420 4620 3420
4180 2420 4620 3420
4170 2420 4620 3420
4180 2390 4640 3420
4180 2390 4640 3420
4190 2390 4640 3420
4190 2400 4630 3420
4180 2420 4620 3430
4180 2420 4620 3430
4180 2400 4610 3430
4180 2420 4620 3430
4180 2420 4620 3430
4180 2420 4620 3420
4180 2420 4620 3420
4180 2420 4620 3420
4180 2430 4620 3420
4180 2420 4610 3410
4180 2420 4610 3410
4180 2400 4620 3410
4180 2400 4620 3420
4180 2400 4630 3410
4180 2390 4630 3410
4180 2400 4630 3420
4180 2400 4620 3420
4180 2400 4620 3410
4180 2420 4610 3410
4180 2430 4620 3410
4180 2420 4630 3410
4170 2430 4630 3420
4170 2420 4630 3410
4180 2420 4630 3410
4180 2420 4630 3420
4180 2420 4620 3430
4180 2400 4610 3430
4180 2420 4620 3420
4180 2400 4620 3420
4180 2400 4620 3420
4190 2420 4630 3420
4190 2420 4630 3420
4180 2400 4630 3420
4180 2420 4640 3410
4180 2400 4640 3420
4180 2400 4630 3420
4180 2390 4630 3410
4190 2390 4630 3410
4200 2390 4630 3410
4200 2400 4640 3410
4180 2400 4640 3410
4180 2420 4640 3410
4180 2420 4630 3410
4170 2420 4630 3410
4170 2420 4630 3410
4170 2420 4630 3410
4170 2430 4630 3410
4170 2420 4640 3400
4180 2400 4630 3400
4180 2400 4630 3400
4180 2400 4640 3400
4180 2400 4640 3400
4180 2400 4640 3400
4180 2400 4630 3420
4180 2400 4630 3420
4170 2400 4630 3420
4180 2400 4630 3410
4180 2420 4630 3410
4180 2430 4630 3410
4180 2440 4640 3410
4180 2430 4640 3410
4180 2420 4630 3410
4180 2420 4630 3410
4170 2420 4630 3410
4170 2420 4630 3410
4180 2430 4650 3410
4170 2420 4640 3410
4170 2430 4640 3410
4170 2420 4630 3410
4180 2420 4630 3410
4180 2420 4630 3410
4180 2420 4630 3420
4180 2430 4630 3420
4180 2420 4630 3420
4170 2420 4630 3430
4170 2420 4640 3420
4180 2430 4630 3410
4180 2430 4630 3410
4180 2440 4640 3410
4180 2440 4630 3410
4160 2420 4630 3410
4170 2400 4630 3410
4170 2400 4620 3410
4170 2420 4620 3410
4170 2420 4630 3410
4170 2430 4630 3410
4170 2420 4620 3410
4170 2420 4620 3410
4170 2400 4630 3420
4170 2420 4630 3420
4180 2420 4630 3410
4170 2420 4630 3410
4170 2430 4630 3400
4170 2430 4630 3410
4180 2430 4630 3420
4180 2430 4620 3420
4180 2430 4610 3420
4180 2440 4610 3420
4180 2430 4620 3420
4180 2430 4620 3420
4180 2420 4620 3400
4180 2430 4620 3400
4180 2420 4620 3400
4180 2430 4620 3400
4180 2430 4620 3400
4170 2430 4620 3400
4170 2420 4620 3400
4170 2420 4620 3400
4170 2430 4620 3400
4180 2430 4620 3400
4180 2420 4620 3400
4180 2400 4610 3400
4180 2400 4610 3410
4180 2420 4610 3410
4180 2420 4610 3420
4180 2430 4610 3410
4170 2430 4620 3410
4170 2430 4610 3410
4170 2420 4610 3410
4180 2420 4620 3410
4180 2430 4620 3410
4170 2430 4610 3410
4180 2430 4620 3400
4180 2420 4620 3400
4180 2420 4620 3400
4180 2420 4620 3400
4190 2420 4620 3420
4190 2420 4620 3420
4190 2420 4630 3420
4190 2430 4630 3420
4190 2420 4630 3420
4180 2400 4630 3420
4180 2400 4630 3420
4170 2400 4630 3430
4170 2400 4630 3420
4180 2420 4630 3420
4180 2420 4630 3420
4180 2420 4630 3420
4180 2420 4630 3410
4180 2400 4630 3420
4190 2400 4630 3420
4180 2400 4630 3420
4170 2400 4630 3420
4160 2420 4630 3420
4170 2420 4630 3410
4170 2430 4630 3410
4170 2420 4630 3410
4170 2420 4630 3420
4170 2420 4620 3420
4170 2420 4620 3420
4160 2420 4630 3420
4160 2420 4630 3420
4170 2430 4630 3420
4170 2420 4630 3420
4180 2430 4630 3420
4170 2430 4630 3410
4170 2420 4640 3410
4170 2430 4640 3410
4170 2440 4640 3410
4170 2440 4640 3410
4170 2440 4640 3410
4170 2430 4630 3410
4170 2440 4640 3410
4170 2440 4630 3420
4170 2450 4630 3420
4160 2450 4630 3420
4170 2450 4630 3420
4170 2450 4620 3420
4170 2450 4620 3420
4170 2430 4620 3420
4170 2430 4650 3410
4160 2430 4640 3410
4160 2430 4630 3410
4170 2420 4630 3410
4170 2420 4630 3410
4170 2420 4630 3410
4170 2420 4630 3410
4170 2430 4640 3410
4170 2440 4640 3410
4170 2440 4630 3410
4170 2430 4630 3410
4170 2420 4630 3420
4170 2420 4620 3420
4170 2420 4620 3410
4170 2420 4620 3410
