4390 2860 4310 2920
4380 2850 4300 2920
4380 2860 4300 2910
4380 2850 4300 2910
4380 2850 4310 2920
4380 2850 4310 2920
4380 2860 4300 2920
4380 2860 4300 2930
4380 2860 4310 2930
4380 2870 4300 2930
4390 2870 4300 2930
4390 2860 4290 2930
4390 2850 4270 2930
4390 2840 4260 2930
4390 2840 4270 2930
4390 2850 4270 2930
4390 2860 4270 2930
4390 2860 4290 2930
4380 2850 4290 2930
4380 2850 4290 2930
4390 2860 4300 2930
4390 2860 4310 2930
4390 2860 4300 2930
4390 2860 4300 2930
4390 2870 4300 2930
4390 2870 4310 2930
4390 2870 4310 2930
4400 2870 4310 2930
4390 2850 4300 2930
4390 2850 4300 2930
4390 2850 4310 2920
4390 2850 4310 2920
4390 2850 4310 2920
4390 2850 4310 2920
4390 2850 4300 2930
4390 2860 4300 2930
4390 2850 4290 2930
4400 2840 4290 2930
4390 2840 4300 2930
4390 2850 4300 2920
4390 2850 4300 2920
4390 2850 4310 2920
4390 2850 4310 2920
4390 2850 4310 2920
4390 2850 4310 2920
4390 2850 4320 2920
4390 2850 4310 2920
4390 2850 4300 2920
4390 2850 4310 2920
4390 2850 4310 2920
4390 2850 4310 2920
4390 2860 4300 2920
4400 2850 4300 2910
4400 2860 4300 2920
4400 2850 4310 2910
4400 2850 4310 2920
4400 2850 4310 2920
4400 2840 4310 2920
4400 2850 4310 2910
4400 2850 4310 2910
4390 2860 4310 2910
4390 2860 4310 2920
4390 2870 4300 2920
4390 2860 4300 2930
4390 2860 4310 2930
4390 2850 4300 2930
4390 2860 4300 2920
4390 2850 4310 2920
4400 2860 4310 2920
4400 2850 4310 2920
4400 2860 4310 2920
4390 2860 4310 2920
4400 2850 4310 2930
4400 2860 4290 2930
4400 2850 4290 2930
4400 2840 4290 2940
4400 2840 4310 2940
4400 2840 4300 2940
4400 2830 4300 2940
4400 2830 4290 2940
4400 2850 4300 2930
4400 2850 4300 2920
4400 2860 4300 2920
4400 2860 4310 2920
4400 2860 4310 2920
4400 2870 4290 2920
4400 2870 4290 2920
4400 2870 4290 2920
4400 2870 4300 2920
4400 2850 4310 2930
4400 2840 4320 2920
4390 2840 4330 2920
4400 2850 4300 2920
4400 2850 4300 2920
4400 2850 4290 2930
4400 2850 4300 2930
4390 2860 4300 2930
4390 2870 4300 2930
4390 2870 4310 2930
4390 2870 4300 2930
4400 2870 4300 2930
4400 2870 4300 2930
4400 2870 4310 2930
4400 2860 4310 2930
4400 2850 4310 2930
4400 2850 4300 2930
4390 2850 4290 2930
4390 2850 4290 2930
4390 2860 4270 2930
4390 2860 4290 2930
4390 2860 4290 2930
4390 2860 4300 2930
4400 2870 4300 2940
4390 2870 4300 2940
4390 2870 4310 2930
4390 2870 4310 2930
4390 2860 4310 2930
4390 2860 4310 2940
4390 2860 4310 2940
4390 2860 4310 2940
4400 2870 4290 2930
4400 2870 4290 2930
4400 2850 4300 2940
4390 2860 4300 2940
4390 2850 4310 2920
4390 2860 4310 2930
4400 2860 4310 2940
4400 2870 4300 2940
4390 2880 4300 2940
4390 2880 4290 2940
4400 2880 4290 2930
4390 2880 4290 2930
4390 2870 4290 2930
4400 2860 4290 2930
4400 2860 4300 2930
4400 2870 4290 2930
4400 2870 4290 2930
4400 2870 4300 2940
4400 2860 4300 2940
4400 2870 4300 2940
4400 2870 4300 2940
4400 2870 4310 2940
4400 2870 4300 2940
4400 2870 4300 2940
4400 2860 4300 2940
4400 2870 4300 2950
4400 2860 4300 2930
4400 2870 4300 2930
4410 2870 4300 2930
4400 2870 4300 2930
4400 2870 4310 2930
4400 2870 4300 2930
4390 2870 4290 2930
4390 2870 4290 2930
4400 2880 4300 2930
4400 2870 4310 2930
4400 2860 4310 2930
4400 2870 4310 2940
4390 2870 4300 2930
4390 2860 4300 2940
4390 2850 4290 2940
4390 2840 4300 2940
4390 2850 4300 2940
4390 2860 4310 2930
4400 2860 4310 2930
4380 2850 4310 2940
4390 2860 4310 2940
4400 2860 4310 2950
4390 2870 4300 2940
4400 2870 4310 2930
4400 2870 4300 2940
4400 2870 4310 2940
4400 2860 4310 2940
4400 2870 4310 2930
4400 2870 4300 2930
4390 2870 4300 2930
4390 2880 4290 2930
