4700 3310 4030 2520
4710 3310 4030 2520
4710 3310 4030 2530
4710 3310 4030 2530
4710 3300 4030 2520
4710 3300 4030 2520
4710 3300 4040 2520
4710 3310 4030 2530
4710 3310 4030 2520
4710 3310 4030 2510
4710 3310 4030 2530
4710 3310 4030 2530
4700 3310 4030 2530
4700 3310 4030 2520
4700 3300 4030 2520
4710 3300 4030 2520
4700 3300 4040 2530
4700 3310 4030 2530
4700 3310 4030 2520
4700 3310 4030 2510
4710 3300 4030 2520
4710 3310 4040 2520
4710 3300 4040 2510
4710 3310 4030 2510
4710 3310 4030 2520
4710 3310 4030 2530
4710 3310 4030 2520
4710 3310 4030 2520
4710 3310 4030 2520
4710 3310 4030 2530
4710 3300 4030 2530
4710 3300 4030 2530
4710 3300 4030 2530
4700 3310 4030 2530
4700 3310 4030 2530
4700 3300 4040 2520
4700 3300 4030 2520
4700 3300 4030 2530
4710 3300 4030 2530
4710 3300 4030 2530
4710 3300 4030 2520
4710 3300 4030 2530
4700 3300 4040 2520
4700 3300 4040 2510
4710 3300 4040 2510
4710 3300 4030 2510
4710 3300 4030 2520
4700 3300 4030 2520
4700 3310 4030 2530
4700 3310 4030 2540
4710 3310 4030 2540
4710 3310 4030 2540
4710 3310 4040 2540
4710 3300 4030 2530
4710 3300 4030 2520
4710 3300 4030 2510
4710 3310 4030 2520
4710 3310 4030 2530
4710 3310 4030 2520
4710 3310 4030 2500
4720 3320 4020 2530
4720 3330 4030 2530
4720 3330 4030 2530
4710 3320 4030 2530
4710 3320 4040 2520
4710 3320 4030 2530
4710 3310 4030 2530
4710 3320 4030 2540
4710 3320 4030 2540
4700 3320 4030 2540
4700 3320 4040 2540
4700 3320 4030 2550
4710 3320 4040 2520
4710 3320 4030 2520
4710 3320 4030 2530
4710 3320 4030 2530
4700 3320 4030 2540
4700 3320 4030 2540
4700 3320 4030 2540
4700 3320 4030 2540
4710 3320 4030 2530
4710 3320 4030 2530
4710 3310 4040 2530
4710 3310 4040 2530
4700 3310 4040 2530
4700 3310 4040 2530
4700 3310 4040 2510
4700 3310 4030 2520
4700 3310 4030 2510
4700 3310 4030 2500
4700 3310 4040 2520
4700 3310 4040 2530
4700 3310 4030 2520
4700 3310 4030 2530
4700 3310 4020 2540
4700 3310 4020 2540
4700 3310 4030 2540
4700 3310 4040 2540
4700 3300 4030 2520
4700 3300 4030 2520
4700 3300 4030 2520
4690 3300 4030 2530
4700 3300 4030 2510
4700 3300 4030 2510
4700 3310 4030 2520
4700 3300 4020 2520
4700 3300 4030 2520
4710 3300 4030 2520
4690 3310 4030 2520
4680 3310 4030 2520
4690 3310 4030 2520
4690 3310 4030 2520
4700 3310 4030 2520
4700 3310 4030 2520
4710 3310 4030 2530
4700 3310 4030 2530
4700 3300 4030 2530
4700 3300 4030 2530
4700 3300 4040 2530
4700 3300 4040 2530
4700 3300 4030 2520
4700 3300 4030 2520
4700 3300 4030 2530
4700 3300 4030 2530
4700 3300 4030 2530
4700 3300 4040 2520
4700 3300 4030 2520
4700 3300 4030 2520
4700 3300 4030 2520
4700 3300 4040 2530
4700 3300 4040 2520
4700 3300 4040 2530
4700 3300 4050 2530
4700 3290 4050 2530
4700 3300 4040 2530
4700 3300 4050 2520
4700 3300 4050 2520
4700 3300 4040 2520
4710 3300 4040 2520
4700 3300 4040 2530
4700 3300 4030 2530
4700 3300 4030 2540
4700 3300 4030 2540
4700 3300 4040 2540
4710 3300 4030 2530
4700 3310 4030 2530
4700 3310 4030 2530
4710 3310 4030 2530
4710 3310 4030 2520
4710 3310 4030 2520
4710 3310 4030 2520
4710 3310 4030 2520
4710 3310 4030 2510
4720 3310 4030 2520
4720 3310 4030 2520
4710 3310 4030 2530
4710 3310 4030 2520
4710 3310 4040 2530
4710 3310 4040 2520
4700 3310 4030 2530
4700 3310 4030 2530
4710 3310 4040 2540
4710 3310 4040 2540
4710 3310 4040 2550
4700 3310 4030 2550
4710 3310 4030 2550
4700 3310 4030 2550
4700 3310 4030 2550
4700 3310 4030 2550
4700 3310 4030 2540
4700 3310 4030 2530
4700 3310 4030 2530
4700 3310 4030 2520
4710 3310 4030 2520
4710 3310 4030 2530
4700 3310 4030 2530
4700 3310 4030 2520
4700 3310 4030 2530
4700 3310 4030 2540
4700 3310 4040 2540
4710 3310 4030 2540
4710 3310 4040 2540
4710 3310 4030 2530
4710 3310 4030 2520
4710 3310 4030 2520
4710 3310 4030 2520
4710 3310 4040 2520
4710 3310 4040 2510
4710 3310 4040 2530
4710 3310 4040 2520
4710 3310 4040 2520
4710 3310 4040 2530
4710 3310 4040 2530
4710 3310 4040 2520
4710 3310 4040 2530
4710 3310 4030 2520
4710 3310 4040 2530
4710 3310 4040 2530
4710 3310 4030 2540
4710 3300 4040 2530
4710 3300 4040 2540
4710 3300 4040 2530
4710 3300 4030 2530
4710 3300 4030 2530
4710 3300 4030 2520
4710 3300 4030 2520
4710 3300 4030 2530
4710 3300 4030 2530
4710 3300 4030 2520
4700 3300 4040 2530
4700 3300 4030 2530
4700 3300 4030 2520
4710 3300 4030 2520
4710 3300 4030 2520
4710 3310 4030 2530
4720 3310 4030 2540
4710 3310 4030 2540
4700 3310 4030 2540
4700 3310 4030 2540
4700 3310 4030 2540
4700 3310 4040 2540
4710 3310 4040 2540
4700 3310 4030 2540
4710 3310 4030 2530
4710 3300 4040 2530
4710 3300 4040 2530
4710 3300 4040 2530
4710 3300 4030 2540
4710 3300 4030 2540
4710 3300 4030 2540
4710 3300 4030 2550
4710 3300 4030 2540
4700 3300 4030 2540
4700 3300 4030 2530
4700 3300 4030 2530
4700 3300 4030 2520
4690 3300 4030 2520
4690 3300 4030 2520
4700 3300 4030 2510
4700 3300 4030 2520
4690 3300 4030 2530
4700 3300 4030 2530
