5080 3740 3800 2160
5070 3730 3810 2160
5070 3740 3800 2160
5070 3740 3800 2170
5070 3750 3790 2170
5070 3760 3790 2160
5080 3750 3790 2150
5080 3750 3800 2150
5080 3740 3800 2150
5090 3740 3810 2130
5080 3740 3790 2140
5080 3740 3780 2140
5090 3750 3780 2140
5080 3760 3790 2150
5080 3770 3800 2150
5070 3770 3790 2140
5070 3760 3800 2140
5080 3750 3800 2150
5080 3740 3790 2140
5080 3740 3790 2150
5080 3740 3790 2140
5080 3740 3790 2140
5070 3740 3790 2140
5070 3730 3790 2140
5080 3740 3790 2140
5080 3730 3810 2150
5080 3740 3810 2160
5080 3740 3810 2170
5080 3750 3810 2160
5070 3760 3790 2150
5080 3750 3790 2150
5080 3750 3790 2150
5090 3760 3790 2150
5090 3750 3790 2170
5090 3750 3800 2160
5090 3750 3800 2160
5070 3750 3800 2170
5070 3750 3800 2160
5070 3760 3800 2160
5060 3750 3800 2150
5070 3740 3790 2130
5070 3750 3790 2130
5070 3740 3790 2130
5070 3750 3790 2120
5070 3750 3790 2140
5070 3760 3780 2130
5070 3760 3780 2130
5070 3760 3790 2140
5080 3750 3800 2130
5080 3740 3800 2140
5070 3730 3800 2150
5070 3730 3800 2140
5080 3740 3790 2150
5080 3730 3790 2160
5090 3750 3790 2150
5090 3750 3800 2150
5090 3750 3810 2150
5090 3760 3800 2170
5090 3760 3790 2170
5090 3770 3790 2160
5090 3770 3790 2150
5090 3770 3790 2150
5090 3770 3790 2150
5090 3760 3790 2140
5080 3750 3790 2140
5070 3750 3790 2150
5070 3770 3790 2160
5070 3770 3790 2150
5060 3770 3790 2150
5060 3750 3780 2140
5080 3760 3780 2150
5080 3760 3790 2140
5080 3750 3780 2150
5070 3760 3780 2150
5070 3760 3770 2150
5080 3750 3770 2160
5080 3750 3770 2160
5080 3740 3780 2140
5070 3750 3790 2140
5070 3750 3790 2150
5070 3750 3790 2150
5080 3730 3790 2150
5090 3730 3800 2160
5080 3740 3800 2150
5080 3750 3800 2150
5080 3760 3800 2150
5070 3760 3800 2140
5070 3770 3800 2140
5070 3760 3800 2150
5080 3750 3800 2140
5070 3750 3800 2140
5070 3750 3800 2130
5070 3760 3800 2130
5070 3760 3800 2130
5070 3760 3800 2120
5070 3760 3790 2120
5070 3750 3810 2110
5070 3750 3810 2120
5070 3750 3800 2140
5070 3750 3790 2130
5070 3760 3790 2120
5070 3760 3800 2120
5070 3750 3800 2130
5070 3760 3800 2140
5060 3760 3800 2140
5060 3760 3800 2150
5070 3750 3800 2150
5070 3750 3800 2140
5070 3760 3800 2140
5080 3760 3800 2140
5070 3770 3800 2140
5070 3760 3800 2140
5070 3760 3800 2140
5070 3750 3800 2150
5070 3750 3790 2140
5070 3740 3780 2130
5070 3740 3780 2120
5070 3740 3780 2120
5080 3740 3780 2140
5070 3740 3790 2150
5070 3740 3790 2140
5060 3750 3800 2150
5060 3750 3780 2140
5060 3750 3790 2150
5070 3730 3790 2150
5070 3730 3790 2160
5070 3730 3790 2160
5070 3730 3790 2170
5070 3720 3790 2160
5070 3720 3790 2140
5070 3750 3790 2150
5070 3760 3790 2150
5070 3770 3790 2150
5070 3770 3790 2150
5070 3760 3810 2160
5070 3760 3810 2140
5070 3760 3800 2150
5070 3750 3790 2140
5060 3740 3790 2130
5070 3740 3790 2130
5070 3750 3780 2150
5070 3750 3780 2140
5070 3750 3780 2140
5070 3750 3780 2130
5070 3770 3780 2130
5070 3770 3770 2140
5070 3770 3770 2130
5070 3760 3780 2150
5070 3760 3780 2150
5050 3770 3780 2140
5040 3770 3790 2150
5070 3760 3790 2150
5070 3770 3790 2150
5060 3760 3790 2140
5060 3770 3790 2140
5060 3760 3790 2130
5070 3760 3790 2140
5080 3760 3790 2140
5070 3760 3800 2140
5070 3770 3800 2140
5060 3760 3800 2150
5070 3750 3800 2150
5080 3750 3800 2150
5070 3750 3800 2150
5070 3740 3790 2160
5090 3760 3780 2170
5090 3760 3790 2150
5080 3760 3790 2140
5080 3760 3790 2150
5080 3760 3790 2140
5090 3750 3780 2130
5080 3760 3780 2120
5070 3750 3780 2130
5070 3760 3780 2140
5080 3760 3780 2140
5070 3760 3780 2150
5070 3750 3790 2150
5070 3750 3790 2140
5070 3750 3800 2150
5070 3750 3800 2150
5070 3750 3800 2150
5070 3750 3800 2150
5070 3760 3790 2150
5070 3770 3790 2150
5070 3770 3790 2140
5070 3770 3790 2140
5070 3770 3790 2130
5070 3770 3790 2140
5060 3750 3790 2130
5060 3750 3790 2150
5060 3750 3790 2150
5060 3740 3790 2150
5070 3750 3800 2160
5070 3750 3800 2150
5070 3750 3800 2140
5070 3760 3780 2150
5070 3780 3790 2150
5060 3780 3790 2150
5070 3790 3790 2150
5060 3790 3800 2140
5060 3790 3800 2150
5060 3790 3800 2160
5060 3770 3790 2160
5060 3770 3790 2140
5060 3780 3790 2130
5070 3780 3790 2140
5060 3770 3790 2140
5060 3760 3790 2150
5060 3770 3790 2140
5060 3770 3800 2140
5070 3760 3800 2140
5080 3760 3800 2150
5080 3760 3800 2140
5090 3780 3800 2140
5080 3760 3800 2140
5080 3760 3800 2150
5080 3780 3800 2150
5080 3790 3800 2140
5080 3780 3800 2140
5080 3790 3800 2140
5080 3790 3800 2140
5080 3770 3790 2140
5080 3760 3790 2140
5070 3750 3800 2130
5070 3730 3800 2130
5070 3750 3800 2130
5070 3750 3800 2140
5080 3750 3800 2140
5080 3740 3800 2150
5070 3740 3790 2150
5070 3760 3790 2150
5070 3760 3790 2160
5070 3760 3790 2150
5070 3760 3790 2160
5070 3770 3790 2160
5070 3760 3790 2150
5070 3740 3780 2150
5070 3750 3780 2150
5070 3750 3800 2150
5070 3750 3800 2150
5080 3740 3800 2150
5080 3740 3790 2150
5080 3730 3790 2150
5080 3750 3790 2150
5070 3760 3790 2150
5070 3760 3790 2150
5070 3760 3790 2150
5070 3760 3790 2140
5070 3750 3790 2130
5070 3760 3790 2120
5070 3770 3790 2120
5080 3770 3790 2120
5070 3760 3780 2130
5070 3740 3770 2150
5070 3740 3770 2150
5070 3740 3770 2150
5070 3750 3770 2150
5070 3750 3770 2150
5070 3760 3780 2150
5070 3750 3780 2140
5080 3750 3780 2130
5080 3750 3780 2140
5070 3750 3770 2150
5070 3750 3770 2150
5070 3740 3780 2150
5070 3750 3770 2130
5070 3750 3790 2150
5060 3760 3790 2160
5060 3760 3790 2160
5060 3750 3780 2150
5060 3770 3780 2130
5060 3760 3780 2140
5060 3760 3780 2150
5060 3760 3790 2140
5070 3750 3790 2140
5070 3750 3790 2140
5070 3760 3790 2140
5070 3740 3790 2150
5070 3740 3780 2140
5070 3750 3780 2130
5080 3750 3780 2120
5080 3740 3790 2140
5080 3740 3780 2140
5080 3750 3790 2150
5070 3750 3790 2140
5080 3750 3790 2140
5080 3750 3790 2130
5080 3750 3790 2140
5080 3750 3780 2150
5080 3750 3780 2150
5070 3750 3780 2150
5070 3750 3780 2160
5080 3750 3780 2160
5080 3760 3790 2160
5080 3760 3790 2140
5070 3770 3790 2130
5070 3760 3790 2120
5080 3760 3780 2130
5070 3760 3780 2140
5070 3750 3780 2140
5070 3750 3770 2120
5070 3750 3780 2130
5070 3750 3780 2140
5070 3750 3770 2110
5080 3760 3780 2120
