5430 4240 3610 1820
5420 4240 3620 1820
5430 4240 3630 1820
5430 4240 3620 1820
5430 4230 3630 1830
5420 4230 3620 1840
5420 4240 3620 1840
5420 4230 3620 1850
5420 4230 3620 1850
5420 4230 3620 1850
5430 4230 3630 1850
5430 4230 3630 1850
5430 4230 3630 1850
5440 4230 3620 1840
5440 4230 3620 1840
5440 4230 3620 1830
5430 4230 3620 1840
5440 4240 3620 1840
5440 4240 3620 1840
5440 4250 3620 1830
5440 4240 3620 1840
5440 4240 3620 1840
5430 4240 3620 1850
5440 4230 3620 1840
5430 4230 3620 1840
5420 4230 3620 1840
5430 4230 3620 1840
5430 4230 3620 1830
5420 4230 3620 1830
5420 4220 3620 1820
5420 4220 3620 1830
5440 4230 3630 1850
5430 4230 3630 1850
5420 4240 3630 1850
5410 4250 3620 1850
5420 4240 3620 1840
5430 4230 3620 1830
5420 4230 3620 1820
5420 4230 3620 1820
5430 4220 3620 1830
5440 4230 3620 1840
5430 4230 3620 1830
5440 4230 3630 1840
5440 4230 3620 1830
5430 4230 3620 1820
5430 4230 3620 1820
5430 4240 3620 1820
5440 4230 3620 1820
5440 4230 3620 1830
5440 4230 3630 1840
5440 4240 3630 1840
5440 4250 3630 1840
5440 4250 3630 1830
5440 4240 3630 1830
5450 4240 3620 1820
5450 4240 3620 1820
5430 4220 3630 1820
5420 4230 3640 1820
5430 4230 3630 1830
5430 4230 3630 1830
5430 4220 3630 1820
5430 4220 3630 1830
5430 4210 3630 1840
5430 4220 3630 1840
5440 4220 3630 1830
5440 4220 3630 1820
5440 4220 3630 1820
5440 4220 3630 1820
5440 4220 3620 1830
5440 4220 3620 1830
5440 4230 3620 1830
5430 4230 3620 1840
5430 4230 3620 1840
5430 4240 3620 1840
5430 4250 3610 1840
5420 4240 3620 1840
5420 4240 3620 1830
5430 4240 3620 1830
5430 4240 3630 1820
5430 4230 3630 1830
5430 4230 3630 1820
5420 4230 3630 1830
5420 4230 3630 1830
5430 4230 3640 1820
5440 4230 3630 1830
5440 4230 3620 1820
5430 4230 3630 1830
5430 4230 3630 1820
5430 4230 3630 1820
5430 4240 3630 1830
5430 4240 3620 1830
5420 4240 3620 1820
5420 4240 3620 1830
5420 4240 3620 1830
5430 4240 3630 1820
5420 4250 3630 1820
5430 4230 3630 1830
5440 4240 3620 1830
5440 4230 3620 1830
5440 4230 3620 1830
5440 4220 3630 1820
5440 4230 3640 1830
5440 4230 3630 1820
5430 4230 3620 1820
5440 4230 3620 1820
5440 4230 3620 1830
5440 4240 3620 1850
5440 4230 3630 1850
5440 4240 3640 1850
5440 4230 3630 1840
5440 4250 3630 1840
5440 4240 3630 1850
5440 4230 3630 1840
5440 4230 3630 1840
5440 4230 3630 1840
5440 4230 3630 1840
5440 4230 3630 1840
5450 4230 3630 1840
5430 4240 3620 1840
5440 4240 3620 1840
5440 4240 3620 1840
5440 4250 3620 1840
5430 4240 3620 1850
5430 4240 3610 1850
5430 4230 3610 1840
5430 4220 3610 1840
5430 4220 3620 1850
5430 4220 3610 1850
5430 4220 3610 1860
5420 4220 3610 1860
5420 4230 3610 1860
5430 4230 3620 1860
5430 4220 3610 1850
5440 4210 3610 1840
5440 4230 3630 1850
5430 4230 3630 1860
5420 4230 3630 1860
5430 4230 3630 1850
5430 4230 3620 1850
5430 4230 3610 1850
5430 4230 3620 1850
5430 4230 3630 1850
5420 4240 3630 1850
5420 4240 3640 1850
5420 4230 3620 1850
5420 4240 3630 1850
5420 4230 3630 1840
5430 4230 3620 1840
5430 4220 3630 1850
5440 4210 3630 1840
5430 4220 3620 1840
5440 4230 3620 1840
5440 4240 3620 1840
5440 4240 3620 1840
5440 4230 3620 1840
5440 4230 3620 1850
5440 4230 3620 1850
5440 4230 3620 1860
5440 4230 3630 1860
5440 4230 3620 1860
5440 4240 3620 1860
5430 4240 3620 1850
5430 4240 3620 1860
5430 4230 3620 1860
5430 4230 3620 1860
5440 4230 3620 1870
5440 4230 3620 1860
5440 4230 3630 1860
5440 4230 3630 1860
5430 4230 3630 1860
5420 4230 3640 1860
5420 4230 3640 1860
5430 4230 3630 1860
5430 4230 3630 1850
5430 4230 3620 1860
5440 4240 3620 1870
5440 4230 3620 1860
5420 4230 3620 1850
5420 4230 3620 1850
5430 4230 3620 1860
5430 4240 3630 1850
5430 4240 3630 1850
5420 4240 3640 1850
5420 4240 3640 1850
5430 4240 3640 1860
5430 4230 3640 1860
5430 4230 3640 1860
5430 4230 3630 1860
5440 4230 3630 1850
5420 4230 3620 1850
5430 4230 3620 1860
5430 4220 3630 1840
5430 4230 3630 1840
5430 4220 3630 1850
5430 4220 3630 1850
5440 4220 3640 1850
5430 4230 3620 1860
5430 4220 3620 1860
5440 4220 3630 1860
5430 4220 3620 1850
5430 4220 3620 1860
5430 4220 3630 1840
5430 4230 3620 1850
5430 4230 3630 1850
5430 4230 3630 1840
5430 4240 3630 1840
5440 4250 3630 1840
5440 4230 3630 1840
5440 4240 3630 1840
5440 4230 3620 1840
5440 4220 3610 1850
5430 4220 3610 1860
5420 4220 3610 1850
5420 4220 3620 1840
5420 4230 3620 1840
5430 4240 3620 1850
5430 4240 3620 1850
5430 4240 3620 1850
5430 4220 3620 1850
5430 4220 3620 1850
5430 4230 3620 1850
5430 4230 3620 1860
5440 4230 3620 1850
5430 4230 3620 1850
5430 4230 3620 1840
5430 4230 3620 1850
5430 4230 3620 1840
5410 4210 3620 1830
5410 4210 3620 1830
5420 4210 3620 1830
5420 4210 3620 1840
5450 4210 3630 1850
5440 4220 3620 1830
5440 4230 3620 1840
5440 4220 3620 1850
5440 4220 3610 1850
5440 4230 3610 1850
