5800 4720 3510 1590
5820 4710 3520 1600
5830 4710 3520 1590
5830 4710 3520 1590
5830 4710 3530 1580
5830 4720 3530 1590
5830 4710 3530 1590
5830 4730 3530 1590
5830 4720 3530 1590
5830 4720 3540 1590
5850 4720 3540 1600
5820 4710 3540 1600
5820 4720 3530 1590
5820 4730 3530 1600
5820 4740 3530 1600
5820 4740 3530 1590
5810 4740 3530 1590
5820 4750 3530 1590
5820 4730 3520 1590
5810 4730 3520 1590
5820 4730 3530 1580
5830 4720 3530 1590
5850 4730 3530 1590
5850 4730 3530 1590
5850 4720 3520 1590
5850 4740 3520 1600
5850 4740 3520 1590
5850 4730 3520 1590
5850 4730 3520 1590
5850 4730 3510 1590
5830 4730 3510 1590
5830 4710 3510 1580
5820 4720 3520 1590
5820 4720 3520 1590
5820 4720 3520 1590
5820 4710 3520 1590
5820 4710 3520 1590
5820 4710 3520 1580
5830 4730 3520 1580
5820 4730 3530 1580
5820 4730 3520 1590
5820 4730 3530 1580
5830 4740 3530 1590
5830 4730 3540 1590
5830 4740 3530 1590
5830 4740 3530 1590
5830 4730 3520 1590
5830 4730 3520 1590
5830 4730 3520 1580
5830 4730 3520 1580
5820 4730 3520 1580
5820 4720 3520 1580
5810 4720 3520 1590
5810 4720 3510 1580
5830 4720 3520 1590
5850 4730 3520 1580
5850 4720 3510 1580
5820 4710 3510 1580
5830 4720 3510 1580
5820 4710 3520 1590
5820 4710 3520 1590
5830 4710 3530 1590
5830 4710 3530 1590
5850 4720 3530 1590
5850 4720 3530 1590
5850 4720 3530 1590
5830 4720 3530 1590
5830 4720 3530 1580
5830 4720 3530 1580
5830 4720 3530 1590
5850 4710 3530 1590
5830 4710 3530 1590
5830 4710 3530 1590
5830 4720 3530 1590
5850 4720 3530 1590
5850 4730 3530 1590
5850 4720 3520 1590
5860 4720 3510 1590
5860 4730 3510 1580
5850 4730 3510 1580
5830 4730 3520 1580
5830 4720 3520 1580
5850 4720 3520 1580
5850 4720 3520 1580
5850 4720 3520 1580
5860 4720 3520 1590
5860 4710 3520 1590
5850 4720 3520 1580
5830 4720 3530 1580
5830 4720 3530 1590
5830 4720 3530 1600
5850 4730 3530 1600
5860 4730 3530 1590
5860 4730 3530 1590
5850 4720 3540 1590
5830 4710 3540 1590
5830 4710 3540 1590
5830 4700 3540 1590
5850 4720 3540 1590
5850 4710 3540 1580
5850 4710 3530 1590
5850 4720 3540 1590
5830 4710 3540 1590
5850 4730 3540 1590
5850 4730 3540 1590
5850 4720 3540 1590
5850 4720 3540 1590
5850 4740 3540 1590
5850 4720 3530 1590
5850 4730 3530 1590
5860 4720 3530 1600
5870 4720 3530 1600
5870 4730 3530 1600
5860 4720 3530 1600
5850 4730 3530 1600
5860 4720 3530 1600
5860 4720 3530 1600
5860 4710 3530 1590
5850 4710 3530 1590
5860 4710 3520 1580
5860 4720 3520 1580
5860 4720 3520 1580
5830 4710 3530 1580
5820 4720 3530 1580
5810 4730 3530 1580
5820 4730 3530 1590
5830 4730 3530 1580
5830 4730 3530 1580
5830 4720 3530 1570
5820 4720 3530 1580
5850 4700 3530 1590
5850 4720 3540 1590
5850 4720 3530 1590
5830 4720 3530 1590
5830 4720 3520 1590
5860 4720 3530 1580
5850 4710 3530 1590
5850 4720 3530 1590
5850 4720 3520 1590
5850 4720 3530 1590
5850 4720 3530 1580
5830 4710 3540 1580
5820 4710 3530 1590
5820 4710 3540 1580
5830 4720 3540 1590
5830 4720 3540 1590
5830 4730 3540 1580
5830 4710 3530 1580
5830 4720 3540 1580
5830 4720 3540 1580
5830 4710 3540 1580
5820 4710 3540 1580
5850 4710 3540 1580
5850 4710 3540 1590
5850 4710 3540 1580
5850 4720 3540 1580
5850 4720 3540 1580
5820 4720 3540 1590
5820 4730 3540 1580
5830 4730 3530 1570
5830 4730 3530 1570
5830 4730 3530 1570
5850 4730 3530 1570
5860 4730 3530 1580
5850 4730 3530 1580
5850 4740 3530 1580
5850 4740 3530 1580
5850 4740 3530 1580
5830 4740 3530 1580
5830 4740 3530 1580
5850 4730 3530 1580
5860 4730 3530 1580
5850 4720 3540 1590
5830 4730 3540 1590
5850 4720 3530 1590
5860 4720 3530 1590
5860 4710 3530 1590
5870 4710 3530 1590
5850 4710 3530 1590
5850 4710 3530 1590
5850 4720 3530 1590
5860 4710 3530 1590
5850 4710 3530 1580
5830 4710 3530 1580
5830 4710 3530 1580
5830 4710 3530 1590
5830 4710 3520 1590
5850 4730 3530 1590
5850 4730 3530 1600
5850 4730 3530 1600
5850 4730 3530 1590
5850 4740 3530 1590
5860 4740 3530 1590
5850 4750 3540 1580
5860 4750 3540 1580
5850 4750 3540 1590
5850 4750 3540 1590
5850 4740 3530 1590
5860 4730 3530 1580
5870 4740 3530 1590
5870 4740 3540 1580
5860 4730 3540 1580
5850 4720 3540 1590
5850 4710 3540 1590
5850 4710 3540 1590
5850 4720 3540 1590
5830 4720 3540 1590
5830 4710 3540 1590
5830 4700 3530 1590
5850 4700 3530 1590
5820 4700 3530 1590
5830 4710 3530 1580
5850 4720 3530 1580
5850 4710 3520 1580
5830 4710 3520 1580
5830 4710 3510 1580
5850 4710 3520 1580
5830 4720 3520 1590
5860 4710 3530 1580
5850 4720 3530 1570
5850 4740 3520 1580
5850 4730 3530 1580
5850 4730 3530 1580
5850 4720 3530 1580
5860 4710 3530 1580
5850 4720 3530 1590
5850 4710 3520 1590
5830 4720 3520 1590
5830 4720 3520 1590
5830 4730 3520 1590
5830 4730 3520 1580
5830 4720 3520 1580
5830 4710 3530 1580
5830 4710 3530 1580
5850 4730 3530 1590
5850 4720 3530 1590
5830 4710 3530 1590
5850 4720 3530 1580
5850 4710 3530 1580
5850 4710 3530 1580
5850 4710 3520 1580
5850 4710 3520 1580
5830 4720 3520 1570
5830 4710 3520 1570
5830 4710 3510 1570
5830 4710 3520 1570
5850 4720 3530 1570
5850 4710 3530 1580
5850 4710 3530 1580
5850 4730 3520 1580
5830 4730 3520 1590
5830 4720 3520 1590
5820 4720 3520 1590
5830 4730 3530 1590
5830 4740 3520 1590
5830 4740 3530 1590
5830 4740 3520 1590
5820 4730 3520 1590
5820 4740 3510 1590
5830 4730 3510 1590
5850 4740 3510 1580
5860 4730 3520 1580
5860 4730 3520 1590
5860 4720 3520 1600
5850 4710 3530 1590
5830 4720 3540 1590
