6140 4550 4020 1140
6140 4560 4020 1150
6140 4560 4020 1140
6130 4570 4020 1140
6140 4560 4020 1130
6120 4550 4010 1130
6130 4570 4020 1130
6130 4570 4020 1140
6130 4570 4020 1160
6130 4570 4020 1140
6140 4550 4020 1130
6140 4550 4010 1150
6140 4560 4020 1150
6160 4560 4020 1140
6160 4560 4030 1130
6130 4560 4020 1140
6130 4560 4020 1130
6140 4560 4020 1130
6140 4560 4010 1130
6130 4550 4010 1130
6140 4550 4010 1140
6130 4550 4010 1130
6140 4550 4000 1140
6140 4550 4010 1130
6130 4550 4000 1130
6130 4560 3990 1140
6120 4560 4000 1140
6120 4560 4010 1140
6140 4570 4020 1130
6140 4570 4020 1130
6160 4570 4020 1140
6160 4570 4030 1140
6170 4570 4020 1140
6140 4550 4010 1140
6130 4550 4020 1130
6130 4540 4010 1140
6140 4550 4020 1130
6160 4540 4030 1150
6160 4550 4030 1140
6160 4530 4030 1150
6160 4540 4020 1150
6170 4540 4040 1150
6170 4550 4030 1140
6140 4560 4030 1130
6160 4570 4040 1130
6160 4570 4040 1130
6160 4560 4040 1130
6170 4560 4030 1130
6170 4550 4040 1130
6160 4550 4030 1130
6140 4550 4030 1140
6160 4550 4030 1130
6160 4560 4020 1150
6140 4560 4020 1150
6140 4560 4020 1150
6140 4550 4020 1150
6160 4550 4020 1150
6130 4560 4020 1160
6130 4560 4020 1150
6130 4570 4020 1160
6140 4580 4020 1160
6160 4570 4020 1160
6160 4570 4020 1150
6140 4570 4040 1140
6140 4570 4030 1130
6170 4560 4030 1140
6160 4560 4020 1140
6140 4550 4020 1140
6140 4540 4010 1140
6160 4550 4000 1130
6160 4550 4020 1140
6140 4550 4010 1140
6140 4550 4020 1130
6140 4540 4030 1130
6130 4540 4030 1130
6160 4550 4040 1130
6140 4560 4020 1130
6140 4550 4020 1130
6140 4570 4020 1130
6140 4570 4020 1140
6140 4570 4020 1140
6160 4570 4040 1160
6160 4570 4030 1150
6140 4560 4030 1150
6140 4560 4040 1150
6120 4570 4050 1150
6120 4570 4030 1140
6120 4560 4030 1140
6120 4550 4030 1140
6140 4550 4040 1140
6140 4550 4040 1150
6140 4550 4050 1150
6140 4570 4050 1140
6140 4600 4040 1140
6140 4580 4050 1140
6130 4570 4060 1140
6160 4570 4040 1130
6140 4570 4040 1130
6140 4550 4030 1130
6160 4560 4030 1130
6160 4560 4030 1130
6160 4560 4030 1130
6130 4570 4030 1130
6160 4550 4030 1130
6160 4560 4030 1160
6170 4570 4030 1160
6140 4570 4030 1160
6160 4570 4030 1150
6160 4580 4030 1160
6160 4570 4040 1160
6160 4570 4030 1150
6160 4570 4030 1140
6160 4580 4040 1130
6160 4580 4020 1130
6140 4580 4010 1150
6140 4570 4020 1150
6140 4570 4010 1180
6160 4570 4020 1160
6140 4570 4020 1160
6140 4570 4020 1160
6140 4560 4020 1150
6130 4550 4020 1150
6140 4560 4020 1150
6140 4560 4040 1150
6130 4550 4050 1140
6130 4550 4040 1140
6140 4550 4040 1140
6160 4550 4040 1140
6160 4540 4040 1130
6160 4540 4030 1130
6160 4550 4030 1150
6140 4550 4040 1150
6130 4560 4040 1150
6140 4570 4050 1150
6140 4570 4050 1150
6140 4570 4040 1150
6140 4570 4040 1140
6160 4570 4040 1140
6160 4570 4040 1150
6140 4570 4040 1150
6130 4570 4040 1150
6130 4560 4050 1140
6140 4550 4040 1140
6140 4550 4030 1150
6140 4550 4020 1150
6140 4560 4020 1150
6160 4560 4020 1150
6170 4560 4020 1140
6170 4560 4020 1140
6160 4560 4020 1150
6160 4560 4030 1150
6160 4560 4030 1180
6140 4560 4040 1160
6140 4550 4040 1160
6140 4550 4030 1150
6140 4560 4030 1160
6160 4560 4030 1160
6170 4560 4040 1160
6180 4560 4030 1160
6180 4570 4030 1150
6180 4560 4020 1160
6190 4560 4030 1150
6190 4560 4030 1150
6180 4560 4030 1150
6160 4560 4020 1150
6160 4560 4030 1150
6140 4550 4030 1150
6170 4550 4030 1140
6160 4560 4040 1140
6170 4560 4040 1130
6160 4560 4030 1130
6170 4570 4030 1140
6180 4560 4030 1140
6180 4560 4030 1140
6180 4570 4040 1140
6160 4600 4030 1140
6160 4580 4030 1150
6170 4600 4040 1150
6160 4570 4050 1150
6160 4560 4030 1150
6170 4550 4030 1140
6170 4550 4020 1140
6170 4560 4020 1140
6170 4560 4020 1140
6180 4560 4020 1150
6180 4570 4020 1150
6180 4570 4020 1150
6170 4570 4020 1160
6160 4570 4020 1150
6140 4560 4030 1160
6140 4560 4040 1160
6140 4570 4040 1150
6140 4570 4040 1140
6160 4560 4030 1130
6140 4560 4030 1130
6140 4570 4030 1130
6160 4570 4020 1150
6170 4570 4020 1150
6170 4570 4020 1150
6160 4570 4030 1150
6170 4570 4030 1150
6160 4560 4030 1140
6140 4570 4030 1150
6130 4570 4040 1150
6130 4570 4050 1160
6130 4570 4040 1140
6140 4580 4030 1150
6140 4580 4030 1150
6170 4570 4030 1150
6170 4570 4030 1150
6160 4570 4030 1180
6160 4580 4040 1140
6140 4580 4030 1130
6160 4580 4040 1130
6170 4580 4050 1140
6160 4580 4040 1130
6160 4580 4040 1140
6160 4570 4040 1140
6160 4570 4040 1140
6160 4560 4030 1140
