5790 4080 4090 1420
5790 4080 4110 1420
5790 4080 4110 1420
5790 4080 4120 1420
5790 4080 4110 1420
5790 4080 4110 1430
5790 4070 4110 1430
5800 4090 4110 1420
5800 4080 4110 1420
5810 4080 4110 1420
5810 4080 4100 1420
5800 4080 4100 1410
5790 4080 4110 1410
5790 4080 4120 1440
5790 4070 4110 1440
5790 4080 4110 1440
5790 4080 4120 1440
5800 4080 4120 1430
5800 4070 4120 1430
5800 4070 4110 1440
5790 4070 4110 1430
5790 4070 4110 1420
5790 4070 4110 1420
5790 4070 4110 1420
5790 4070 4100 1420
5790 4070 4100 1420
5790 4070 4110 1430
5790 4070 4110 1420
5790 4070 4110 1410
5780 4070 4110 1410
5790 4070 4100 1420
5790 4070 4100 1410
5780 4070 4100 1420
5780 4070 4090 1420
5780 4060 4100 1420
5780 4060 4100 1410
5790 4070 4110 1430
5790 4070 4110 1410
5790 4070 4110 1420
5790 4070 4110 1420
5790 4080 4100 1420
5790 4080 4090 1430
5790 4080 4080 1430
5790 4080 4080 1430
5790 4080 4090 1430
5790 4080 4080 1430
5790 4080 4080 1440
5790 4080 4080 1440
5790 4080 4080 1440
5790 4070 4090 1410
5790 4080 4080 1410
5790 4080 4080 1410
5800 4080 4090 1410
5800 4070 4080 1410
5790 4080 4080 1420
5790 4080 4080 1420
5790 4060 4080 1420
5790 4060 4080 1430
5790 4060 4080 1440
5790 4080 4080 1420
5790 4080 4080 1420
5780 4070 4080 1430
5780 4070 4090 1430
5780 4070 4090 1430
5790 4070 4090 1430
5790 4070 4080 1440
5800 4090 4080 1440
5800 4090 4090 1450
5800 4080 4100 1430
5800 4080 4090 1430
5800 4080 4090 1420
5800 4080 4100 1420
5790 4080 4110 1420
5790 4070 4110 1400
5790 4070 4110 1410
5790 4070 4110 1420
5790 4070 4110 1420
5790 4080 4120 1410
5800 4080 4120 1410
5800 4070 4120 1420
5790 4070 4110 1420
5790 4060 4120 1420
5790 4060 4120 1420
5790 4070 4110 1410
5790 4070 4110 1430
5790 4070 4100 1430
5790 4070 4100 1430
5790 4070 4100 1430
5790 4080 4100 1440
5790 4080 4100 1430
5790 4080 4090 1440
5780 4080 4090 1440
5780 4080 4090 1440
5780 4080 4090 1430
5780 4080 4100 1430
5780 4080 4100 1420
5780 4080 4110 1430
5790 4070 4110 1430
5790 4070 4110 1430
5790 4070 4110 1430
5790 4070 4110 1440
5790 4070 4110 1440
5790 4070 4110 1430
5800 4070 4110 1430
5800 4070 4110 1440
5800 4070 4110 1430
5790 4070 4120 1440
5790 4070 4110 1440
5790 4080 4110 1440
5780 4080 4110 1440
5780 4080 4100 1430
5780 4080 4090 1440
5780 4080 4100 1430
5780 4080 4100 1420
5780 4080 4100 1400
5780 4080 4090 1400
5790 4090 4110 1400
5800 4080 4110 1400
5800 4070 4110 1410
5790 4070 4120 1420
5790 4070 4120 1430
5800 4070 4130 1430
5790 4070 4140 1430
5780 4070 4130 1430
5790 4070 4130 1430
5800 4070 4130 1430
5800 4070 4140 1430
5800 4080 4130 1440
5800 4080 4120 1430
5800 4080 4110 1420
5800 4080 4100 1420
5790 4090 4100 1410
5800 4090 4090 1430
5800 4080 4090 1430
5790 4080 4110 1420
5790 4070 4110 1420
5790 4080 4100 1410
5790 4080 4120 1410
5800 4090 4110 1410
5800 4080 4110 1410
5790 4080 4110 1420
5790 4080 4110 1430
5800 4090 4110 1430
5800 4080 4100 1430
5800 4080 4110 1430
5800 4080 4110 1430
5790 4080 4120 1430
5780 4080 4120 1430
5780 4080 4120 1410
5780 4080 4120 1410
5780 4070 4120 1420
5790 4070 4110 1420
5790 4080 4100 1430
5790 4080 4100 1430
5790 4080 4110 1430
5780 4080 4110 1430
5790 4080 4100 1430
5790 4090 4100 1430
5790 4080 4100 1430
5780 4080 4100 1420
5780 4080 4100 1420
5780 4080 4100 1430
5780 4080 4110 1430
5780 4080 4110 1430
5790 4080 4110 1430
5790 4080 4100 1430
5800 4090 4100 1430
5800 4090 4110 1430
5790 4090 4110 1440
5800 4080 4110 1430
5800 4080 4110 1430
5800 4090 4110 1420
5790 4080 4110 1420
5800 4080 4110 1420
5800 4080 4110 1430
5810 4090 4110 1440
5800 4080 4100 1440
5800 4070 4110 1430
5800 4070 4110 1420
5800 4070 4110 1430
5810 4070 4100 1430
5820 4070 4090 1420
5820 4070 4090 1420
5800 4070 4090 1420
5800 4070 4090 1430
5800 4070 4100 1430
5800 4070 4100 1430
5800 4070 4090 1430
5800 4070 4100 1430
5800 4070 4090 1430
5790 4070 4100 1440
5790 4070 4100 1430
5790 4070 4100 1430
5790 4070 4100 1430
5790 4080 4100 1430
5800 4080 4110 1430
5800 4080 4110 1420
5800 4080 4100 1430
