5470 3610 4250 1770
5470 3610 4250 1770
5470 3600 4240 1770
5460 3600 4240 1770
5470 3600 4250 1760
5460 3600 4250 1760
5460 3600 4240 1760
5460 3600 4230 1770
5460 3600 4240 1770
5470 3600 4240 1780
5470 3580 4240 1800
5470 3580 4240 1770
5470 3590 4250 1760
5470 3600 4250 1760
5470 3600 4260 1760
5470 3590 4250 1760
5460 3580 4250 1760
5460 3580 4260 1770
5460 3580 4260 1770
5460 3590 4260 1770
5450 3600 4250 1780
5460 3590 4250 1800
5450 3600 4250 1780
5450 3600 4250 1800
5460 3600 4250 1810
5460 3600 4250 1780
5460 3600 4260 1770
5460 3600 4260 1780
5470 3600 4270 1770
5470 3600 4270 1760
5450 3600 4270 1770
5450 3610 4260 1780
5450 3610 4260 1780
5460 3600 4260 1780
5460 3590 4260 1780
5460 3590 4260 1760
5470 3600 4250 1760
5460 3610 4250 1770
5460 3610 4240 1780
5460 3600 4260 1770
5460 3600 4260 1780
5460 3600 4250 1780
5460 3590 4240 1780
5460 3590 4250 1770
5460 3590 4240 1780
5450 3600 4240 1780
5460 3600 4250 1780
5450 3600 4250 1780
5460 3600 4260 1770
5460 3600 4260 1770
5470 3600 4260 1760
5470 3600 4260 1760
5470 3600 4250 1760
5470 3600 4240 1770
5470 3590 4240 1780
5460 3590 4250 1780
5460 3590 4250 1770
5460 3610 4240 1770
5460 3620 4250 1780
5460 3620 4260 1800
5460 3620 4270 1800
5450 3620 4270 1800
5450 3610 4270 1800
5450 3610 4270 1800
5460 3600 4270 1800
5460 3600 4270 1800
5450 3600 4270 1810
5460 3600 4260 1800
5460 3600 4260 1800
5460 3600 4270 1800
5460 3600 4270 1810
5460 3600 4270 1810
5460 3600 4260 1810
5460 3600 4250 1810
5460 3600 4260 1780
5460 3600 4250 1800
5460 3590 4250 1800
5460 3600 4240 1780
5460 3600 4250 1770
5460 3600 4260 1760
5460 3600 4260 1770
5460 3600 4260 1770
5460 3600 4260 1780
5460 3610 4260 1800
5460 3610 4260 1800
5460 3600 4270 1800
5460 3600 4260 1800
5460 3600 4260 1780
5460 3600 4260 1800
5460 3610 4260 1780
5460 3610 4250 1780
5460 3610 4250 1800
5470 3600 4250 1780
5470 3590 4250 1760
5470 3590 4250 1770
5460 3600 4250 1760
5460 3590 4240 1770
5460 3590 4240 1760
5460 3590 4250 1750
5470 3590 4240 1750
5470 3590 4240 1760
5470 3610 4250 1770
5460 3600 4260 1770
5460 3610 4260 1780
5470 3600 4260 1760
5470 3600 4260 1760
5470 3610 4250 1760
5470 3610 4260 1760
5480 3600 4250 1770
5460 3600 4250 1780
5460 3600 4250 1770
5460 3600 4250 1770
5460 3600 4240 1780
5460 3600 4240 1780
5460 3600 4250 1770
5460 3610 4240 1760
5460 3610 4250 1760
5470 3610 4250 1760
5460 3620 4250 1770
5450 3610 4240 1770
5460 3610 4230 1760
5460 3610 4230 1750
5460 3610 4240 1770
5460 3610 4250 1780
5460 3620 4260 1770
5460 3610 4260 1780
5470 3600 4260 1780
5460 3600 4250 1760
5460 3590 4250 1760
5470 3590 4250 1760
5460 3590 4240 1760
5460 3590 4250 1770
5470 3590 4240 1780
5470 3600 4240 1770
5460 3600 4250 1780
5460 3600 4250 1800
5460 3600 4240 1800
5470 3600 4240 1800
5470 3600 4240 1810
5460 3600 4250 1780
5460 3610 4250 1800
5460 3600 4260 1770
5460 3590 4260 1780
5460 3600 4270 1780
5460 3590 4270 1800
5460 3590 4250 1800
5460 3580 4250 1800
5460 3600 4250 1780
5460 3600 4250 1770
5460 3610 4260 1780
5460 3610 4260 1780
5460 3610 4260 1770
5450 3610 4250 1780
5460 3610 4250 1770
5460 3610 4250 1780
5460 3600 4250 1800
5470 3600 4260 1800
5470 3600 4260 1780
5470 3610 4250 1800
5470 3610 4250 1810
5470 3610 4250 1780
5470 3610 4250 1780
5470 3610 4250 1800
5460 3600 4260 1800
5460 3610 4260 1780
5460 3600 4260 1800
5460 3600 4260 1770
5460 3620 4270 1810
5460 3620 4260 1800
5460 3630 4270 1780
5460 3620 4270 1800
5460 3610 4260 1800
5460 3610 4260 1770
5460 3610 4260 1770
5460 3620 4250 1760
5460 3620 4240 1750
5460 3610 4240 1760
5460 3600 4240 1770
5460 3590 4240 1770
5460 3600 4240 1770
5460 3600 4240 1780
5460 3600 4240 1780
5460 3590 4240 1770
5470 3590 4250 1780
5460 3600 4250 1770
5460 3590 4250 1770
5470 3600 4260 1760
5470 3600 4260 1760
5460 3590 4250 1780
5460 3600 4240 1770
5460 3600 4240 1770
5460 3600 4250 1780
5460 3610 4250 1770
5460 3610 4250 1760
5460 3600 4240 1760
5460 3590 4250 1750
5460 3600 4240 70
5460 3600 4240 1740
5470 3600 4240 1750
5470 3590 4240 1770
5470 3600 4240 1760
5470 3600 4230 1760
5460 3600 4240 1770
5460 3600 4240 1770
5460 3610 4240 1760
5460 3620 4250 1780
5460 3600 4240 1760
5450 3600 4240 1770
5460 3600 4240 1770
5460 3600 4240 1780
5460 3600 4250 1770
5460 3600 4250 1780
