3550 4300 2920 3550
3550 4310 2920 3550
3550 4310 2920 3550
3550 4310 2920 3550
3550 4300 2930 3560
3550 4310 2910 3560
3560 4300 2910 3560
3550 4300 2910 3570
3560 4300 2910 3570
3560 4300 2920 3560
3570 4320 2910 3560
3570 4320 2910 3540
3550 4320 2900 3550
3550 4320 2900 3560
3550 4320 2900 3570
3540 4300 2900 3570
3550 4300 2920 3560
3550 4300 2920 3560
3550 4300 2920 3570
3550 4300 2910 3580
3550 4310 2900 3560
3550 4300 2910 3570
3550 4310 2910 3570
3550 4300 2910 3570
3550 4310 2910 3570
3550 4300 2910 3570
3550 4300 2910 3570
3550 4300 2910 3560
3550 4310 2910 3560
3550 4310 2920 3560
3550 4310 2920 3580
3550 4300 2920 3580
3550 4310 2920 3570
3550 4320 2910 3570
3560 4320 2910 3570
3560 4320 2920 3580
3560 4320 2920 3570
3550 4320 2920 3570
3550 4320 2920 3560
3550 4320 2920 3560
3550 4320 2920 3560
3550 4320 2920 3560
3550 4310 2920 3550
3550 4310 2920 3550
3550 4310 2910 3560
3560 4310 2910 3560
3560 4310 2900 3560
3560 4310 2900 3560
3560 4310 2900 3560
3560 4300 2900 3560
3560 4300 2900 3570
3560 4300 2900 3560
3560 4320 2900 3580
3560 4330 2900 3570
3560 4330 2900 3560
3560 4330 2900 3560
3560 4330 2910 3550
3570 4330 2910 3550
3560 4330 2910 3560
3560 4320 2910 3560
3560 4320 2910 3550
3560 4320 2910 3550
3560 4320 2900 3560
3560 4310 2910 3560
3540 4310 2920 3540
3540 4310 2920 3540
3540 4300 2920 3540
3540 4300 2910 3530
3540 4310 2900 3530
3540 4300 2900 3540
3540 4310 2910 3550
3540 4310 2910 3550
3540 4310 2910 3550
3540 4300 2910 3550
3550 4300 2910 3560
3550 4300 2910 3560
3550 4300 2920 3560
3560 4310 2910 3560
3550 4310 2910 3560
3550 4330 2910 3560
3550 4330 2910 3550
3550 4310 2910 3540
3550 4310 2910 3530
3540 4310 2920 3530
3540 4310 2920 3530
3540 4300 2910 3540
3540 4300 2900 3540
3540 4290 2900 3540
3540 4290 2910 3540
3540 4290 2910 3540
3540 4290 2910 3540
3540 4290 2910 3540
3540 4310 2910 3530
3540 4310 2920 3530
3540 4300 2910 3540
3540 4310 2910 3540
3540 4310 2900 3540
3540 4310 2910 3540
3540 4310 2910 3540
3540 4310 2910 3540
3540 4300 2910 3550
3550 4300 2910 3550
3560 4290 2910 3550
3560 4300 2910 3550
3560 4300 2900 3550
3550 4300 2900 3550
3550 4300 2890 3550
3550 4290 2890 3560
3550 4290 2890 3560
3550 4290 2890 3560
3550 4300 2890 3560
3550 4300 2890 3570
3550 4300 2890 3570
3560 4300 2900 3570
3560 4290 2890 3570
3560 4290 2890 3560
3560 4290 2900 3560
3550 4270 2900 3560
3550 4300 2900 3540
3550 4310 2910 3540
3550 4300 2920 3540
3550 4300 2910 3540
3550 4300 2910 3540
3550 4300 2900 3540
3550 4290 2900 3540
3550 4290 2900 3550
3560 4300 2890 3550
3560 4300 2890 3560
3560 4300 2890 3550
3560 4300 2900 3560
3560 4300 2900 3550
3550 4300 2910 3550
3550 4290 2900 3550
3550 4300 2900 3550
3550 4300 2900 3540
3550 4290 2890 3550
3550 4310 2890 3550
3550 4310 2900 3540
3550 4310 2900 3540
3550 4310 2910 3550
3550 4310 2900 3550
3550 4300 2900 3550
3550 4300 2900 3540
3540 4290 2890 3530
3540 4300 2890 3530
3550 4310 2890 3540
3540 4310 2900 3550
3540 4310 2890 3540
3550 4310 2890 3530
3550 4310 2890 3540
3550 4310 2890 3550
3560 4310 2890 3540
3560 4300 2890 3550
3560 4290 2900 3540
3560 4290 2900 3540
3550 4300 2910 3540
3550 4310 2910 3540
3550 4310 2910 3550
3550 4300 2910 3550
3550 4320 2910 3560
3550 4320 2900 3550
3550 4320 2900 3550
3540 4310 2900 3560
3540 4310 2910 3560
3540 4300 2900 3550
3550 4300 2910 3550
3560 4300 2920 3550
3560 4310 2920 3560
3550 4310 2920 3560
3560 4300 2920 3550
3560 4290 2920 3550
3560 4300 2920 3550
3560 4300 2920 3550
3560 4300 2920 3540
3560 4300 2920 3550
3560 4300 2920 3540
3560 4300 2920 3540
3560 4300 2910 3550
3560 4300 2910 3550
3560 4300 2910 3550
3560 4310 2920 3540
3560 4300 2910 3550
3560 4310 2910 3550
3560 4310 2910 3550
3560 4300 2910 3540
3560 4300 2910 3550
