5120 3150 4450 2240
5120 3150 4450 2220
5120 3150 4440 2200
5160 3150 4450 2220
5160 3150 4450 2220
5140 3140 4450 2230
5130 3140 4450 2240
5120 3140 4440 2240
5140 3150 4450 2240
5130 3160 4450 2250
5130 3160 4450 2240
5130 3160 4450 2230
5130 3160 4440 2240
5130 3150 4440 2220
5130 3150 4450 2210
5130 3150 4450 2230
5130 3150 4440 2220
5120 3150 4440 2220
5120 3150 4440 2210
5130 3160 4440 2220
5130 3160 4440 2220
5130 3160 4440 2210
5130 3160 4440 2220
5130 3150 4440 2240
5120 3150 4440 2240
5120 3150 4440 2250
5120 3150 4430 2230
5120 3160 4430 2220
5130 3160 4430 2230
5120 3160 4440 2230
5120 3160 4430 2220
5120 3150 4430 2220
5110 3150 4430 2230
5120 3140 4430 2220
5120 3140 4430 2200
5120 3140 4430 2200
5120 3140 4430 2200
5120 3140 4430 2200
5120 3150 4430 2230
5120 3150 4430 2220
5130 3150 4430 2220
5120 3140 4430 2230
5120 3140 4440 2220
5120 3140 4430 2220
5120 3140 4430 2230
5110 3140 4430 2230
5110 3140 4440 2210
5120 3140 4440 2210
5120 3140 4450 2200
5120 3150 4450 2220
5120 3150 4440 2240
5130 3150 4440 2250
5120 3150 4450 2240
5120 3150 4450 2230
5120 3140 4450 2220
5130 3140 4450 2230
5130 3140 4450 2230
5120 3150 4450 2230
5130 3150 4440 2240
5120 3150 4440 2230
5110 3150 4450 2230
5110 3150 4450 2230
5100 3150 4450 2220
5110 3150 4440 2230
5110 3150 4440 2210
5130 3150 4440 2230
5120 3160 4450 2220
5110 3160 4430 2240
5110 3150 4430 2220
5130 3150 4430 2230
5120 3150 4420 2220
5130 3150 4430 2210
5130 3150 4430 2220
5130 3150 4440 2230
5120 3150 4450 2220
5120 3150 4440 2220
5120 3150 4440 2220
5110 3150 4440 2220
5120 3150 4440 2210
5120 3150 4440 2210
5130 3160 4440 2210
5120 3160 4440 2210
5120 3160 4430 2220
5120 3160 4420 2240
5120 3160 4420 2250
5120 3160 4420 2250
5120 3160 4420 2260
5130 3160 4430 2270
5130 3160 4430 2260
5120 3150 4430 2250
5120 3150 4430 2220
5130 3150 4430 2220
5130 3150 4430 2230
5120 3140 4440 2240
5120 3140 4440 2230
5110 3150 4440 2220
5110 3150 4440 2240
5100 3150 4440 2240
5110 3150 4440 2230
5110 3150 4440 2230
5120 3140 4440 2240
5120 3140 4440 2240
5120 3140 4440 2230
5130 3140 4430 2220
5110 3140 4430 2230
5110 3150 4430 2220
5120 3150 4430 2220
5130 3150 4430 2220
5130 3150 4440 2220
5120 3150 4440 2210
5110 3160 4430 2220
5120 3160 4430 2230
5130 3160 4430 2230
5130 3160 4430 2220
5120 3160 4430 2220
5120 3160 4430 2210
5120 3150 4430 2210
5130 3150 4440 2230
5110 3150 4430 2230
5110 3150 4430 2220
5110 3150 4430 2230
5110 3150 4430 2230
5110 3160 4430 2220
5100 3160 4440 2210
5100 3150 4440 2210
5110 3150 4430 2220
5120 3150 4430 2210
5120 3140 4430 2210
5100 3140 4440 2220
5110 3140 4440 2230
5120 3140 4440 2240
5110 3150 4430 2240
5110 3150 4430 2240
5120 3150 4430 2250
5110 3150 4430 2230
5110 3150 4440 2240
5120 3150 4440 2230
5120 3160 4430 2230
5110 3160 4430 2240
5120 3160 4430 2230
5130 3160 4430 2230
5120 3160 4440 2220
5120 3150 4430 2220
5110 3140 4440 2200
5110 3150 4440 2220
5120 3140 4440 2230
5130 3140 4430 2220
5140 3140 4430 2240
5130 3140 4430 2220
5140 3140 4440 2230
5140 3140 4440 2240
5120 3140 4450 2250
5110 3140 4440 2240
5110 3140 4440 2230
5110 3140 4440 2230
5120 3140 4430 2240
5120 3140 4430 2230
5110 3140 4430 2230
5100 3140 4420 2220
5100 3140 4430 2220
5110 3130 4420 2220
5100 3140 4420 2210
5100 3140 4430 2220
5110 3140 4440 2230
5110 3140 4440 2220
5100 3140 4440 2220
5110 3140 4440 2210
5120 3150 4430 2210
5120 3150 4430 2200
5110 3150 4420 2230
5100 3140 4430 2230
5100 3140 4430 2220
5100 3140 4430 2220
5110 3140 4430 2220
5100 3140 4430 2210
5110 3140 4420 2230
5120 3140 4420 2230
5110 3150 4420 2230
5110 3150 4430 2240
5110 3150 4440 2220
5120 3150 4430 2240
5130 3150 4430 2220
5130 3150 4430 2230
5140 3150 4430 2240
5140 3150 4430 2240
5150 3150 4430 2240
5130 3150 4430 2230
5120 3150 4430 2230
5130 3150 4440 2220
5120 3150 4440 2220
5110 3140 4440 2210
5110 3140 4430 2220
5120 3140 4430 2230
5120 3140 4430 2230
5110 3140 4440 2240
5110 3140 4440 2230
5120 3140 4440 2240
5130 3130 4440 2230
5120 3120 4440 2240
5120 3140 4440 2230
5130 3150 4440 2210
5120 3150 4440 2210
5120 3150 4440 2210
5120 3150 4440 2220
5120 3150 4440 2230
5130 3150 4450 2240
5120 3140 4440 2240
5120 3140 4440 2220
5110 3140 4440 2210
5120 3140 4440 2210
5110 3150 4450 2200
5110 3150 4440 2200
5110 3150 4440 2200
5120 3140 4430 2210
5120 3140 4430 2210
5120 3140 4430 2230
5130 3150 4430 2240
5130 3150 4440 2220
5120 3150 4450 2240
5120 3140 4440 2230
5120 3140 4450 2240
5120 3140 4450 2230
5110 3150 4460 2220
5110 3160 4450 2240
5120 3160 4450 2230
5120 3150 4440 2240
5120 3150 4440 2240
5120 3150 4440 2230
5120 3150 4450 2220
5120 3150 4440 2240
5120 3150 4440 2240
5110 3150 4440 2240
