4880 2660 4660 2690
4880 2660 4670 2680
4870 2670 4670 2690
4880 2670 4660 2690
4880 2680 4660 2670
4880 2680 4670 2660
4880 2680 4660 2650
4880 2690 4660 2650
4870 2680 4670 2660
4870 2680 4660 2670
4880 2690 4660 2680
4880 2690 4660 2670
4880 2690 4660 2680
4880 2680 4670 2690
4880 2690 4660 2680
4880 2690 4650 2690
4890 2690 4650 2670
4880 2690 4640 2660
4880 2690 4650 2660
4880 2680 4650 2660
4890 2690 4640 2660
4890 2680 4650 2670
4890 2680 4650 2660
4890 2680 4650 2660
4890 2690 4650 2680
4890 2690 4650 2670
4880 2690 4650 2670
4880 2690 4660 2670
4880 2690 4660 2670
4880 2680 4670 2670
4880 2670 4660 2680
4880 2670 4660 2670
4880 2670 4660 2670
4890 2670 4660 2680
4870 2680 4660 2670
4880 2680 4650 2680
4890 2680 4670 2670
4890 2680 4660 2670
4890 2680 4650 2680
4890 2680 4650 2680
4890 2680 4660 2680
4910 2680 4660 2670
4910 2680 4660 2670
4910 2670 4660 2670
4890 2680 4660 2680
4890 2670 4660 2680
4890 2670 4660 2680
4890 2670 4660 2670
4880 2670 4660 2670
4890 2670 4660 2670
4890 2680 4670 2660
4890 2690 4660 2660
4890 2690 4660 2660
4890 2690 4670 2660
4910 2680 4680 2650
4910 2670 4660 2650
4910 2670 4670 2650
4910 2670 4680 2660
4910 2680 4670 2670
4910 2680 4650 2660
4890 2680 4650 2660
4880 2680 4650 2660
4880 2680 4660 2650
4880 2680 4650 2650
4880 2680 4660 2660
4880 2680 4660 2660
4880 2680 4660 2660
4870 2690 4660 2670
4880 2690 4660 2670
4880 2690 4650 2670
4880 2690 4660 2670
4880 2690 4660 2660
4890 2700 4660 2670
4880 2680 4660 2670
4880 2680 4650 2660
4880 2670 4650 2660
4880 2690 4650 2660
4880 2670 4660 2650
4870 2670 4660 2650
4870 2670 4660 2650
4870 2680 4660 2650
4870 2670 4660 2650
4870 2670 4660 2650
4880 2680 4660 2650
4880 2680 4670 2650
4880 2680 4670 2650
4880 2700 4670 2650
4880 2700 4660 2650
4880 2700 4660 2660
4880 2690 4660 2670
4870 2690 4660 2680
4870 2680 4660 2680
4870 2680 4660 2670
4860 2680 4670 2660
4860 2690 4670 2670
4860 2690 4680 2670
4860 2690 4670 2670
4870 2700 4670 2680
4870 2700 4650 2680
4880 2690 4640 2670
4880 2690 4640 2680
4880 2690 4640 2670
4890 2710 4640 2670
4880 2690 4660 2680
4880 2680 4670 2680
4880 2680 4670 2680
4880 2680 4670 2670
4880 2680 4660 2660
4880 2690 4660 2670
4870 2690 4650 2680
4880 2700 4660 2690
4880 2690 4670 2690
4880 2680 4670 2690
4880 2680 4670 2680
4880 2680 4660 2690
4880 2680 4650 2690
4870 2680 4660 2680
4860 2680 4670 2670
4870 2680 4670 2660
4870 2690 4660 2660
4870 2690 4650 2660
4880 2690 4660 2660
4890 2680 4660 2650
4890 2680 4670 2660
4890 2680 4650 2650
4890 2680 4650 2670
4890 2680 4650 2670
4880 2680 4650 2670
4880 2670 4640 2670
4890 2670 4650 2660
4880 2670 4650 2660
4880 2680 4660 2640
4890 2680 4660 2630
4880 2670 4660 2630
4890 2670 4660 2640
4890 2680 4660 2640
4890 2680 4670 2650
4890 2680 4660 2660
4890 2680 4650 2650
4880 2680 4660 2650
4880 2670 4660 2660
4880 2670 4660 2660
4890 2670 4650 2660
4890 2660 4660 2650
4880 2660 4660 2660
4880 2660 4660 2660
4880 2670 4650 2660
4880 2670 4650 2650
4880 2670 4650 2650
4880 2670 4650 2650
4880 2680 4660 2660
4890 2670 4660 2660
4890 2670 4650 2660
4890 2670 4640 2660
4890 2670 4640 2660
4890 2670 4640 2680
4880 2670 4650 2660
4880 2670 4670 2660
4890 2680 4660 2650
4890 2690 4660 2650
4890 2690 4660 2660
4890 2690 4660 2650
4890 2690 4670 2660
4890 2690 4660 2660
4890 2680 4650 2660
4880 2680 4640 2670
4880 2680 4640 2660
4880 2680 4640 2660
4880 2680 4650 2660
4880 2680 4650 2660
4880 2680 4660 2650
4870 2680 4670 2660
4870 2680 4650 2650
4870 2680 4660 2650
4870 2670 4660 2650
4870 2670 4660 2660
4870 2670 4650 2660
4880 2680 4650 2670
4880 2680 4650 2670
4880 2680 4650 2670
4880 2670 4660 2680
4890 2690 4660 2670
4890 2680 4660 2670
4890 2680 4650 2670
4890 2680 4650 2660
4890 2670 4660 2660
4890 2660 4660 2670
4890 2670 4660 2670
4890 2670 4670 2670
4890 2660 4680 2660
4890 2660 4680 2670
4890 2660 4680 2670
4880 2670 4680 2680
4880 2680 4670 2680
4860 2670 4660 2680
4870 2670 4650 2680
4870 2670 4640 2680
4860 2670 4640 2670
4870 2670 4650 2670
4870 2670 4660 2670
4880 2680 4660 2670
4880 2680 4660 2660
4870 2680 4650 2660
4880 2680 4650 2660
4870 2680 4640 2650
4880 2680 4650 2660
