4610 2180 4970 3150
4610 2170 4960 3140
4610 2180 4970 3140
4610 2180 4970 3140
4600 2180 4970 3140
4610 2160 4980 3140
4610 2170 4990 3130
4610 2180 4980 3140
4600 2180 4970 3130
4600 2170 4960 3130
4610 2170 4960 3130
4610 2170 4950 3130
4620 2180 4970 3130
4620 2180 4960 3140
4610 2190 4960 3130
4610 2190 4970 3130
4600 2190 4970 3140
4600 2190 4960 3140
4600 2190 4960 3130
4600 2190 4970 3130
4600 2190 4990 3130
4610 2200 4990 3130
4610 2200 4980 3130
4610 2200 4950 3120
4610 2200 4970 3130
4610 2200 4980 3130
4600 2190 4980 3130
4610 2200 4960 3130
4610 2200 4960 3130
4610 2200 4970 3120
4610 2190 4970 3130
4610 2190 4980 3130
4610 2190 4980 3130
4610 2180 4980 3130
4610 2200 4970 3140
4610 2200 4970 3130
4610 2190 4970 3130
4600 2190 4950 3130
4600 2180 4960 3140
4610 2190 4950 3140
4620 2190 4950 3130
4610 2180 4940 3140
4610 2190 4960 3140
4620 2190 4960 3140
4620 2190 4950 3130
4620 2190 4950 3130
4610 2190 4960 3140
4610 2200 4960 3140
4610 2200 4960 3140
4610 2190 4960 3140
4610 2190 4960 3140
4610 2190 4960 3140
4610 2180 4940 3150
4620 2200 4940 3150
4620 2200 4940 3150
4620 2200 4960 3140
4620 2190 4950 3130
4620 2180 4940 3120
4620 2180 4940 3140
4620 2180 4960 3140
4620 2180 4960 3140
4620 2180 4960 3150
4610 2190 4950 3140
4600 2190 4950 3150
4610 2200 4960 3140
4610 2190 4960 3150
4610 2180 4960 3150
4610 2180 4970 3140
4610 2190 4960 3140
4610 2180 4950 3150
4600 2170 4950 3150
4600 2170 4960 3150
4600 2180 4980 3150
4610 2180 4970 3150
4610 2190 4960 3130
4610 2180 4970 3140
4610 2180 4980 3140
4600 2180 4980 3140
4600 2180 4970 3130
4600 2180 4950 3140
4600 2180 4950 3140
4600 2190 4940 3140
4600 2200 4950 3130
4600 2180 4950 3140
4600 2190 4960 3140
4600 2190 4970 3140
4600 2180 4960 3140
4610 2190 4960 3140
4610 2190 4960 3140
4610 2190 4980 3130
4610 2190 4970 3130
4610 2190 4950 3130
4610 2190 4950 3140
4610 2200 4950 3140
4610 2200 4960 3130
4610 2200 4960 3130
4610 2190 4970 3130
4610 2190 4960 3140
4610 2190 4950 3150
4620 2190 4950 3140
4610 2190 4950 3140
4610 2190 4950 3140
4610 2190 4970 3140
4610 2190 4960 3140
4620 2190 4960 3140
4620 2190 4980 3140
4620 2180 4980 3130
4620 2190 4970 3140
4610 2180 4960 3140
4610 2180 4950 3140
4610 2180 4950 3150
4610 2190 4950 3140
4610 2190 4950 3140
4610 2190 4950 3140
4610 2190 4950 3140
4610 2190 4960 3150
4610 2190 4980 3150
4620 2190 4970 3150
4620 2190 4970 3150
4610 2190 4970 3140
4610 2190 4970 3140
4610 2180 4960 3130
4610 2170 4950 3140
4610 2170 4940 3130
4610 2170 4930 3130
4610 2180 4940 3130
4610 2190 4950 3120
4620 2190 4960 3130
4610 2190 4970 3150
4610 2190 4960 3140
4620 2190 4950 3130
4620 2190 4950 3140
4620 2190 4950 3130
4620 2190 4950 3130
4610 2190 4950 3130
4610 2180 4970 3140
4610 2180 4970 3150
4610 2170 4980 3150
4610 2160 4960 3140
4610 2170 4970 3130
4610 2170 4960 3140
4620 2180 4970 3140
4610 2180 4970 3140
4610 2170 4950 3160
4610 2190 4960 3150
4610 2190 4960 3150
4610 2190 4950 3140
4610 2190 4960 3150
4610 2180 4960 3140
4610 2180 4950 3140
4610 2180 4950 3140
4610 2180 4970 3130
4610 2190 4980 3130
4610 2190 4980 3130
4610 2180 4970 3130
4610 2180 4960 3140
4610 2190 4950 3140
4610 2200 4960 3130
4610 2210 4950 3120
4610 2210 4950 3120
4610 2200 4960 3120
4610 2200 4960 3130
4610 2200 4960 3140
4620 2200 4960 3130
4610 2200 4960 3130
4610 2200 4960 3130
4610 2200 4960 3140
4610 2200 4960 3140
4610 2200 4960 3140
4610 2200 4950 3140
4610 2200 4940 3140
4600 2200 4950 3130
4600 2190 4960 3130
4610 2190 4960 3150
4610 2200 4970 3150
4610 2200 4950 3150
4610 2200 4960 3150
4610 2200 4950 3150
4610 2190 4960 3150
4610 2190 4960 3150
4610 2190 4950 3140
4620 2190 4960 3140
4610 2180 4960 3160
4610 2180 4950 3150
4620 2180 4960 3150
4620 2180 4960 3140
4620 2180 4960 3130
4610 2180 4950 3140
4600 2180 4970 3140
4600 2190 4960 3150
4580 2190 4950 3150
