4430 1710 5300 3690
4430 1710 5310 3690
4430 1690 5300 3690
4430 1690 5300 3690
4430 1700 5310 3690
4430 1710 5320 3690
4440 1720 5320 3690
4430 1720 5320 3690
4430 1720 5320 3690
4440 1710 5320 3690
4440 1750 5320 3690
4430 1740 5320 3690
4430 1740 5320 3690
4430 1740 5320 3690
4440 1740 5320 3690
4440 1720 5320 3680
4440 1700 5310 3680
4450 1700 5300 3680
4450 1710 5300 3680
4440 1710 5300 3680
4440 1690 5310 3680
4440 1710 5310 3680
4440 1710 5300 3680
4440 1710 5300 3680
4430 1700 5300 3680
4430 1680 5300 3680
4440 1670 5300 3680
4440 1670 5300 3680
4440 1670 5300 3690
4440 1670 5300 3690
4420 1670 5310 3690
4420 1670 5300 3690
4430 1670 5300 3690
4430 1690 5300 3680
4440 1680 5300 3680
4430 1700 5310 3680
4420 1700 5310 3680
4430 1690 5310 3680
4430 1680 5300 3690
4440 1680 5300 3690
4440 1680 5300 3690
4440 1680 5300 3690
4430 1690 5300 3690
4430 1700 5300 3690
4430 1700 5290 3690
4420 1690 5290 3690
4420 1710 5290 3690
4420 1700 5300 3690
4430 1710 5300 3690
4440 1690 5300 3690
4430 1700 5310 3680
4430 1700 5320 3680
4440 1690 5320 3690
4430 1690 5320 3690
4430 1690 5320 3690
4430 1700 5320 3690
4430 1710 5310 3680
4430 1710 5300 3680
4440 1700 5300 3680
4440 1690 5300 3680
4450 1700 5300 3680
4450 1700 5310 3680
4450 1700 5310 3680
4440 1700 5310 3680
4440 1690 5320 3680
4440 1680 5320 3680
4420 1680 5310 3680
4420 1700 5300 3680
4430 1700 5300 3680
4440 1700 5300 3680
4430 1700 5290 3690
4430 1700 5310 3690
4430 1710 5310 3690
4430 1690 5310 3690
4430 1690 5300 3690
4430 1690 5300 3690
4440 1690 5300 3690
4430 1690 5310 3690
4430 1690 5310 3690
4430 1690 5300 3690
4430 1710 5310 3680
4440 1710 5310 3680
4430 1700 5310 3680
4430 1700 5320 3690
4430 1690 5320 3690
4430 1700 5310 3690
4430 1690 5310 3690
4430 1680 5310 3690
4440 1680 5310 3680
4440 1680 5300 3680
4440 1680 5300 3680
4430 1690 5300 3680
4430 1690 5300 3680
4430 1690 5300 3680
4440 1710 5300 3680
4440 1700 5310 3680
4440 1690 5310 3680
4430 1700 5300 3680
4430 1710 5300 3680
4430 1690 5290 3690
4430 1690 5290 3680
4430 1690 5290 3680
4430 1700 5300 3680
4430 1710 5300 3680
4430 1690 5300 3690
4420 1710 5300 3690
4430 1690 5300 3680
4420 1680 5300 3680
4420 1690 5290 3680
4420 1680 5290 3680
4420 1690 5280 3680
4430 1700 5280 3680
4430 1700 5290 3680
4440 1690 5300 3680
4430 1700 5310 3690
4430 1700 5310 3680
4420 1700 5310 3680
4430 1690 5300 3680
4440 1690 5290 3680
4440 1690 5290 3670
4440 1680 5290 3670
4430 1680 5300 3680
4430 1690 5300 3680
4430 1690 5300 3670
4430 1710 5300 3670
4420 1710 5310 3670
4420 1710 5300 3680
4420 1710 5290 3680
4420 1690 5280 3680
4420 1690 5280 3680
4430 1680 5300 3680
4430 1690 5310 3680
4430 1710 5300 3680
4440 1710 5290 3680
4440 1700 5290 3680
4450 1710 5300 3690
4440 1700 5300 3680
4440 1700 5290 3680
4440 1700 5290 3680
4440 1700 5290 3680
4430 1690 5280 3690
4440 1700 5300 3680
4440 1710 5300 3680
4430 1710 5300 3680
4440 1710 5300 3680
4440 1710 5300 3680
4430 1710 5300 3680
4430 1710 5310 3680
4430 1700 5300 3690
4430 1710 5290 3690
4440 1720 5290 3690
4440 1700 5290 3690
4430 1700 5280 3690
4420 1720 5300 3690
4430 1720 5300 3700
4420 1720 5290 3700
4420 1720 5290 3700
4410 1710 5290 3700
4410 1700 5300 3690
4420 1710 5310 3690
4430 1710 5310 3690
4430 1720 5300 3680
4430 1720 5300 3680
4430 1700 5310 3680
4440 1700 5300 3680
4440 1690 5290 3680
4430 1690 5290 3690
4430 1690 5290 3690
4440 1690 5300 3690
4440 1700 5300 3690
4440 1690 5300 3690
4440 1700 5300 3690
4440 1700 5290 3690
4440 1710 5290 3690
4430 1680 5310 3680
4420 1670 5300 3670
4420 1700 5320 3680
4420 1690 5320 3680
4420 1710 5320 3680
4430 1710 5310 3690
4440 1700 5310 3690
4440 1700 5310 3690
4440 1710 5310 3690
4440 1700 5310 3690
4440 1700 5310 3690
4440 1710 5310 3690
4430 1710 5310 3690
4430 1720 5310 3680
4430 1720 5320 3690
4430 1710 5320 3690
4430 1710 5320 3690
4430 1710 5310 3690
4440 1710 5310 3690
4440 1690 5310 3700
4430 1700 5310 3700
4430 1700 5310 3700
4430 1690 5300 3690
4420 1690 5300 3690
4430 1700 5310 3680
4430 1690 5310 3680
4430 1710 5300 3680
4430 1700 5310 3680
4440 1720 5310 3690
4440 1700 5310 3690
4430 1700 5300 3690
4430 1700 5300 3690
4430 1690 5310 3690
4430 1690 5310 3690
4430 1700 5310 3690
4430 1700 5310 3690
4430 1690 5310 3690
4440 1700 5310 3690
4440 1690 5310 3690
4440 1700 5310 3690
4440 1690 5300 3690
4430 1700 5300 3690
4440 1700 5290 3680
4430 1700 5300 3690
4430 1710 5290 3680
4440 1700 5290 3680
4440 1710 5300 3690
4440 1710 5300 3690
4440 1690 5300 3690
4440 1680 5310 3690
4440 1690 5310 3690
