4330 1360 5660 4130
4320 1360 5660 4120
4310 1350 5670 4120
4310 1350 5680 4120
4320 1350 5680 4120
4320 1350 5670 4120
4320 1350 5660 4130
4320 1350 5670 4120
4320 1350 5660 4120
4320 1340 5660 4120
4320 1330 5670 4120
4310 1340 5670 4120
4310 1340 5670 4110
4310 1340 5670 4110
4310 1340 5670 4110
4310 1350 5670 4110
4310 1360 5670 4110
4310 1350 5670 4110
4310 1350 5670 4110
4310 1350 5670 4110
4320 1340 5670 4110
4320 1340 5660 4120
4310 1340 5660 4120
4320 1330 5650 4120
4320 1330 5650 4120
4320 1330 5650 4120
4320 1340 5650 4110
4310 1360 5650 4120
4310 1370 5650 4120
4310 1370 5650 4110
4310 1350 5650 4120
4320 1360 5650 4120
4310 1350 5660 4120
4310 1360 5660 4120
4310 1360 5660 4120
4310 1360 5660 4120
4310 1360 5660 4120
4320 1360 5660 4120
4330 1380 5660 4130
4330 1370 5660 4120
4330 1350 5660 4120
4320 1350 5660 4120
4320 1350 5670 4120
4340 1370 5660 4120
4340 1350 5660 4120
4330 1370 5670 4110
4320 1370 5680 4110
4330 1360 5680 4110
4330 1350 5680 4120
4330 1350 5680 4120
4330 1350 5680 4120
4320 1340 5690 4120
4320 1340 5690 4120
4320 1350 5680 4120
4330 1350 5670 4120
4330 1350 5670 4120
4320 1340 5670 4120
4320 1330 5660 4120
4320 1350 5660 4120
4320 1340 5660 4120
4320 1340 5660 4120
4320 1340 5660 4120
4320 1330 5660 4120
4320 1320 5660 4120
4320 1340 5660 4120
4320 1340 5660 4120
4310 1350 5660 4120
4310 1360 5660 4120
4310 1360 5660 4120
4320 1350 5660 4130
4320 1350 5660 4130
4320 1330 5660 4130
4320 1330 5660 4130
4320 1330 5670 4130
4320 1340 5670 4130
4330 1330 5670 4130
4330 1340 5670 4130
4330 1340 5670 4130
4320 1340 5670 4130
4320 1350 5660 4130
4320 1340 5660 4130
4330 1350 5670 4130
4330 1360 5670 4130
4320 1360 5670 4130
4320 1350 5660 4120
4320 1350 5660 4120
4320 1350 5660 4120
4330 1350 5660 4120
4330 1340 5660 4110
4330 1340 5660 4120
4320 1340 5670 4130
4320 1340 5670 4120
4310 1350 5670 4120
4320 1350 5670 4120
4320 1340 5670 4120
4320 1340 5660 4120
4320 1330 5660 4120
4320 1330 5660 4120
4310 1340 5660 4120
4320 1340 5670 4120
4330 1340 5670 4120
4340 1340 5670 4120
4330 1340 5660 4120
4320 1340 5660 4120
4330 1340 5660 4120
4330 1330 5660 4120
4330 1340 5660 4120
4300 1350 5660 4130
4340 1360 5650 4120
4320 1340 5650 4130
4330 1350 5650 4120
4320 1350 5650 4120
4340 1340 5650 4130
4320 1350 5660 4120
4320 1350 5660 4120
4320 1350 5660 4120
4320 1350 5670 4120
4330 1350 5670 4120
4320 1350 5660 4120
4320 1350 5660 4120
4320 1350 5660 4120
4310 1360 5650 4120
4310 1350 5660 4120
4300 1350 5650 4120
4310 1350 5650 4120
4320 1340 5650 4120
4310 1360 5670 4110
4310 1370 5660 4120
4310 1360 5670 4120
4310 1350 5660 4120
4300 1340 5660 4130
4310 1340 5660 4130
4310 1340 5660 4130
4310 1340 5660 4120
4310 1340 5660 4120
4310 1330 5660 4130
4310 1330 5670 4130
4310 1350 5670 4130
4310 1360 5670 4130
4310 1370 5670 4130
4320 1370 5660 4120
4320 1360 5670 4120
4320 1360 5670 4110
4310 1350 5670 4120
4300 1350 5670 4120
4300 1350 5660 4130
4310 1340 5670 4120
4300 1340 5670 4120
4310 1340 5670 4120
4300 1340 5670 4120
4310 1350 5670 4120
4300 1350 5670 4120
4300 1350 5680 4110
4300 1340 5680 4120
4300 1340 5690 4120
4310 1350 5690 4120
4300 1340 5670 4120
4300 1330 5660 4120
4290 1350 5660 4120
4300 1360 5660 4120
4310 1340 5660 4130
4310 1330 5660 4130
4310 1340 5650 4130
4320 1330 5640 4130
4320 1330 5640 4130
4310 1330 5650 4130
4310 1330 5650 4130
4300 1330 5650 4130
4330 1320 5660 4120
4320 1340 5660 4120
4320 1330 5660 4130
4320 1330 5660 4130
4320 1350 5660 4120
4320 1350 5660 4120
4320 1360 5660 4120
4320 1340 5670 4120
4320 1340 5670 4110
4320 1350 5670 4120
4310 1340 5670 4110
4310 1340 5670 4110
4310 1340 5670 4120
4310 1340 5670 4120
4320 1340 5670 4120
4320 1350 5670 4120
4320 1330 5660 4120
4320 1330 5650 4130
4320 1330 5660 4130
4320 1340 5660 4130
4320 1330 5650 4130
4320 1330 5660 4130
4320 1340 5670 4130
4320 1340 5670 4130
4310 1350 5670 4130
4300 1360 5670 4130
4310 1360 5670 4130
4320 1350 5660 4140
4330 1350 5660 4130
4330 1350 5660 4140
4330 1350 5660 4130
4320 1340 5660 4140
