4140 1070 6010 4660
4140 1070 6020 4660
4130 1070 6030 4670
4130 1070 6030 4660
4140 1070 6030 4660
4140 1060 6030 4660
4150 1060 6030 4660
4150 1070 6030 4650
4150 1060 6020 4650
4160 1060 6020 4650
4150 1060 6030 4660
4150 1060 6030 4660
4130 1060 6040 4660
4140 1060 6040 4660
4140 1060 6040 4670
4140 1060 6030 4660
4140 1060 6040 4660
4130 1060 6030 4660
4130 1060 6030 4660
4150 1060 6030 4660
4150 1060 6030 4670
4150 1060 6030 4670
4160 1060 6030 4660
4160 1060 6020 4650
4150 1070 6030 4650
4160 1070 6030 4660
4150 1060 6030 4660
4130 1060 6040 4660
4140 1060 6030 4660
4140 1060 6030 4660
4140 1060 6020 4660
4140 1050 6010 4660
4140 1060 6040 4660
4140 1060 6030 4660
4140 1060 6030 4660
4140 1060 6030 4660
4150 1060 6030 4660
4150 1060 6030 4660
4160 1060 6030 4660
4160 1060 6030 4660
4150 1070 6030 4660
4160 1070 6040 4660
4160 1060 6040 4660
4160 1060 6030 4660
4160 1060 6020 4670
4160 1050 6020 4670
4150 1050 6020 4660
4130 1060 6020 4660
4140 1060 6020 4650
4130 1060 6020 4660
4130 1060 6020 4660
4120 1060 6010 4660
4120 1060 6020 4660
4130 1060 6020 4660
4140 1070 6030 4660
4140 1060 6030 4650
4130 1050 6030 4660
4130 1050 6030 4660
4130 1050 6020 4660
4140 1050 6020 4660
4140 1050 6020 4660
4140 1050 6020 4670
4140 1050 6020 4660
4140 1060 6010 4660
4130 1070 6020 4670
4120 1070 6020 4660
4130 1060 6030 4660
4130 1060 6030 4650
4130 1060 6030 4660
4130 1060 6030 4660
4130 1060 6020 4660
4140 1070 6020 4660
4140 1070 6010 4660
4140 1070 6010 4660
4140 1060 6010 4650
4130 1060 6010 4650
4130 1060 6010 4650
4130 1060 6020 4650
4130 1060 6020 4640
4140 1050 6030 4640
4140 1050 6020 4650
4140 1050 6040 4660
4140 1050 6040 4660
4150 1050 6040 4660
4150 1050 6040 4650
4140 1060 6030 4650
4130 1060 6040 4660
4130 1050 6030 4660
4130 1060 6030 4660
4140 1060 6030 4650
4140 1060 6040 4650
4130 1070 6030 4650
4140 1070 6030 4660
4140 1060 6020 4660
4130 1070 6030 4660
4140 1060 6030 4670
4140 1060 6020 4660
4140 1060 6020 4660
4130 1060 6030 4650
4130 1060 6030 4650
4140 1060 6030 4650
4140 1060 6030 4650
4140 1050 6030 4650
4130 1050 6030 4660
4140 1060 6030 4670
4140 1060 6040 4660
4130 1060 6050 4650
4140 1060 6050 4650
4140 1060 6050 4660
4130 1050 6040 4660
4130 1050 6040 4660
4130 1050 6040 4650
4140 1060 6030 4650
4140 1060 6030 4650
4120 1060 6030 4650
4120 1060 6030 4660
4120 1060 6030 4660
4140 1070 6020 4660
4130 1070 6010 4660
4130 1060 6020 4650
4130 1060 6020 4650
4130 1060 6020 4650
4130 1060 6030 4650
4130 1060 6030 4650
4120 1060 6030 4650
4130 1070 6040 4650
4130 1070 6030 4650
4130 1060 6030 4660
4130 1060 6010 4660
4130 1060 6030 4660
4120 1070 6020 4650
4130 1060 6020 4650
4130 1060 6020 4650
4140 1060 6010 4650
4150 1070 6020 4650
4140 1060 6020 4650
4130 1060 6020 4650
4130 1060 6020 4650
4140 1060 6030 4660
4140 1060 6030 4670
4140 1060 6020 4660
4140 1060 6020 4650
4140 1060 6030 4660
4140 1060 6020 4660
4130 1050 6010 4660
4130 1050 6020 4650
4130 1060 6020 4640
4130 1060 6010 4640
4130 1060 6010 4640
4140 1060 6020 4640
4140 1060 6010 4650
4140 1060 6020 4650
4140 1060 6020 4650
4140 1060 6030 4650
4130 1060 6030 4650
4130 1070 6030 4650
4130 1060 6030 4650
4130 1060 6030 4650
4130 1060 6030 4650
4130 1050 6040 4660
4130 1050 6030 4670
4140 1040 6040 4670
4130 1040 6030 4660
4130 1050 6040 4660
4130 1050 6040 4670
4130 1060 6030 4670
4140 1060 6040 4670
4140 1070 6040 4660
4130 1070 6030 4660
4130 1060 6030 4660
4130 1060 6040 4660
4130 1060 6040 4670
4130 1060 6020 4660
4140 1060 6020 4660
4130 1070 6020 4650
4130 1060 6020 4660
4130 1060 6020 4650
4140 1060 6020 4660
4150 1060 6020 4660
4140 1060 6030 4670
4130 1070 6030 4670
4130 1060 6030 4660
4130 1070 6040 4660
4130 1070 6030 4660
4130 1060 6030 4660
4130 1060 6020 4660
4130 1060 6010 4660
4130 1070 6010 4650
4140 1070 6010 4650
4130 1070 6010 4640
4140 1070 6020 4650
4130 1070 6010 4650
4130 1060 6020 4650
4130 1060 6020 4660
4140 1060 6010 4650
4140 1060 6010 4660
4140 1060 6010 4660
4130 1060 6010 4660
4140 1060 6010 4660
