4620 680 6340 4520
4620 690 6330 4520
4610 690 6320 4520
4630 690 6330 4510
4630 670 6340 4500
4630 660 6350 4500
4630 660 6350 4500
4610 670 6350 4500
4600 680 6350 4510
4610 680 6340 4510
4620 680 6330 4500
4620 680 6340 4500
4620 680 6340 4500
4620 690 6330 4510
4610 690 6320 4500
4610 700 6330 4500
4600 690 6340 4510
4600 690 6320 4510
4600 680 6330 4510
4600 680 6330 4510
4600 680 6330 4510
4600 680 6340 4500
4600 680 6340 4500
4600 670 6340 4500
4610 670 6330 4510
4620 670 6340 4510
4640 670 6330 4500
4630 670 6330 4510
4620 680 6330 4500
4620 690 6330 4510
4620 690 6330 4510
4620 690 6340 4500
4620 680 6330 4500
4630 690 6330 4510
4620 680 6340 4510
4630 680 6340 4520
4630 670 6340 4520
4640 670 6330 4510
4630 670 6320 4510
4630 680 6340 4500
4630 670 6340 4500
4630 670 6330 4500
4630 690 6330 4520
4640 690 6330 4520
4640 690 6340 4510
4640 680 6340 4530
4640 680 6350 4530
4630 680 6350 4530
4630 670 6350 4520
4650 680 6350 4520
4640 700 6350 4510
4630 700 6350 4510
4620 700 6350 4510
4610 700 6350 4500
4610 700 6340 4500
4610 680 6350 4500
4610 690 6350 4500
4610 680 6340 4510
4610 680 6340 4500
4630 660 6340 4510
4630 670 6340 4510
4630 670 6340 4520
4620 670 6340 4520
4620 670 6350 4520
4620 670 6350 4520
4620 670 6340 4520
4620 670 6340 4510
4620 670 6340 4500
4620 660 6340 4510
4610 670 6340 4510
4610 670 6350 4510
4610 670 6350 4500
4610 670 6350 4510
4610 680 6350 4510
4610 670 6340 4500
4610 670 6340 4500
4620 670 6340 4500
4630 680 6320 4500
4630 670 6330 4500
4630 670 6340 4510
4630 670 6340 4510
4630 670 6330 4510
4630 670 6340 4510
4630 670 6350 4500
4620 670 6350 4500
4620 670 6350 4510
4610 670 6350 4510
4620 670 6340 4500
4620 680 6350 4500
4620 690 6340 4500
4640 700 6340 4500
4630 700 6350 4500
4630 690 6360 4500
4630 680 6350 4500
4640 680 6340 4510
4630 680 6350 4510
4630 690 6360 4510
4630 670 6340 4510
4620 680 6340 4500
4620 680 6340 4500
4620 680 6350 4500
4640 680 6350 4500
4620 680 6340 4510
4640 680 6330 4520
4630 660 6340 4520
4630 660 6340 4510
4620 660 6340 4520
4630 670 6340 4510
4630 670 6330 4510
4630 660 6330 4510
4620 660 6330 4500
4610 660 6330 4500
4610 680 6330 4500
4610 680 6330 4490
4610 670 6330 4490
4610 670 6330 4490
4610 680 6340 4500
4630 670 6350 4500
4630 670 6350 4500
4640 660 6340 4500
4640 670 6350 4510
4640 680 6350 4520
4630 670 6340 4510
4620 670 6340 4510
4620 660 6330 4510
4620 660 6330 4510
4620 660 6340 4510
4620 660 6330 4510
4630 670 6340 4500
4640 660 6330 4500
4640 660 6330 4500
4630 670 6330 4500
4630 680 6330 4500
4620 690 6320 4500
4620 680 6340 4500
4630 680 6340 4500
4650 680 6340 4500
4650 670 6350 4510
4630 680 6350 4520
4620 680 6350 4520
4640 680 6350 4520
4640 680 6350 4520
4640 680 6340 4510
4640 690 6330 4520
4630 690 6340 4510
4630 680 6350 4510
4630 670 6340 4500
4630 670 6340 4510
4630 670 6340 4510
4630 660 6330 4510
4620 660 6340 4500
4620 670 6340 4500
4620 660 6350 4500
4620 660 6350 4490
4620 670 6350 4490
4620 660 6360 4490
4620 660 6360 4500
4620 660 6360 4500
4620 660 6360 4500
4630 670 6340 4500
4640 690 6330 4500
4630 680 6330 4500
4630 670 6330 4500
4630 670 6330 4490
4630 670 6330 4490
4630 670 6330 4500
4630 690 6340 4500
4630 680 6340 4500
4630 670 6340 4510
4640 670 6350 4510
4630 660 6350 4510
4620 660 6340 4500
4630 670 6340 4510
4630 670 6340 4500
4640 680 6340 4500
4640 680 6340 4500
4640 680 6330 4510
4630 670 6330 4510
4640 680 6340 4510
4630 680 6350 4500
4640 660 6350 4500
4630 670 6340 4510
4630 670 6340 4510
4630 680 6330 4500
4610 700 6340 4500
4610 680 6330 4510
4620 670 6330 4500
4620 670 6330 4510
4610 670 6330 4500
4610 670 6330 4490
4610 650 6330 4500
4610 650 6330 4490
4630 670 6330 4490
4630 670 6330 4500
4630 660 6330 4500
4640 660 6330 4510
4640 660 6330 4510
4630 660 6330 4520
4630 660 6320 4520
4620 670 6330 4520
4620 680 6330 4520
4620 680 6330 4520
4620 690 6340 4520
4620 690 6340 4520
4620 680 6330 4510
4630 670 6320 4510
4630 660 6320 4510
4640 670 6330 4510
4630 670 6330 4500
4640 670 6340 4500
4630 670 6330 4510
4620 670 6340 4520
4640 670 6340 4520
4630 660 6330 4510
4630 660 6330 4500
4640 660 6320 4510
4630 650 6330 4520
4620 650 6330 4520
4620 660 6340 4500
4640 670 6350 4500
4630 670 6350 4510
4640 680 6350 4500
4630 680 6350 4510
4620 680 6350 4500
4610 670 6340 4500
4630 670 6330 4510
4640 660 6330 4510
4630 660 6340 4510
4630 660 6340 4500
4620 660 6330 4500
4620 670 6340 4500
4620 660 6340 4500
4610 660 6340 4500
4620 660 6330 4500
4620 680 6330 4510
4610 660 6340 4510
4610 680 6340 4500
4610 680 6340 4500
4610 680 6340 4500
4630 680 6330 4500
4630 670 6340 4500
4620 660 6330 4500
4620 660 6330 4520
4630 670 6330 4520
4630 670 6330 4520
4630 660 6330 4510
4630 670 6320 4510
4620 670 6330 4520
4620 660 6320 4520
4610 680 6330 4520
4610 660 6330 4510
4610 670 6330 4510
4610 670 6330 4500
4600 680 6330 4490
4610 680 6330 4500
4620 670 6330 4500
4620 680 6340 4500
4620 670 6330 4490
4630 680 6340 4490
4630 670 6350 4490
4620 670 6350 4490
4610 680 6350 4500
4610 690 6350 4500
4610 690 6330 4500
4610 670 6340 4510
4610 670 6350 4510
4610 680 6350 4510
4620 670 6350 4510
4620 670 6340 4510
4620 660 6340 4510
4610 660 6340 4510
4610 670 6340 4500
4620 670 6340 4500
4630 660 6330 4510
4630 660 6320 4510
4630 650 6320 4520
4640 660 6320 4510
4640 670 6330 4510
4650 690 6330 4510
4650 690 6340 4510
4630 690 6330 4500
4620 680 6330 4500
4620 690 6330 4500
4620 670 6340 4500
4640 690 6350 4500
4640 690 6340 4510
4640 690 6340 4510
4650 690 6330 4510
4630 680 6320 4500
4630 670 6320 4500
4630 660 6330 4500
4630 670 6320 4510
4630 660 6330 4500
4630 690 6330 4500
4630 680 6330 4500
4630 680 6320 4510
4630 670 6330 4520
4630 650 6340 4510
4640 650 6340 4500
4640 670 6350 4500
4630 680 6340 4510
4630 700 6340 4510
4630 700 6340 4500
4630 700 6350 4490
4630 710 6350 4500
4620 690 6350 4510
4620 700 6360 4510
4630 700 6360 4500
4630 680 6360 4500
4620 690 6350 4510
4610 680 6350 4510
4620 680 6340 4510
4620 670 6330 4510
4620 660 6330 4500
4630 660 6330 4500
4630 660 6330 4500
4630 650 6330 4500
4630 650 6330 4500
4620 660 6330 4510
4620 660 6330 4510
4630 650 6330 4510
4630 660 6340 4510
4620 680 6340 4510
4620 680 6350 4520
4630 680 6340 4530
4630 690 6340 4520
4670 670 6340 4500
4650 680 6330 4510
