4710 1080 5970 4080
4710 1080 5970 4090
4710 1080 5960 4090
4700 1080 5960 4090
4700 1080 5970 4080
4720 1080 5970 4070
4720 1080 5980 4070
4730 1060 5980 4060
4730 1060 5980 4070
4710 1070 5980 4080
4710 1080 5980 4080
4710 1090 5980 4080
4710 1090 5980 4090
4710 1090 5980 4080
4700 1080 5980 4080
4700 1080 5980 4080
4720 1070 5970 4080
4710 1070 5980 4070
4720 1060 5980 4070
4700 1070 5980 4080
4710 1050 5980 4080
4710 1060 5970 4090
4710 1070 5970 4080
4710 1070 5970 4080
4720 1070 5970 4070
4710 1070 5970 4060
4710 1070 5970 4080
4710 1070 5970 4080
4710 1070 5980 4090
4710 1060 5970 4080
4720 1050 5970 4080
4730 1050 5970 4090
4730 1050 5960 4090
4720 1050 5960 4090
4720 1050 5960 4080
4730 1060 5970 4080
4720 1070 5970 4080
4710 1080 5960 4080
4710 1060 5970 4080
4710 1070 5980 4080
4720 1060 5980 4080
4710 1060 5990 4080
4710 1060 5980 4080
4710 1070 5980 4080
4720 1080 5980 4080
4710 1070 5980 4080
4720 1060 5980 4080
4730 1050 5970 4080
4740 1060 5970 4080
4730 1070 5980 4080
4730 1060 5980 4080
4730 1050 5980 4070
4730 1050 5980 4060
4720 1050 5970 4070
4710 1060 5970 4070
4710 1070 5970 4070
4720 1070 5980 4070
4710 1080 5990 4070
4720 1080 5990 4070
4710 1080 5990 4080
4720 1080 6000 4080
4720 1070 5980 4070
4720 1050 5980 4070
4730 1060 5980 4070
4730 1070 5980 4070
4710 1060 5990 4070
4710 1060 5990 4070
4710 1060 5980 4070
4720 1060 5980 4070
4710 1060 5980 4070
4720 1070 5980 4080
4710 1080 5970 4080
4720 1060 5970 4080
4710 1050 5980 4070
4720 1060 5980 4070
4710 1060 5970 4080
4710 1070 5960 4080
4710 1060 5970 4080
4710 1080 5980 4080
4720 1070 5980 4080
4700 1080 5980 4090
4690 1070 5980 4080
4690 1070 5980 4080
4690 1060 5990 4070
4700 1060 5990 4070
4700 1080 5990 4070
4700 1070 5990 4070
4710 1070 5990 4070
4720 1080 5990 4070
4710 1090 5990 4070
4710 1090 5980 4080
4700 1080 5980 4090
4700 1070 5980 4080
4700 1060 5970 4080
4700 1070 5970 4080
4700 1060 5980 4080
4710 1060 5980 4080
4710 1060 5980 4080
4720 1070 5980 4080
4720 1090 5980 4080
4710 1090 5980 4090
4710 1070 5980 4090
4710 1080 5980 4080
4710 1090 5980 4080
4720 1080 5980 70
4720 1090 5980 4080
4710 1080 5980 4080
4710 1060 5970 4080
4710 1060 5970 4080
4730 1070 5970 4080
4730 1070 5970 4080
4730 1060 5970 4080
4730 1060 5970 4080
4720 1070 5970 4080
4710 1060 5980 4070
4710 1050 5980 4070
4730 1050 5980 4070
4730 1070 5990 4070
4730 1050 5990 4070
4730 1060 5990 4070
4730 1060 5990 4080
4730 1060 5990 4080
4730 1080 5990 4080
4730 1080 5990 4080
4730 1090 5980 4080
4720 1090 5970 4080
4720 1090 5970 4080
4710 1090 5970 4070
4720 1070 5970 4070
4700 1080 5970 4070
4720 1050 5990 4070
4720 1070 5990 4070
4710 1070 5990 4070
4710 1070 5990 4070
4690 1080 5990 4080
4690 1060 5980 4070
4700 1060 5980 4070
4720 1070 5980 4080
4710 1080 5980 4080
4720 1090 5980 4070
4720 1080 5980 4070
4720 1080 5980 4070
4720 1090 5980 4070
4710 1080 5990 4070
4700 1080 5990 4070
4700 1070 5990 4070
4700 1080 5990 4070
4700 1080 5990 4070
4700 1060 5980 4070
4700 1060 5990 4070
4710 1070 5990 4070
4720 1060 5990 4080
4720 1060 5990 4080
4710 1070 5990 4080
4720 1060 5990 4080
4720 1070 5990 4080
4720 1060 5980 4080
4720 1060 5990 4080
4720 1050 5990 4080
4720 1050 5990 4080
4720 1060 5980 4080
4710 1060 5970 4080
4710 1060 5970 4080
4720 1070 5980 4080
4710 1070 5980 4080
4720 1080 5980 4080
4710 1090 5980 4080
4700 1090 5980 4080
4700 1100 5980 4080
4700 1090 5980 4080
4710 1070 5970 4090
4720 1060 5980 4090
4730 1080 5980 4100
4730 1080 5980 4080
4730 1080 5980 4080
4730 1090 5980 4080
4720 1090 5960 4080
4710 1060 5970 4080
4710 1050 5980 4080
4730 1050 5980 4080
4740 1050 5980 4080
4740 1050 5990 4090
4740 1070 5980 4090
4740 1060 5980 4080
4740 1050 5990 4080
4730 1050 5990 4070
4730 1050 5990 4070
4730 1050 5990 4070
4730 1050 5980 4070
4710 1060 5980 4060
4710 1060 5970 4060
4710 1060 5980 4070
4710 1060 5980 4070
4720 1060 5980 4070
4730 1060 5980 4070
4730 1070 5990 4070
4720 1060 5980 4070
4720 1060 5980 4070
4710 1080 5980 4070
4710 1080 5980 4070
4710 1090 5980 4060
4710 1090 5990 4060
4710 1070 5980 4060
4700 1070 5980 4070
4700 1060 5970 4070
4700 1060 5970 4080
4700 1060 5980 4090
4710 1060 5980 4090
4720 1070 5980 4090
4710 1080 5980 4080
4720 1080 5980 4080
4730 1080 5980 4080
4730 1090 5980 4070
4710 1070 5980 4080
4720 1070 5980 4080
4710 1080 5980 4080
4720 1060 5970 4080
4720 1050 5980 4090
4710 1050 5980 4080
4720 1050 5980 4070
4710 1070 5980 4070
4710 1080 5970 4070
4730 1090 5980 4070
4720 1100 5980 4080
4720 1110 5980 4080
4720 1100 5980 4080
4720 1070 5980 4080
4710 1080 5980 4080
4720 1060 5980 4070
4710 1060 5970 4080
