4870 1540 5690 3540
4880 1530 5680 3540
4880 1520 5680 3530
4880 1510 5660 3530
4880 1520 5670 3530
4880 1540 5670 3530
4890 1540 5680 3530
4910 1530 5670 3540
4890 1520 5670 3540
4890 1530 5670 3540
4890 1550 5680 3540
4890 1530 5670 3540
4880 1510 5680 3540
4880 1510 5680 3540
4870 1510 5680 3540
4870 1530 5680 3540
4880 1550 5680 3540
4880 1530 5680 3550
4870 1540 5680 3550
4870 1530 5670 3550
4870 1540 5670 3550
4880 1540 5670 3550
4870 1520 5680 3550
4870 1550 5690 3550
4880 1550 5700 3550
4880 1560 5680 3550
4870 1570 5690 3550
4880 1570 5680 3540
4880 1540 5690 3540
4880 1560 5680 3540
4880 1540 5680 3540
4890 1550 5680 3530
4880 1560 5680 3530
4880 1540 5680 3530
4880 1540 5680 3540
4890 1540 5680 3540
4880 1530 5690 3540
4890 1550 5680 3540
4910 1560 5680 3540
4910 1560 5670 3540
4910 1550 5670 3530
4910 1530 5690 3530
4910 1550 5670 3530
4910 1550 5680 3540
4910 1530 5680 3540
4910 1540 5680 3540
4880 1540 5670 3540
4870 1550 5670 3530
4870 1530 5670 3540
4880 1520 5690 3540
4870 1530 5680 3530
4870 1530 5680 3530
4870 1540 5670 3530
4860 1550 5680 3530
4860 1550 5670 3530
4870 1520 5680 3530
4880 1520 5680 3550
4880 1510 5680 3550
4880 1500 5680 3550
4870 1520 5680 3550
4870 1540 5680 3550
4880 1530 5700 3550
4880 1540 5700 3550
4890 1560 5700 3540
4890 1570 5700 3540
4890 1550 5700 3540
4890 1560 5700 3540
4880 1540 5700 3540
4890 1560 5700 3540
4870 1560 5690 3540
4870 1560 5680 3540
4880 1570 5680 3540
4890 1550 5670 3540
4890 1550 5670 3530
4870 1560 5660 3530
4870 1560 5670 3540
4880 1570 5680 3550
4890 1570 5690 3550
4890 1540 5690 3550
4890 1540 5690 3550
4880 1550 5690 3540
4880 1520 5690 3550
4880 1510 5680 3550
4880 1510 5680 3550
4890 1510 5680 3550
4890 1530 5680 3540
4890 1530 5680 3540
4890 1540 5680 3540
4890 1550 5680 3540
4890 1560 5680 3540
4890 1540 5680 3540
4890 1540 5680 3540
4890 1560 5700 3540
4890 1520 5690 3530
4890 1510 5680 3540
4880 1530 5680 3550
4880 1520 5690 3550
4880 1520 5690 3550
4880 1530 5690 3550
4880 1530 5690 3550
4870 1530 5710 3540
4870 1530 5700 3550
4880 1530 5690 3540
4890 1530 5700 3540
4890 1540 5700 3540
4890 1540 5690 3530
4880 1550 5700 3530
4890 1530 5700 3530
4890 1510 5700 3530
4910 1510 5700 3530
4910 1530 5690 3530
4910 1520 5700 3540
4910 1520 5700 3540
4890 1510 5700 3540
4880 1510 5700 3540
4880 1520 5690 3540
4890 1510 5690 3550
4880 1530 5690 3550
4880 1510 5690 3550
4880 1530 5690 3550
4880 1540 5690 3550
4860 1540 5700 3540
4860 1540 5700 3540
4860 1530 5700 3530
4860 1540 5700 3530
4870 1540 5700 3540
4880 1540 5700 3540
4880 1540 5700 3540
4870 1520 5700 3540
4880 1520 5700 3540
4870 1540 5700 3540
4870 1550 5700 3540
4880 1540 5690 3530
4880 1560 5690 3540
4870 1540 5690 3540
4870 1550 5690 3540
4880 1530 5690 3540
4860 1550 5690 3540
4860 1560 5690 3540
4870 1540 5680 3540
4870 1540 5690 3540
4880 1550 5680 3540
4880 1560 5680 3540
4880 1560 5690 3540
4880 1560 5700 3540
4880 1540 5700 3530
4880 1560 5700 3530
4870 1570 5690 3530
4870 1570 5680 3540
4870 1560 5690 3530
4860 1560 5690 3530
4860 1570 5690 3520
4860 1560 5690 3520
4870 1550 5680 3530
4860 1550 5680 3530
4860 1550 5680 3530
4860 1550 5690 3530
4860 1550 5690 3540
4870 1540 5690 3550
4870 1540 5700 3550
4870 1550 5700 3550
4870 1550 5700 3550
4870 1560 5700 3560
4860 1570 5710 3550
4870 1540 5700 3540
4870 1540 5700 3540
4870 1540 5690 3540
4880 1520 5690 3540
4870 1520 5690 3550
4870 1530 5690 3550
4860 1540 5690 3550
