5100 1980 5400 3030
5110 1990 5400 3030
5110 1990 5400 3020
5110 2000 5410 3020
5110 2010 5400 3020
5110 2000 5390 3030
5100 2000 5390 3030
5100 1990 5400 3030
5090 1990 5390 3020
5090 1980 5390 3030
5090 1990 5400 3020
5090 1990 5400 3020
5090 1990 5400 3020
5090 2000 5400 3000
5090 2000 5390 3010
5090 1990 5390 3020
5090 2000 5400 3020
5100 2000 5400 3010
5090 2000 5400 3010
5090 2000 5390 3020
5090 2010 5400 3020
5090 2000 5410 3000
5090 2000 5400 3020
5110 1990 5400 3020
5100 1990 5400 3020
5090 1990 5400 3020
5090 1990 5400 3020
5090 1990 5390 3020
5090 1980 5400 3030
5090 1990 5390 3020
5080 1990 5380 3020
5080 1990 5380 3010
5100 2000 5380 3010
5090 2010 5380 3010
5090 2000 5390 3000
5090 2000 5400 3000
5110 2000 5400 3000
5110 2000 5400 3000
5100 2000 5400 3010
5090 1990 5410 3010
5090 1990 5400 3010
5090 1990 5410 3010
5100 1990 5410 3010
5090 1980 5400 3020
5090 1980 5410 3020
5090 1970 5400 3020
5090 1970 5400 3010
5110 1980 5410 3020
5110 1980 5400 3020
5120 1980 5410 3030
5110 1980 5420 3030
5100 1990 5410 3030
5100 1990 5410 3030
5100 1980 5420 3010
5090 1980 5400 3010
5100 1980 5400 3020
5090 1990 5390 3030
5110 1990 5390 3030
5110 2000 5390 3010
5090 1990 5390 3010
5100 2000 5390 3010
5110 2000 5390 3010
5120 1990 5390 3020
5110 1990 5390 3010
5100 1990 5380 3020
5100 1980 5380 3020
5090 1980 5380 3010
5090 1990 5400 3020
5110 1970 5390 3030
5120 1970 5400 3010
5140 1970 5400 3010
5100 1960 5400 3010
5110 1980 5400 3020
5110 1990 5400 3020
5100 1990 5390 3030
5120 2000 5400 3020
5110 1990 5400 3020
5100 1990 5400 3020
5110 1990 5410 3020
5100 1990 5400 3020
5090 1990 5400 3020
5100 1990 5400 3020
5110 1980 5410 3020
5110 1990 5410 3010
5100 2000 5410 3000
5090 2000 5400 3000
5080 2000 5400 3010
5080 1980 5390 3020
5080 1970 5400 3020
5080 1980 5400 3020
5090 1970 5400 3030
5110 1980 5410 3020
5110 1990 5400 3020
5110 1980 5400 3020
5090 1970 5390 3020
5090 1970 5390 3020
5090 1970 5390 3020
5090 1990 5390 3020
5090 1990 5390 3020
5090 1990 5390 3020
5090 1980 5390 3010
5110 1980 5390 3010
5090 1980 5390 3010
5090 1980 5390 3020
5090 1990 5390 3030
5090 1980 5390 3030
5090 1980 5390 3030
5090 1980 5400 3030
5090 1990 5410 3020
5090 1990 5400 3030
5090 1990 5400 3010
5110 1990 5400 3020
5100 1980 5400 3020
5100 1990 5400 3010
5100 1990 5400 3010
5100 2000 5400 3010
5090 2000 5400 3020
5090 2000 5400 3010
5090 2000 5400 3010
5090 1980 5400 3020
5110 1990 5400 3020
5100 1990 5400 3030
5100 1990 5400 3030
5120 2000 5400 3030
5120 2000 5400 3030
5120 2000 5390 3030
5110 1990 5390 3030
5120 2000 5400 3030
5110 2000 5400 3020
5110 2000 5400 3010
5140 2000 5400 3020
5130 2000 5400 3020
5120 1990 5390 3020
5110 1990 5400 3010
5110 1990 5400 3020
5090 1990 5390 3010
5090 1990 5390 3020
5090 1980 5400 3020
5070 1970 5400 3020
5080 1960 5410 3020
5080 1960 5410 3030
5080 1960 5410 3030
5090 1960 5400 3030
5110 1960 5400 3020
5110 1980 5390 3020
5110 1970 5390 3010
5100 1970 5380 3010
5100 1980 5390 3000
5120 1990 5400 3010
5140 2000 5400 3010
5150 1990 5410 3010
5130 1980 5400 3020
5130 1980 5400 3010
5100 1960 5400 3010
5110 1980 5400 3020
5100 1980 5400 3020
5110 1990 5390 3020
5100 1990 5400 3010
5110 1990 5400 3010
5090 1990 5400 3020
5100 1990 5410 3020
5090 2000 5400 3020
5080 1990 5410 3020
5070 1990 5400 3010
5090 1980 5400 3010
5100 1980 5400 3010
5100 1990 5390 3030
5100 2000 5390 3030
5100 2000 5390 3030
5090 1990 5390 3020
5100 1980 5400 3010
5100 2000 5400 3010
5100 2000 5390 3010
5100 1990 5390 3010
5110 1990 5390 3020
5130 2000 5390 3020
5110 2010 5380 3010
5130 2000 5390 3010
5110 2000 5390 3010
5120 1990 5390 3010
5110 1990 5390 3010
5130 1980 5400 3020
5140 1990 5400 3030
5140 1980 5400 3030
5130 1980 5400 3030
5130 1980 5400 3030
5120 1970 5400 3010
5120 1970 5390 3000
5130 1980 5380 3000
5130 1970 5380 2990
5120 1980 5380 2990
5120 1970 5380 2990
5110 1970 5390 3010
5100 1990 5400 3010
5120 2000 5390 3020
