3110 3960 3300 3860
3100 3950 3300 3860
3100 3950 3300 3850
3100 3950 3300 3850
3100 3950 3300 3860
3110 3960 3300 3870
3120 3960 3300 3880
3120 3960 3290 3880
3120 3980 3290 3880
3120 3960 3290 3890
3120 3960 3290 3890
3120 3960 3290 3900
3120 3950 3290 3900
3110 3960 3280 3890
3110 3960 3280 3880
3110 3980 3280 3890
3120 3960 3290 3880
3120 3950 3290 3880
3110 3950 3290 3870
3110 3960 3290 3860
3120 3950 3290 3870
3120 3950 3290 3860
3120 3950 3290 3860
3120 3950 3290 3860
3120 3950 3300 3860
3110 3940 3300 3870
3120 3940 3300 3870
3120 3930 3300 3870
3110 3930 3300 3870
3110 3930 3300 3870
3120 3950 3300 3870
3120 3940 3300 3880
3120 3940 3300 3890
3130 3940 3290 3890
3140 3950 3290 3900
3140 3960 3300 3900
3130 3960 3300 3900
3120 3960 3300 3900
3110 3960 3300 3890
3100 3980 3300 3880
3100 3980 3300 3870
3090 3960 3300 3880
3100 3960 3300 3890
3100 3960 3290 3900
3110 3960 3280 3890
3110 3960 3280 3880
3110 3950 3280 3870
3100 3940 3280 3870
3110 3940 3280 3860
3110 3930 3280 3870
3120 3930 3280 3860
3110 3940 3290 3860
3110 3940 3290 3880
3100 3940 3300 3890
3110 3950 3300 3890
3110 3950 3300 3880
3110 3960 3300 3890
3110 3960 3300 3890
3110 3960 3290 3870
3100 3960 3290 3880
3110 3960 3280 3870
3110 3980 3290 3860
3110 3980 3290 3850
3110 3980 3290 3870
3110 3980 3290 3870
3120 3940 3290 3880
3100 3950 3290 3870
3110 3960 3280 3880
3110 3960 3270 3870
3120 3980 3270 3870
3110 3980 3280 3870
3110 3960 3290 3870
3100 3960 3300 3880
3100 3960 3290 3870
3110 3950 3280 3870
3110 3950 3290 3870
3110 3960 3290 3870
3110 3960 3290 3860
3090 3960 3280 3860
3110 3960 3280 3860
3100 3950 3290 3870
3110 3950 3290 3860
3110 3950 3280 3860
3120 3960 3290 3870
3110 3960 3290 3880
3110 3950 3290 3890
3110 3950 3300 3880
3110 3960 3300 3870
3120 3950 3290 3870
3120 3950 3290 3870
3120 3960 3290 3860
3120 3980 3290 3860
3120 3960 3300 3850
3130 3960 3280 3860
3130 3960 3280 3860
3120 3950 3280 3860
3120 3960 3280 3860
3130 3960 3280 3870
3120 3960 3280 3870
3120 3980 3270 3870
3110 3960 3280 3870
3100 3950 3280 3870
3090 3960 3280 3870
3090 3950 3290 3860
3080 3950 3280 3870
3080 3950 3290 3860
3100 3950 3290 3870
3100 3960 3290 3870
3100 3960 3290 3880
3110 3960 3290 3870
3110 3960 3290 3870
3110 3960 3300 3880
3110 3950 3300 3860
3110 3940 3290 3850
3090 3950 3290 3850
3090 3950 3290 3860
3090 3950 3290 3850
3080 3960 3300 3860
3090 3960 3290 3870
3090 3960 3290 3860
3080 3950 3290 3880
3080 3950 3290 3880
3090 3960 3290 3870
3100 3960 3290 3870
3110 3960 3300 3880
3110 3960 3300 3870
3090 3960 3290 3870
3090 3960 3300 3890
3100 3960 3290 3880
3110 3960 3290 3870
3130 3930 3290 3870
3110 3920 3300 3860
3120 3920 3290 3860
3120 3920 3290 3860
3120 3930 3300 3860
3130 3930 3300 3860
3130 3940 3300 3880
3130 3940 3300 3880
3120 3940 3290 3860
3110 3960 3290 3870
3110 3960 3290 3870
3120 3960 3280 3860
3110 3960 3290 3870
3110 3960 3290 3860
3110 3980 3280 3860
3090 3990 3270 3870
3100 3990 3270 3860
3100 3960 3270 3860
3120 3960 3270 3870
3110 3960 3280 3870
3110 3960 3280 3870
3120 3960 3290 3860
3120 3960 3290 3870
3110 3990 3280 3870
3110 3980 3280 3860
3110 3960 3280 3880
3110 3950 3270 3880
3110 3960 3270 3870
3110 3960 3270 3860
3110 3980 3280 3860
3110 3980 3290 3850
3110 3980 3290 3860
3120 3960 3300 3870
3120 3960 3300 3890
3100 3950 3300 3870
3100 3950 3300 3870
3080 3940 3290 3880
3080 3940 3290 3870
3070 3950 3280 3870
3080 3960 3280 3870
3080 3980 3280 3870
3080 3980 3280 3870
3090 3990 3290 3870
3100 3960 3290 3860
3110 3950 3290 3860
3120 3950 3290 3860
3110 3940 3300 3860
3120 3940 3300 3860
3120 3940 3290 3870
3120 3940 3280 3870
3110 3940 3280 3890
3110 3950 3280 3880
3110 3950 3280 3870
3110 3950 3280 3870
