5340 2530 5150 2550
5330 2530 5150 2550
5330 2520 5150 2550
5330 2520 5150 2550
5330 2530 5150 2550
5330 2530 5150 2550
5330 2520 5150 2550
5340 2520 5150 2550
5330 2520 5150 2550
5330 2520 5140 2560
5330 2520 5140 2560
5330 2530 5140 2560
5330 2520 5140 2560
5320 2510 5140 2570
5320 2530 5140 2560
5320 2530 5130 2550
5340 2530 5130 2550
5330 2520 5150 2550
5330 2520 5150 2550
5330 2520 5140 2550
5330 2510 5130 2550
5330 2510 5120 2550
5330 2500 5130 2560
5330 2520 5120 2560
5330 2510 5130 2560
5330 2510 5130 2550
5330 2500 5130 2550
5340 2510 5140 2550
5340 2510 5140 2550
5340 2510 5140 2560
5340 2510 5140 2570
5340 2510 5140 2560
5340 2510 5150 2550
5340 2520 5140 2550
5340 2510 5140 2540
5330 2520 5150 2550
5330 2520 5140 2550
5330 2520 5140 2550
5320 2510 5140 2550
5320 2520 5140 2560
5320 2520 5150 2570
5320 2510 5150 2570
5320 2510 5140 2570
5320 2520 5130 2570
5320 2520 5130 2570
5320 2510 5130 2570
5320 2520 5140 2570
5320 2520 5140 2560
5310 2510 5140 2560
5320 2510 5150 2560
5330 2530 5150 2560
5330 2520 5150 2550
5330 2520 5150 2560
5340 2510 5160 2550
5340 2550 5140 2550
5340 2540 5140 2560
5320 2520 5140 2560
5320 2530 5140 2560
5330 2520 5140 2560
5330 2530 5150 2560
5330 2530 5150 2560
5330 2530 5150 2560
5330 2530 5150 2560
5330 2520 5140 2560
5330 2510 5140 2560
5330 2530 5140 2560
5330 2520 5130 2570
5330 2530 5140 2550
5330 2540 5140 2550
5330 2520 5160 2560
5330 2520 5160 2550
5330 2520 5150 2550
5330 2520 5150 2550
5330 2520 5140 2550
5330 2520 5140 2550
5330 2520 5140 2550
5330 2530 5150 2550
5340 2520 5160 2550
5330 2520 5150 2550
5350 2520 5140 2540
5340 2530 5140 2550
5330 2540 5140 2550
5330 2540 5140 2560
5340 2540 5150 2560
5340 2540 5160 2550
5330 2540 5160 2560
5330 2520 5160 2560
5330 2530 5160 2560
5350 2510 5160 2560
5350 2510 5160 2550
5340 2520 5160 2550
5340 2530 5160 2550
5320 2530 5160 2550
5320 2520 5140 2560
5320 2520 5140 2570
5320 2520 5140 2570
5320 2510 5130 2570
5320 2500 5130 2570
5330 2510 5140 2560
5330 2510 5140 2570
5320 2520 5140 2560
5330 2540 5140 2550
5330 2530 5130 2550
5330 2530 5130 2550
5340 2530 5130 2550
5330 2520 5140 2550
5330 2520 5130 2550
5330 2520 5130 2540
5330 2530 5130 2540
5330 2520 5140 2560
5330 2520 5140 2560
5330 2520 5140 2560
5320 2510 5140 2560
5320 2510 5140 2550
5330 2520 5140 2550
5330 2510 5140 2540
5340 2530 5140 2540
5340 2530 5140 2560
5340 2520 5140 2550
5340 2510 5130 2570
5330 2520 5140 2560
5330 2520 5150 2550
5330 2520 5150 2550
5340 2510 5150 2550
5330 2510 5150 2540
5330 2520 5140 2540
5330 2520 5140 2540
5330 2530 5140 2550
5320 2530 5140 2550
5320 2530 5140 2550
5320 2520 5150 2550
5320 2520 5140 2550
5320 2530 5140 2550
5320 2520 5140 2550
5320 2530 5140 2550
5320 2520 5140 2550
5320 2520 5140 2550
5320 2530 5150 2550
5330 2530 5160 2550
5330 2520 5150 2540
5330 2510 5150 2540
5330 2500 5150 2540
5330 2500 5150 2550
5330 2500 5140 2550
5330 2530 5140 2560
5330 2520 5140 2560
5330 2520 5140 2560
5330 2510 5140 2550
5330 2520 5140 2550
5330 2510 5140 2550
5330 2520 5130 2560
5330 2520 5130 2560
5330 2520 5130 2560
5330 2530 5130 2560
5330 2520 5140 2560
5340 2520 5140 2560
5330 2500 5140 2560
5320 2500 5140 2560
5320 2520 5150 2550
5330 2510 5150 2550
5330 2510 5150 2560
5330 2510 5160 2560
5330 2510 5160 2560
5320 2500 5160 2560
5330 2500 5160 2560
5330 2520 5160 2560
5330 2520 5160 2560
5330 2520 5160 2560
5330 2530 5140 2570
5330 2520 5140 2580
5320 2510 5140 2570
5330 2520 5140 2560
5330 2520 5140 2560
5330 2520 5130 2550
5320 2520 5130 2550
5320 2520 5130 2550
5330 2510 5140 2550
5330 2500 5140 2550
5330 2500 5140 2550
5330 2500 5140 2550
5330 2520 5140 2550
5330 2520 5140 2550
5330 2510 5140 2550
5330 2520 5150 2550
5340 2520 5150 2550
5330 2520 5150 2550
5330 2530 5140 2560
5330 2530 5150 2550
5330 2520 5160 2560
5320 2530 5160 2560
