5550 3030 4890 2060
5550 3030 4890 2060
5550 3060 4880 2060
5550 3050 4880 2060
5550 3050 4880 2050
5550 3030 4880 2040
5540 3050 4870 2040
5540 3050 4870 2030
5540 3030 4880 2020
5540 3050 4880 2020
5540 3050 4880 2030
5520 3050 4880 2040
5510 3050 4890 2040
5510 3050 4890 2040
5510 3030 4880 2040
5520 3030 4880 2040
5520 3050 4880 2040
5540 3050 4880 2040
5540 3020 4880 2040
5510 3030 4880 2040
5510 3030 4880 2040
5520 3020 4880 2040
5540 3020 4890 2030
5540 3030 4890 2030
5520 3030 4890 2040
5540 3030 4890 2040
5540 3030 4880 2040
5520 3030 4880 2040
5520 3030 4880 2040
5520 3030 4880 2040
5520 3030 4880 2040
5520 3050 4880 2040
5520 3060 4890 2040
5520 3050 4890 2040
5520 3060 4890 2040
5540 3070 4880 2040
5520 3080 4880 2040
5520 3080 4880 2040
5540 3080 4880 2040
5540 3080 4870 2040
5540 3080 4880 2040
5550 3080 4880 2030
5550 3080 4880 2040
5550 3080 4880 2040
5550 3060 4880 2030
5550 3060 4880 2030
5550 3050 4890 2030
5550 3050 4890 2030
5550 3020 4890 2030
5540 3020 4890 2030
5540 3030 4890 2030
5520 3050 4890 2040
5540 3030 4910 2040
5520 3030 4910 2040
5520 3060 4910 2040
5520 3050 4880 2040
5520 3060 4880 2040
5520 3060 4880 2040
5520 3060 4880 2030
5520 3060 4870 2040
5520 3060 4880 2040
5520 3060 4880 2040
5520 3070 4870 2040
5520 3060 4870 2040
5540 3060 4870 2040
5540 3030 4870 2030
5540 3050 4870 2020
5540 3050 4860 2030
5520 3060 4870 2040
5520 3060 4880 2050
5540 3050 4880 2050
5550 3060 4880 2050
5540 3050 4890 2040
5540 3030 4890 2040
5540 3030 4880 2040
5550 3050 4890 2040
5540 3030 4890 2040
5540 3050 4890 2040
5540 3060 4890 2040
5540 3050 4890 2040
5520 3030 4880 2040
5520 3030 4880 2040
5540 3050 4880 2040
5520 3060 4890 2040
5540 3060 4890 2040
5540 3070 4890 2040
5550 3070 4870 2040
5540 3070 4880 2040
5550 3070 4870 2040
5550 3060 4870 2040
5540 3060 4860 2030
5520 3060 4860 2040
5520 3050 4860 2040
5540 3050 4870 2040
5520 3030 4870 2040
5540 3030 4880 2040
5540 3030 4880 2030
5540 3030 4880 2030
5540 3050 4880 2020
5540 3030 4890 2020
5540 3050 4890 2020
5540 3050 4890 2030
5540 3030 4880 2040
5540 3030 4890 2040
5550 3030 4890 2040
5540 3030 4890 2040
5540 3030 4890 2040
5540 3050 4890 2040
5540 3060 4890 2040
5520 3050 4880 2030
5520 3050 4880 2020
5520 3050 4880 2020
5540 3030 4880 2020
5540 3050 4880 2020
5540 3020 4880 2030
5520 3030 4880 2030
5520 3030 4880 2030
5540 3030 4870 2020
5540 3050 4880 2020
5550 3050 4880 2020
5540 3030 4880 2020
5540 3050 4870 2020
5540 3030 4870 2020
5550 3050 4870 2030
5550 3060 4880 2040
5550 3060 4880 2040
5540 3060 4870 2040
5540 3060 4870 2040
5520 3060 4870 2040
5520 3050 4870 2040
5540 3060 4860 2030
5550 3060 4860 2040
5540 3050 4870 2030
5540 3050 4880 2040
5540 3050 4880 2040
5540 3030 4880 2040
5520 3030 4880 2040
5540 3030 4880 2040
5540 3030 4880 2040
5540 3030 4890 2030
5540 3050 4890 2020
5540 3060 4890 2030
5540 3060 4890 2030
5540 3060 4890 2030
5540 3060 4880 2030
5540 3070 4880 2040
5550 3070 4890 2030
5550 3060 4890 2030
5550 3050 4880 2040
5550 3060 4880 2040
5550 3060 4870 2040
5550 3050 4880 2040
5550 3060 4880 2040
5550 3060 4880 2040
5550 3060 4880 2040
5550 3050 4880 2040
5550 3050 4880 2040
5550 3050 4880 2040
5550 3060 4880 2040
5540 3060 4870 2040
5550 3070 4870 2040
5550 3060 4880 2040
5550 3060 4880 2040
5550 3070 4880 2040
5550 3050 4880 2040
5550 3060 4890 2040
5550 3060 4880 2040
5540 3060 4890 2030
5540 3060 4890 2040
5540 3070 4890 2040
5520 3070 4890 2040
5520 3050 4890 2040
5520 3050 4890 2040
5520 3060 4890 2040
5520 3070 4890 2040
5540 3060 4890 2040
5540 3050 4890 2040
5540 3030 4880 2040
5540 3030 4880 2040
5540 3020 4880 2040
5520 3020 4880 2040
5520 3020 4870 2040
5520 3030 4880 2040
5520 3030 4890 2040
5540 3030 4890 2040
5540 3050 4890 2040
5540 3050 4880 2030
5540 3050 4880 2040
5540 3050 4890 2040
5540 3050 4890 2040
5540 3060 4890 2040
5540 3060 4880 2030
5540 3060 4880 2040
5520 3050 4880 2040
5520 3050 4880 2040
5520 3050 4890 2040
5520 3050 4890 2040
5520 3050 4890 2040
5540 3050 4880 2040
5540 3050 4880 2040
5540 3060 4880 2040
5540 3050 4880 2040
5540 3050 4880 2040
5540 3030 4880 2040
5520 3030 4880 2040
5520 3030 4880 2040
5540 3050 4880 2030
5540 3050 4880 2020
5550 3030 4880 2020
5550 3030 4880 2030
5540 3050 4880 2030
5520 3050 4880 2040
5510 3050 4880 2040
5510 3050 4880 2040
5520 3050 4880 2040
5510 3060 4880 2030
5520 3050 4880 2030
5520 3050 4880 2030
5510 3050 4880 2040
5520 3050 4870 2040
5540 3050 4880 2040
5520 3050 4880 2040
5520 3050 4890 2040
5520 3020 4880 2040
5540 3050 4880 2040
5540 3050 4880 2040
5540 3050 4890 2040
5540 3050 4890 2040
5520 3050 4890 2040
5520 3050 4890 2030
5520 3030 4880 2030
5520 3020 4880 2020
5540 3030 4880 2020
5550 3020 4890 2030
5540 3030 4890 2030
5540 3030 4910 2040
5540 3020 4910 2040
5540 3030 4890 2040
5540 3050 4890 2030
5520 3050 4890 2030
5520 3060 4890 2030
5540 3070 4890 2040
5540 3070 4890 2030
5540 3060 4880 2040
5540 3050 4880 2040
5520 3050 4890 2030
5520 3050 4890 2030
5520 3060 4880 2030
5540 3060 4880 2030
5550 3070 4890 2030
5550 3070 4880 2040
5540 3060 4890 2050
5540 3050 4890 2050
5540 3050 4890 2040
