5820 3540 4690 1620
5820 3530 4690 1620
5830 3540 4690 1610
5820 3540 4690 1610
5830 3520 4690 1600
5820 3520 4690 1600
5820 3530 4690 1590
5820 3530 4700 1590
5810 3520 4690 1590
5810 3510 4690 1590
5820 3510 4690 1590
5820 3510 4690 1590
5820 3520 4700 1590
5820 3520 4700 1590
5820 3510 4710 1600
5820 3520 4700 1600
5820 3490 4710 1600
5820 3510 4710 1610
5820 3520 4710 1610
5820 3510 4710 1600
5820 3500 4700 1590
5810 3490 4690 1590
5810 3490 4690 1600
5810 3480 4700 1590
5810 3480 4700 1590
5810 3480 4700 1600
5810 3500 4690 1610
5810 3520 4700 1610
5810 3520 4700 1600
5820 3510 4700 1610
5820 3520 4700 1600
5820 3530 4700 1590
5830 3530 4700 1610
5830 3530 4700 1610
5830 3530 4700 1610
5830 3530 4690 1610
5830 3520 4690 1610
5810 3510 4680 1600
5820 3520 4670 1590
5820 3520 4670 1600
5820 3500 4680 1610
5820 3520 4690 1620
5820 3520 4700 1620
5810 3520 4700 1620
5820 3520 4710 1620
5820 3520 4710 1620
5810 3520 4710 1620
5820 3510 4700 1620
5820 3490 4700 1610
5820 3490 4690 1610
5810 3490 4690 1600
5810 3500 4700 1600
5810 3500 4700 1600
5820 3500 4690 1600
5820 3490 4680 1600
5820 3500 4680 1590
5820 3500 4680 1600
5820 3500 4680 1590
5820 3510 4700 1600
5830 3510 4700 1600
5830 3510 4710 1600
5830 3530 4710 1590
5820 3510 4710 1590
5820 3510 4710 1590
5820 3500 4710 1600
5820 3510 4710 1600
5820 3510 4710 1600
5820 3500 4700 1590
5820 3510 4700 1590
5820 3520 4700 1590
5820 3520 4700 1590
5820 3510 4700 1600
5820 3500 4710 1600
5820 3490 4700 1590
5820 3490 4710 1590
5820 3490 4700 1590
5820 3500 4680 1580
5820 3520 4690 1590
5820 3520 4690 1590
5820 3520 4690 1600
5820 3510 4700 1600
5820 3530 4690 1590
5820 3540 4700 1600
5820 3530 4700 1610
5820 3510 4700 1600
5820 3500 4700 1590
5850 3510 4690 1590
5850 3490 4700 1600
5850 3480 4700 1610
5850 3490 4690 1620
5850 3470 4690 1620
5850 3480 4690 1620
5850 3500 4690 1600
5850 3490 4690 1600
5850 3490 4700 1610
5850 3490 4700 1600
5850 3490 4700 1590
5850 3490 4700 1590
5850 3480 4690 1590
5830 3470 4690 1580
5830 3490 4700 1590
5830 3490 4700 1590
5830 3490 4700 1590
5820 3490 4690 1600
5830 3490 4700 1590
5830 3490 4710 1600
5830 3500 4700 1610
5830 3510 4700 1610
5830 3490 4710 1610
5830 3500 4720 1610
5830 3510 4710 1610
5820 3490 4710 1610
5820 3480 4700 1610
5830 3480 4710 1600
5820 3500 4720 1590
5820 3480 4720 1600
5820 3490 4710 1600
5800 3480 4700 1590
5810 3480 4700 1590
5810 3480 4710 1580
5820 3500 4720 1590
5820 3480 4710 1580
5820 3490 4720 1580
5820 3490 4720 1590
5820 3480 4720 1610
5820 3500 4710 1610
5820 3500 4710 1600
5820 3510 4720 1580
5830 3500 4710 1580
5830 3480 4700 1600
5830 3510 4700 1600
5830 3510 4710 1590
5820 3510 4710 1590
5820 3510 4710 1590
5820 3510 4720 1590
5820 3500 4710 1590
5820 3490 4710 1600
5820 3500 4710 1600
5820 3500 4710 1600
5820 3500 4710 1610
5820 3500 4710 1590
5820 3510 4700 1610
5810 3500 4710 1620
5810 3520 4700 1600
5820 3500 4700 1590
5820 3500 4690 1590
5820 3500 4690 1600
5820 3520 4700 1600
5820 3510 4700 1610
5820 3520 4700 1610
5820 3520 4700 1610
5820 3490 4700 1610
5820 3470 4700 1610
5820 3470 4690 1610
5820 3500 4690 1600
5830 3520 4690 1610
5830 3520 4700 1610
5830 3530 4700 1600
5820 3520 4700 1580
5820 3520 4690 1570
5810 3520 4690 1570
5820 3520 4700 1580
5820 3510 4700 1580
5810 3530 4710 1580
5820 3530 4710 1590
5820 3530 4710 1580
5820 3530 4710 1600
5820 3530 4710 1600
5820 3510 4700 1600
5820 3510 4710 1600
5820 3510 4710 1590
5820 3500 4700 1580
5810 3500 4700 1580
5810 3510 4690 1590
5810 3510 4690 1590
5800 3510 4690 1600
5810 3490 4700 1590
5820 3510 4690 1600
5820 3500 4680 1610
5820 3500 4680 1610
5820 3520 4680 1620
5820 3530 4680 1620
5820 3510 4690 1600
5820 3520 4700 1590
5820 3500 4690 1600
5820 3520 4700 1600
5820 3500 4690 1600
5820 3510 4690 1600
5810 3520 4690 1600
