6200 4010 4580 1180
6210 4020 4580 1160
6210 4020 4580 1160
6190 4020 4580 1180
6190 4020 4580 1160
6210 4020 4580 1160
6200 4010 4580 1160
6190 4010 4580 1190
6190 4010 4580 1180
6180 4000 4580 1160
6200 4000 4580 1160
6190 3990 4580 1150
6190 4000 4570 1160
6190 4000 4570 1160
6200 4000 4570 1160
6200 4000 4580 1180
6190 4000 4580 1160
6190 4000 4570 1180
6190 4000 4570 1160
6190 4000 4570 1180
6190 4000 4570 1160
6180 4010 4560 1160
6190 4010 4560 1160
6190 4000 4560 1160
6200 3990 4560 1180
6210 3990 4560 1180
6200 4000 4570 1180
6200 4000 4570 1180
6190 4000 4580 1160
6210 3990 4580 1150
6210 3990 4580 1150
6210 4000 4580 1150
6210 4010 4580 1160
6210 4010 4580 1180
6200 4010 4580 1180
6210 4010 4580 1160
6210 4000 4580 1180
6210 4000 4580 1160
6200 4010 4580 1150
6210 4010 4580 1160
6210 4010 4580 1180
6200 4010 4580 1180
6200 4010 4580 1160
6200 4000 4580 1180
6200 3990 4580 1160
6200 3990 4580 1160
6210 4000 4580 1180
6210 3990 4580 1180
6220 3990 4580 1160
6200 3980 4580 1190
6200 3980 4580 1190
6210 3990 4580 1190
6210 4010 4580 1190
6190 4010 4580 1190
6190 4010 4580 1190
6190 4010 4580 1180
6190 4000 4580 1180
6190 3990 4580 1160
6190 3980 4580 1160
6180 3990 4580 1150
6180 3990 4580 1150
6190 3980 4580 1150
6190 3990 4580 1150
6190 3990 4580 1150
6220 4000 4580 1150
6210 4010 4580 1150
6200 4010 4580 1160
6200 4010 4580 1160
6210 4010 4580 1160
6210 4000 4580 1160
6200 3990 4580 1160
6200 3980 4580 1180
6200 3980 4580 1190
6190 3980 4580 1180
6200 4000 4580 1180
6190 3990 4580 1180
6200 3990 4580 1160
6200 4000 4580 1160
6200 4000 4580 1180
6220 3990 4580 1180
6210 3980 4580 1180
6210 3980 4580 1160
6200 3990 4580 1180
6200 3990 4580 1160
6200 4000 4580 1160
6210 4010 4580 1160
6210 4010 4580 1160
6210 3990 4580 1150
6210 3990 4580 1160
6200 3990 4580 1150
6210 3990 4580 1150
6210 3990 4600 1150
6190 4000 4600 1150
6180 3990 4580 1150
6180 3990 4580 1150
6180 3990 4580 1150
6180 4000 4580 1180
6180 4000 4580 1180
6180 4000 4580 1190
6180 3990 4580 1190
6180 3980 4580 1190
6200 3990 4580 1190
6190 4000 4580 1190
6190 3990 4580 1190
6210 3990 4580 1180
6190 3990 4580 1180
6210 3980 4580 1180
6210 3990 4580 1180
6210 3980 4580 1190
6200 3990 4580 1190
6190 3990 4580 1190
6190 3980 4580 1200
6200 3990 4580 1200
6190 3990 4580 1190
6190 3980 4580 1180
6200 3990 4580 1180
6210 4000 4580 1180
6210 4000 4580 1160
6220 3990 4580 1160
6210 3980 4580 1180
6190 3980 4600 1180
6200 3990 4580 1180
6200 4000 4580 1180
6200 4000 4580 1180
6190 4010 4580 1180
6190 4010 4580 1180
6180 4000 4580 1180
6190 4010 4580 1180
6180 4020 4580 1160
6180 4020 4580 1180
6190 4010 4580 1180
6180 4010 4580 1180
6200 4010 4580 1180
6200 4010 4580 1180
6200 4010 4580 1180
6200 4010 4580 1160
6200 4000 4580 1160
6190 3990 4580 1160
6200 4000 4580 1160
6190 4010 4580 1180
6180 4020 4580 1160
6200 4020 4600 1160
6180 4020 4580 1160
6170 4020 4600 1180
6190 4010 4580 1180
6200 4010 4580 1180
6200 4010 4580 1160
6190 3990 4580 1160
6200 4010 4580 1160
6200 4010 4580 1180
6190 4000 4580 1180
6180 4000 4580 1160
6200 4000 4580 1160
6190 4000 4580 1180
6210 3990 4580 1180
6200 3990 4580 1160
6190 3990 4580 1160
6190 3990 4580 1180
6200 4000 4580 1180
6210 3990 4580 1190
6200 3990 4580 1180
6190 4000 4600 1180
6190 4000 4600 1180
6200 3990 4600 1180
6200 4000 4600 1180
6190 4010 4600 1180
6200 4010 4580 1160
6200 4010 4570 1160
6190 4000 4580 1180
6190 4000 4580 1160
6200 4000 4580 1160
6210 3980 4570 1160
6210 3980 4570 1190
6210 3960 4570 1180
6210 3990 4570 1160
6210 3990 4570 1160
6200 4000 4570 1160
6200 4000 4570 1150
6200 4000 4570 1150
6210 4000 4570 1160
6200 3990 4570 1160
6210 4000 4580 1150
6200 4000 4580 1160
6210 4010 4580 1180
6200 4000 4580 1180
6190 3990 4580 1180
6190 3990 4580 1180
6180 4000 4570 1160
6180 3990 4570 1160
6170 3990 4570 1160
6170 4000 4570 1160
6170 3990 4570 1160
6190 4000 4570 1160
6180 4000 4570 1160
6190 4000 4570 1160
6180 3990 4570 1160
6170 3980 4570 1160
6170 3980 4570 1160
6180 3990 4580 1150
6180 3980 4580 1150
6180 3990 4580 1160
6180 4000 4580 1160
6180 4010 4580 1160
6180 4010 4570 1160
6170 4010 4570 1160
6170 4010 4570 1160
6170 4010 4570 1160
6180 4010 4570 1140
6190 4000 4570 1150
6200 4000 4570 1150
6200 4010 4570 1150
6210 4000 4580 1150
6210 3990 4580 1150
6200 3990 4580 1160
6200 4000 4580 1160
6200 4000 4580 1160
6190 4000 4580 1160
6190 4000 4580 1160
6200 4000 4570 1150
6190 3990 4570 1160
6190 3990 4580 1180
6190 3990 4580 1190
6200 3980 4580 1190
6200 3990 4580 1190
6210 3990 4580 1190
6200 4010 4600 1200
6190 4010 4600 1200
6190 4010 4580 1200
6200 4010 4580 1190
6210 4010 4580 1190
6220 4010 4580 1190
6220 4010 4580 1190
6200 4010 4580 1190
6220 4000 4580 1180
6220 4010 4570 1180
6200 4000 4570 1190
6190 4000 4570 1190
6200 4000 4560 1180
6180 4000 4570 1160
6180 3990 4580 1150
