6550 4530 4480 830
6560 4530 4480 840
6540 4530 4510 830
6530 4530 4510 820
6530 4530 4500 830
6530 4530 4490 830
6550 4510 4480 830
6550 4510 4480 830
6550 4530 4470 820
6570 4530 4480 820
6560 4530 4480 830
6550 4530 4490 830
6550 4530 4480 830
6550 4530 4480 830
6550 4530 4490 830
6570 4530 4470 820
6560 4530 4470 830
6550 4530 4480 830
6560 4530 4490 840
6570 4530 4490 830
6570 4530 4490 830
6570 4530 4480 830
6570 4530 4480 830
6560 4530 4480 850
6560 4540 4490 850
6560 4530 4510 850
6550 4530 4520 840
6550 4520 4520 830
6550 4520 4500 840
6550 4520 4490 830
6550 4510 4500 840
6550 4500 4500 850
6550 4510 4490 870
6560 4510 4500 840
6560 4510 4490 840
6560 4520 4490 830
6560 4520 4480 830
6570 4520 4480 830
6560 4520 4490 820
6560 4520 4490 830
6550 4500 4490 830
6560 4510 4490 830
6560 4510 4490 830
6550 4500 4500 820
6550 4500 4510 840
6540 4520 4510 840
6540 4520 4500 830
6550 4520 4490 840
6560 4520 4500 840
6570 4520 4510 840
6560 4520 4500 840
6560 4530 4500 830
6560 4530 4490 830
6570 4530 4490 830
6570 4530 4480 830
6560 4530 4490 840
6560 4530 4490 830
6550 4530 4480 830
6540 4530 4480 830
6540 4530 4500 830
6560 4520 4490 850
6550 4520 4490 850
6550 4520 4480 870
6550 4530 4500 870
6550 4530 4500 840
6560 4520 4490 840
6550 4520 4480 850
6560 4530 4500 840
6560 4530 4490 850
6570 4520 4490 840
6560 4520 4490 850
6560 4520 4490 840
6550 4520 4500 840
6550 4520 4490 840
6540 4520 4500 840
6550 4530 4480 840
6550 4530 4490 830
6550 4530 4490 830
6550 4530 4490 820
6560 4540 4490 830
6560 4530 4490 840
6560 4530 4500 840
6570 4520 4500 820
6570 4520 4490 830
6560 4520 4500 830
6560 4500 4490 840
6560 4520 4490 840
6550 4520 4490 830
6560 4530 4500 840
6560 4520 4500 840
6550 4520 4520 830
6550 4520 4520 830
6550 4520 4520 830
6560 4530 4500 830
6560 4520 4490 830
6560 4530 4510 830
6560 4530 4500 820
6560 4530 4500 830
6560 4530 4500 830
6560 4520 4510 840
6550 4510 4530 840
6550 4510 4520 830
6550 4500 4510 830
6550 4500 4500 830
6540 4520 4490 840
6540 4520 4500 830
6550 4520 4490 830
6560 4510 4480 830
6560 4520 4490 840
6560 4520 4480 850
6550 4520 4480 850
6550 4520 4500 850
6550 4520 4500 850
6560 4540 4500 850
6560 4530 4490 840
6560 4540 4490 840
6560 4530 4510 840
6550 4530 4500 830
6540 4520 4510 820
6550 4500 4500 820
6550 4500 4490 820
6550 4510 4500 830
6550 4510 4500 830
6560 4520 4490 830
6560 4520 4510 830
6570 4520 4490 820
6570 4520 4490 820
6560 4520 4500 840
6550 4530 4500 830
6550 4530 4490 830
6550 4530 4480 830
6550 4530 4490 830
6560 4530 4500 830
6560 4530 4490 830
6550 4530 4490 830
6540 4530 4490 820
6540 4520 4490 830
6540 4520 4500 840
6540 4520 4500 830
6540 4520 4490 830
6560 4520 4480 830
6560 4520 4480 830
6550 4520 4480 830
6550 4520 4480 830
6550 4530 4490 820
6560 4520 4500 830
6560 4530 4500 830
6560 4530 4500 820
6560 4520 4500 830
6560 4520 4510 840
6560 4520 4520 840
6560 4520 4520 830
6550 4520 4510 820
6560 4520 4500 830
6550 4520 4500 830
6560 4520 4490 840
6560 4520 4480 840
6560 4520 4480 840
6570 4520 4480 830
6570 4520 4480 830
6560 4520 4480 830
6560 4520 4480 840
6570 4530 4480 840
6560 4530 4480 850
6560 4530 4490 840
6550 4520 4500 830
6550 4520 4510 830
6560 4530 4520 840
6560 4530 4510 850
6570 4530 4500 850
6570 4520 4490 850
6570 4510 4490 840
6560 4520 4510 830
6570 4510 4510 840
6560 4510 4500 850
6570 4500 4490 850
6570 4500 4490 840
6570 4500 4500 840
6560 4500 4490 840
6560 4500 4490 830
6570 4510 4500 820
6570 4500 4490 830
6570 4510 4500 820
6570 4510 4510 820
6570 4510 4520 820
6570 4510 4530 820
6570 4500 4520 830
6560 4510 4510 820
6550 4520 4510 830
6550 4520 4500 840
6550 4520 4500 840
6550 4520 4510 830
6550 4530 4500 840
6560 4530 4490 850
6560 4530 4500 850
6560 4540 4510 870
6550 4530 4500 850
6550 4520 4490 840
6550 4510 4490 840
6550 4510 4490 840
6550 4510 4480 830
6560 4510 4490 820
6560 4510 4480 820
6560 4510 4500 820
6560 4520 4500 820
6560 4520 4490 820
6560 4520 4500 830
6550 4520 4480 830
6550 4520 4480 820
6550 4520 4480 820
