2800 3630 3690 4230
2800 3630 3690 4230
2800 3620 3690 4210
2800 3630 3690 4220
2790 3630 3690 4220
2790 3630 3690 4230
2790 3630 3700 4230
2790 3630 3700 4230
2780 3630 3700 4240
2790 3630 3700 4250
2800 3630 3710 4250
2800 3630 3710 4250
2800 3630 3710 4240
2790 3640 3700 4230
2790 3640 3700 4220
2800 3630 3700 4230
2800 3630 3690 4230
2800 3630 3690 4240
2800 3630 3690 4230
2800 3630 3680 4240
2800 3630 3680 4240
2800 3630 3690 4220
2800 3630 3690 4240
2790 3630 3690 4230
2790 3630 3690 4220
2790 3620 3690 4220
2790 3620 3690 4220
2780 3620 3690 4220
2780 3620 3690 4240
2780 3620 3690 4230
2780 3620 3690 4230
2780 3620 3690 4240
2780 3620 3700 4230
2780 3630 3700 4230
2780 3630 3690 4240
2780 3630 3690 4240
2780 3630 3700 4230
2780 3630 3690 4250
2780 3630 3690 4250
2780 3630 3690 4240
2780 3630 3690 4240
2770 3640 3680 4230
2770 3640 3690 4220
2780 3630 3690 4230
2780 3640 3690 4240
2780 3640 3700 4240
2780 3630 3700 4240
2780 3630 3700 4230
2780 3630 3700 4230
2800 3630 3700 4230
2800 3630 3700 4230
2800 3630 3700 4230
2810 3630 3700 4230
2800 3630 3700 4240
2790 3630 3700 4230
2800 3630 3700 4240
2790 3630 3700 4230
2790 3630 3690 4240
2780 3630 3690 4250
2790 3630 3690 4230
2790 3630 3690 4220
2780 3640 3690 4220
2780 3640 3690 4220
2780 3640 3690 4230
2780 3640 3700 4240
2780 3640 3700 4220
2780 3640 3690 4220
2790 3630 3690 4220
2790 3620 3690 4210
2790 3620 3690 4220
2790 3620 3700 4230
2800 3620 3700 4220
2800 3620 3700 4230
2770 3630 3700 4220
2770 3640 3690 4230
2780 3640 3690 4220
2780 3640 3690 4220
2780 3630 3700 4220
2790 3630 3700 4220
2790 3630 3700 4210
2800 3630 3690 4230
2790 3630 3690 4230
2780 3630 3690 4210
2770 3630 3690 4210
2780 3630 3690 4220
2780 3630 3690 4240
2780 3630 3690 4220
2780 3630 3690 4220
2770 3630 3690 4200
2770 3630 3690 4200
2780 3630 3690 4200
2790 3630 3690 4210
2800 3630 3700 4210
2800 3630 3700 4230
2790 3630 3700 4230
2790 3630 3690 4240
2780 3630 3690 4240
2770 3620 3690 4230
2770 3630 3690 4230
2780 3620 3690 4230
2780 3620 3690 4240
2790 3620 3690 4250
2790 3620 3690 4250
2800 3630 3700 4240
2800 3630 3700 4240
2800 3640 3700 4230
2790 3630 3700 4220
2790 3630 3700 4220
2780 3630 3700 4220
2790 3630 3700 4230
2790 3630 3700 4230
2790 3640 3710 4230
2790 3640 3700 4230
2790 3640 3690 4230
2790 3630 3690 4230
2780 3630 3710 4220
2790 3630 3700 4210
2790 3620 3700 4230
2800 3620 3710 4230
2790 3620 3700 4230
2790 3620 3700 4230
2790 3630 3700 4230
2790 3630 3700 4240
2790 3630 3690 4220
2790 3630 3680 4220
2790 3630 3680 4230
2800 3630 3680 4220
2790 3640 3690 4230
2800 3640 3690 4220
2800 3640 3690 4220
2800 3630 3690 4210
2800 3630 3690 4210
2800 3630 3690 4210
2800 3640 3690 4220
2800 3640 3690 4220
2800 3630 3690 4220
2800 3630 3690 4230
2800 3630 3690 4230
2800 3630 3690 4230
2800 3640 3690 4240
2800 3640 3690 4240
2790 3630 3700 4230
2790 3630 3700 4220
2790 3630 3700 4210
2790 3630 3710 4210
2790 3630 3700 4200
2790 3630 3690 4200
2790 3630 3690 4220
2790 3630 3690 4220
2790 3630 3680 4220
2790 3630 3680 4220
2790 3630 3680 4220
2790 3640 3680 4230
2790 3630 3680 4230
2780 3640 3680 4220
2780 3640 3680 4230
2800 3640 3680 4240
2800 3640 3680 4230
2800 3640 3690 4230
2800 3630 3690 4230
2790 3630 3690 4230
2790 3630 3690 4240
2800 3630 3690 4230
2800 3620 3690 4240
2790 3620 3690 4250
2790 3630 3690 4250
2790 3640 3690 4250
2790 3640 3690 4240
2790 3640 3690 4240
2790 3630 3690 4230
2790 3630 3690 4240
2790 3630 3690 4230
2790 3630 3690 4230
2790 3630 3690 4230
2790 3630 3690 4240
2790 3630 3700 4230
2790 3640 3710 4230
2790 3640 3710 4230
2790 3640 3710 4230
2790 3640 3710 4210
2780 3640 3700 4210
2790 3640 3700 4220
2790 3640 3700 4230
2790 3640 3700 4250
2790 3640 3700 4260
2800 3650 3700 4260
2800 3640 3700 4260
2790 3640 3700 4250
2800 3630 3690 4240
2800 3630 3690 4240
2790 3630 3690 4250
2790 3630 3690 4250
2800 3630 3700 4250
2800 3630 3690 4240
2800 3630 3680 4240
2800 3630 3690 4240
2790 3630 3690 4240
2780 3630 3690 4230
2790 3630 3690 4220
2790 3630 3690 4220
2780 3630 3680 4220
2780 3630 3680 4220
2780 3630 3680 4220
2780 3630 3680 4220
2780 3630 3680 4220
2780 3630 3680 4220
2780 3630 3690 4220
2790 3630 3690 4220
2790 3630 3690 4220
2790 3630 3690 4220
2780 3630 3690 4210
2780 3630 3680 4210
2780 3620 3680 4210
2790 3630 3690 4210
2800 3630 3690 4230
2800 3630 3690 4230
2790 3630 3690 4220
2770 3630 3690 4230
2770 3630 3700 4240
2770 3630 3700 4230
2770 3630 3700 4230
2780 3630 3700 4230
2780 3620 3690 4240
2790 3620 3690 4230
2790 3630 3700 4230
2780 3630 3690 4230
2770 3630 3690 4240
2770 3630 3690 4250
2780 3630 3700 4260
2780 3620 3700 4250
2780 3620 3700 4230
2790 3620 3700 4230
2800 3620 3690 4240
2800 3630 3690 4250
2800 3640 3700 4240
2800 3630 3690 4230
2800 3640 3700 4220
2800 3640 3700 4210
2790 3640 3710 4230
2790 3640 3710 4220
2790 3640 3700 4230
2790 3640 3700 4220
