2470 3380 4130 4550
2480 3380 4120 4550
2480 3380 4130 4550
2470 3390 4140 4550
2470 3390 4130 4550
2470 3370 4130 4550
2460 3380 4120 4550
2460 3390 4130 4560
2460 3380 4120 4560
2460 3380 4120 4560
2450 3390 4120 4550
2450 3390 4130 4550
2460 3390 4130 4560
2460 3390 4130 4560
2460 3390 4130 4560
2460 3380 4130 4560
2460 3380 4120 4560
2450 3380 4120 4560
2460 3380 4130 4560
2460 3380 4120 4560
2460 3380 4120 4550
2460 3370 4120 4550
2460 3380 4120 4550
2470 3380 4120 4560
2470 3370 4120 4560
2470 3380 4120 4560
2460 3380 4120 4560
2470 3370 4120 4560
2470 3370 4120 4560
2470 3370 4120 4570
2460 3380 4120 4560
2470 3370 4120 4550
2470 3370 4120 4550
2480 3370 4120 4560
2480 3370 4120 4550
2470 3370 4120 4560
2470 3370 4120 4560
2480 3370 4120 4560
2470 3370 4120 4570
2470 3380 4130 4560
2470 3380 4130 4560
2470 3380 4130 4570
2470 3380 4130 4570
2460 3380 4130 4570
2460 3380 4130 4570
2450 3380 4130 4560
2450 3390 4130 4550
2460 3390 4130 4550
2470 3380 4130 4560
2470 3380 4130 4560
2460 3390 4130 4560
2450 3380 4130 4560
2460 3370 4130 4560
2460 3370 4130 4560
2470 3370 4130 4550
2470 3380 4130 4560
2470 3370 4140 4550
2470 3380 4140 4550
2480 3370 4140 4550
2480 3370 4140 4550
2470 3380 4130 4550
2470 3380 4120 4550
2460 3380 4130 4560
2460 3380 4140 4560
2470 3380 4130 4560
2460 3390 4130 4550
2460 3370 4130 4550
2460 3370 4120 4550
2450 3380 4130 4550
2460 3380 4130 4560
2460 3380 4130 4560
2460 3380 4120 4560
2470 3380 4120 4560
2470 3380 4120 4560
2480 3380 4120 4560
2460 3380 4120 4560
2480 3390 4130 4560
2470 3390 4130 4560
2480 3380 4120 4550
2480 3380 4120 4550
2460 3380 4120 4550
2470 3390 4130 4550
2480 3390 4120 4550
2480 3390 4130 4550
2480 3390 4130 4550
2480 3390 4130 4550
2480 3390 4130 4570
2470 3390 4130 4570
2470 3390 4130 4570
2470 3390 4130 4570
2470 3390 4130 4570
2460 3390 4130 4570
2460 3390 4130 4570
2470 3380 4130 4570
2470 3380 4120 4570
2470 3380 4120 4570
2480 3380 4130 4570
2490 3380 4130 4570
2490 3380 4130 4570
2480 3380 4130 4570
2470 3380 4130 4570
2470 3380 4130 4570
2470 3380 4130 4570
2470 3380 4120 4560
2480 3380 4120 4560
2490 3380 4120 4550
2490 3380 4120 4550
2480 3380 4120 4560
2490 3380 4120 4560
2490 3380 4130 4560
2490 3380 4130 4560
2490 3380 4130 4560
2490 3380 4130 4550
2490 3390 4130 4550
2480 3380 4130 4550
2490 3390 4130 4550
2480 3390 4130 4550
2490 3390 4130 4550
2490 3390 4130 4550
2480 3380 4130 4550
2470 3380 4130 4550
2480 3380 4130 4550
2470 3370 4130 4550
2470 3370 4140 4550
2470 3380 4140 4550
2470 3380 4140 4550
2470 3380 4130 4550
2470 3370 4130 4560
2480 3380 4130 4550
2470 3370 4130 4550
2460 3360 4130 4550
2460 3370 4130 4560
2470 3370 4120 4560
2470 3370 4120 4550
2480 3370 4130 4550
2480 3370 4130 4550
2480 3370 4120 4550
2490 3370 4120 4550
2490 3370 4120 4550
2480 3370 4120 4550
2480 3370 4120 4560
2470 3380 4120 4560
2470 3380 4120 4560
2470 3380 4120 4560
2470 3380 4120 4570
2480 3380 4120 4570
2480 3370 4130 4570
2480 3370 4130 4560
2480 3380 4130 4560
2470 3380 4130 4560
2470 3380 4130 4560
2480 3380 4130 4560
2470 3380 4130 4560
2460 3380 4130 4550
2470 3380 4130 4550
2470 3380 4130 4550
2490 3380 4130 4550
2490 3380 4130 4550
2470 3380 4130 4550
2470 3380 4130 4550
2470 3370 4120 4550
2480 3380 4120 4560
2480 3390 4120 4560
2480 3390 4120 4560
2470 3390 4120 4560
2470 3390 4120 4560
2460 3390 4120 4560
