2190 3180 4550 4950
2210 3170 4560 4950
2200 3180 4560 4950
2200 3170 4560 4950
2200 3170 4560 4950
2220 3170 4560 4950
2230 3180 4550 4950
2230 3170 4540 4950
2210 3170 4550 4940
2210 3170 4560 4950
2210 3180 4560 4960
2200 3180 4560 4970
2210 3180 4560 4950
2210 3180 4560 4970
2220 3170 4560 4960
2220 3180 4550 4960
2210 3180 4550 4970
2210 3180 4540 4970
2200 3190 4550 4980
2210 3200 4550 4970
2210 3200 4550 4970
2210 3180 4550 4960
2210 3170 4550 4960
2210 3180 4550 4950
2200 3180 4550 4950
2200 3190 4550 4950
2210 3190 4550 4940
2200 3190 4550 4970
2220 3190 4550 4960
2220 3180 4550 4960
2230 3190 4550 4950
2210 3180 4550 4950
2210 3170 4550 4960
2220 3170 4550 4950
2230 3170 4560 4950
2220 3180 4560 4950
2210 3180 4560 4950
2200 3180 4550 4960
2200 3180 4550 4950
2200 3170 4550 4950
2210 3170 4560 4950
2190 3170 4560 4960
2210 3190 4550 4960
2220 3200 4550 4970
2230 3190 4550 4980
2220 3170 4550 4950
2210 3160 4540 4940
2200 3170 4550 4940
2190 3180 4550 4960
2210 3180 4550 4950
2220 3180 4550 4940
2210 3170 4550 4950
2220 3180 4550 4960
2200 3180 4550 4960
2190 3180 4550 4950
2170 3180 4550 4950
2170 3170 4550 4950
2180 3180 4550 4960
2180 3170 4550 4960
2190 3170 4550 4950
2180 3170 4560 4960
2210 3170 4560 4970
2180 3180 4560 4960
2200 3180 4570 4960
2200 3180 4560 4960
2210 3180 4560 4960
2210 3180 4560 4960
2210 3180 4560 4960
2210 3180 4560 4940
2210 3180 4560 4940
2210 3180 4560 4940
2200 3170 4560 4940
2200 3170 4560 4940
2200 3180 4560 4960
2190 3180 4560 4960
2200 3170 4570 4960
2210 3170 4570 4960
2200 3180 4570 4950
2200 3180 4570 4950
2200 3170 4570 4950
2200 3170 4570 4950
2200 3170 4570 4950
2200 3170 4570 4940
2200 3190 4570 4940
2190 3180 4570 4940
2200 3190 4570 4940
2210 3190 4570 4950
2190 3190 4570 4960
2190 3190 4570 4960
2200 3190 4570 4960
2200 3190 4570 4960
2210 3180 4560 4970
2190 3190 4560 4960
2190 3180 4560 4960
2190 3180 4560 4960
2200 3180 4550 4950
2200 3180 4560 4950
2200 3190 4550 4950
2210 3200 4550 4950
2200 3200 4550 4960
2210 3190 4560 4970
2230 3180 4570 4960
2220 3180 4560 4960
2210 3180 4560 4960
2210 3180 4560 4960
2200 3180 4560 4960
2200 3170 4560 4960
2200 3180 4560 4960
2200 3170 4560 4950
2190 3170 4570 4960
2190 3180 4570 4960
2180 3180 4570 4970
2180 3180 4570 4970
2180 3180 4560 4960
2180 3180 4550 4950
2200 3180 4550 4960
2190 3180 4550 4950
2200 3180 4550 4950
2200 3180 4560 4950
2190 3180 4560 4940
2180 3180 4560 4960
2180 3170 4560 4970
2190 3170 4570 4960
2190 3170 4570 4950
2190 3180 4570 4950
2190 3180 4560 4950
2200 3170 4550 4950
2200 3170 4550 4950
2200 3190 4550 4950
2220 3180 4550 4960
2190 3180 4550 4960
2180 3180 4550 4960
2180 3190 4550 4960
2170 3190 4560 4960
2170 3190 4560 4960
2180 3180 4560 4950
2180 3180 4560 4950
2190 3170 4560 4950
2190 3170 4560 4950
2210 3180 4560 4950
2200 3180 4560 4950
2170 3180 4560 4960
2180 3190 4550 4960
2180 3190 4550 4970
2190 3190 4560 4970
2180 3190 4550 4970
2200 3190 4560 4960
2220 3190 4570 4960
2220 3180 4570 4960
2200 3170 4560 4960
2180 3170 4560 4950
2180 3170 4540 4950
2180 3180 4540 4940
2170 3180 4550 4940
2170 3180 4550 4940
2180 3180 4550 4940
2180 3160 4550 4950
2180 3160 4550 4960
2160 3160 4550 4960
2180 3170 4550 4950
2190 3170 4560 4960
2200 3160 4560 4960
2180 3160 4560 4960
2200 3160 4560 4960
2200 3160 4560 4960
2190 3160 4560 4960
2200 3160 4560 4960
2210 3160 4560 4970
2190 3160 4560 4960
2200 3180 4560 4960
2200 3170 4560 4960
2200 3170 4560 4960
2200 3180 4570 4960
2200 3190 4570 4950
2200 3200 4570 4950
2200 3200 4570 4950
2210 3190 4570 4960
2210 3170 4570 4950
2220 3180 4550 4950
2210 3180 4550 4960
2220 3180 4560 4960
2210 3180 4540 4960
2210 3190 4550 4960
2200 3180 4550 4960
