2020 3030 5010 5360
2010 3030 5000 5360
2010 3060 5000 5370
2000 3050 5000 5380
2000 3050 5000 5380
1990 3050 5000 5380
1990 3050 5000 5380
1980 3050 5000 5370
1980 3050 5000 5370
2020 3050 5000 5370
2020 3030 5000 5370
2020 3050 5000 5370
2000 3030 5010 5370
1990 3030 5010 5370
1990 3050 5010 5370
1980 3050 5010 5370
1970 3050 5010 5370
1990 3050 5020 5370
1980 3050 5020 5380
2000 3060 5010 5380
2010 3070 5010 5380
2010 3060 5010 5380
1990 3060 5010 5380
2010 3060 5020 5380
2000 3060 5020 5380
1990 3060 5020 5380
2000 3070 5010 5380
2000 3070 5010 5380
2000 3060 5010 5380
2010 3030 5010 5380
2010 3050 5010 5390
2010 3050 5010 5390
2020 3050 5010 5390
2010 3060 5010 5390
2010 3060 5010 5390
2000 3060 5010 5390
2010 3060 5010 5390
2000 3050 5020 5390
2020 3050 5020 5390
2010 3050 5020 5390
2000 3030 5020 5390
2000 3050 5020 5400
1990 3030 5010 5400
1990 3020 5010 5400
1980 3030 5010 5400
1980 3030 5020 5400
1980 3030 5010 5390
1990 3050 5010 5380
1990 3050 5010 5370
1990 3050 5010 5370
2000 3060 5010 5380
2000 3060 5010 5380
1990 3060 5010 5370
1990 3050 5010 5370
2000 3050 5000 5370
1990 3050 5000 5360
1990 3020 5020 5380
2010 3020 5020 5390
2010 3020 5010 5380
2000 3030 5010 5380
2000 3050 5020 5370
2000 3050 5010 5380
1990 3050 5010 5380
1980 3060 5010 5390
2000 3050 5000 5390
1980 3050 5000 5370
1990 3050 5010 5360
2000 3020 5000 5360
2010 3050 5000 5360
2010 3060 5010 5370
2030 3050 5010 5370
2010 3050 5010 5360
2010 3030 5010 5370
2000 3050 5010 5390
2010 3060 5010 5390
1990 3050 5020 5390
1990 3050 5020 5390
2000 3030 5020 5390
1990 3030 5020 5380
2010 3030 5020 5380
2000 3050 5010 5370
2020 3050 5010 5360
2010 3060 5010 5370
2010 3060 5020 5380
2010 3060 5020 5380
2010 3060 5010 5380
1980 3050 5010 5380
2000 3060 5010 5380
1990 3060 5000 5390
2010 3060 5010 5390
2000 3060 5000 5380
1990 3060 5000 5370
2010 3070 5010 5380
2020 3070 5010 5380
2010 3070 5010 5380
2010 3060 5010 5370
2000 3060 5020 5370
2000 3060 5020 5380
2020 3050 5010 5370
2030 3030 5010 5380
2010 3030 5020 5380
2020 3030 5020 5390
2010 3030 5020 5390
2020 3030 5020 5390
2000 3050 5020 5400
2000 3060 5020 5390
2020 3060 5020 5390
2020 3050 5020 5400
2010 3030 5010 5390
2000 3050 5010 5390
2010 3050 5010 5390
2010 3050 5010 5380
2010 3050 5010 5380
2010 3050 5000 5370
2020 3050 5000 5360
2000 3060 5000 5370
1990 3070 5000 5380
2010 3060 5000 5390
2000 3060 5000 5400
2010 3060 5000 5390
1990 3060 5000 5390
1980 3060 5000 5390
2000 3050 5010 5390
2000 3030 5010 5380
2020 3030 5010 5370
2030 3050 5010 5370
2020 3050 5010 5360
2020 3050 5010 5370
2020 3050 5010 5380
2030 3050 5010 5380
2020 3050 5010 5390
2010 3030 5010 5400
1980 3050 5000 5400
1980 3060 5010 5390
1990 3060 5010 5390
2000 3060 5010 5400
1990 3070 5000 5390
2010 3060 5000 5370
2020 3060 5010 5370
2010 3060 5010 5360
2000 3060 5010 5380
2010 3060 5010 5390
2010 3060 5010 5370
2000 3070 5010 5370
2010 3070 5010 5360
2000 3070 5010 5380
2010 3060 5010 5390
1990 3060 5010 5370
1990 3050 5000 5370
1990 3050 5000 5360
2010 3050 5010 5360
2000 3050 5010 5380
1990 3060 5010 5390
1980 3070 5010 5370
2000 3060 5020 5380
2010 3060 5020 5370
2020 3060 5020 5380
2010 3060 5020 5370
2000 3060 5010 5380
2020 3050 5020 5380
2020 3050 5010 5380
2000 3050 5010 5370
1990 3050 5020 5380
1990 3050 5010 5390
1990 3050 5010 5390
2000 3050 5010 5370
2010 3030 5010 5370
2010 3030 5010 5380
2010 3050 5010 5380
2000 3030 5010 5370
2000 3050 5010 5390
2000 3050 5000 5390
1990 3050 5000 5390
1990 3050 5000 5390
1990 3050 5010 5390
1980 3050 5010 5390
1990 3060 5010 5370
2010 3060 5010 5370
2020 3060 5010 5380
2010 3050 5000 5390
2000 3050 5000 5390
2000 3050 5000 5390
2000 3050 5010 5390
2000 3060 5010 5400
2000 3070 5010 5400
2000 3070 5010 5390
2000 3080 5010 5390
2010 3070 5000 5390
2020 3060 5000 5390
2030 3050 5010 5390
2010 3060 5000 5390
2020 3060 5000 5390
2010 3050 5000 5390
2020 3050 5010 5390
2030 3050 5010 5390
2010 3050 5020 5390
2000 3060 5020 5390
2010 3050 5010 5390
2000 3050 5010 5390
2000 3050 5010 5390
1990 3060 5010 5390
1980 3050 5000 5390
2000 3030 5010 5390
2020 3020 5010 5390
2010 3050 5010 5400
1990 3050 5010 5390
1980 3050 5010 5390
1980 3060 5010 5390
1970 3060 5010 5390
1970 3030 5010 5400
1980 3030 5010 5400
1980 3050 5010 5400
1970 3050 5020 5400
2000 3030 5020 5390
2000 3030 5010 5390
2000 3050 5010 5400
1990 3050 5010 5400
2000 3050 5000 5400
2000 3060 5000 5390
2000 3060 5000 5390
1980 3050 5000 5390
2000 3050 5000 5390
2010 3050 5010 5400
2000 3050 5010 5390
2010 3030 5010 5380
2010 3050 5010 5390
2020 3050 5010 5390
2030 3060 5010 5390
2020 3050 5010 5390
2020 3050 5000 5390
2020 3060 5010 5400
2010 3060 5010 5400
2000 3050 5010 5410
2000 3030 5010 5410
2000 3030 5010 5400
2020 3050 5010 5390
2020 3050 5010 5390
2020 3050 5010 5390
2030 3050 5010 5380
2020 3060 5010 5380
2020 3060 5010 5380
2010 3060 5010 5380
2000 3070 5010 5380
2020 3070 5010 5380
2010 3080 5000 5380
1980 3060 5010 5380
1970 3050 5020 5390
1970 3050 5020 5380
1980 3050 5020 5390
1970 3050 5020 5390
1970 3050 5020 5390
1980 3050 5020 5390
1990 3050 5010 5390
1980 3050 5010 5390
2000 3050 5010 5390
1980 3060 5010 5390
1970 3060 5010 5390
1980 3060 5000 5390
1990 3050 5000 5390
1990 3050 5000 5390
2010 3050 5010 5390
2010 3050 5010 5390
2020 3060 5010 5380
2000 3050 5010 5380
2020 3060 5010 5390
2020 3060 5010 5390
2020 3060 5010 5390
2020 3060 5010 5390
2040 3050 5010 5400
2040 3030 5010 5400
2020 3050 5010 5390
2020 3050 5010 5390
2000 3050 5010 5390
2000 3050 5010 5380
2010 3050 5010 5380
2000 3050 5010 5380
2000 3050 5010 5380
1990 3050 5000 5380
1990 3030 4990 5380
2000 3030 5000 5390
2000 3030 5000 5390
2000 3050 5000 5380
1990 3050 5000 5380
1980 3060 5000 5380
1970 3060 5010 5370
1980 3030 5010 5380
1990 3050 5010 5370
2000 3050 5010 5380
2010 3060 5010 5390
2000 3060 5010 5390
1990 3060 5010 5390
2000 3060 5000 5390
2000 3050 5000 5390
2020 3060 5000 5400
2000 3050 5000 5400
2000 3050 5000 5390
2000 3050 5010 5390
2000 3050 5010 5400
1990 3050 5000 5390
2010 3050 5000 5390
2010 3060 5000 5390
2000 3060 5000 5400
2000 3060 5000 5390
2010 3060 5010 5380
2000 3070 5010 5380
2000 3060 5000 5390
2000 3060 5000 5380
2000 3070 5010 5370
2010 3060 5020 5380
2020 3070 5010 5380
2010 3070 5010 5380
2000 3070 5010 5380
1990 3070 5010 5380
1990 3070 5010 5390
1990 3060 5000 5390
1980 3050 5000 5380
1990 3050 5000 5390
2000 3030 5000 5390
2020 3060 5000 5380
2020 3050 5000 5370
2020 3030 5010 5370
2020 3060 5010 5380
2020 3070 5010 5390
2020 3060 5000 5400
2030 3050 5000 5400
2010 3050 5010 5390
2000 3060 5000 5400
2010 3050 5000 5400
2010 3050 5000 5400
2020 3060 5000 5400
2020 3060 5000 5400
2020 3060 4990 5390
2020 3050 4990 5390
2000 3030 4990 5390
1990 3030 4990 5380
2010 3050 4990 5380
2000 3060 4990 5380
1990 3060 5000 5390
1990 3060 5000 5390
1990 3060 5000 5390
2010 3070 5000 5380
2010 3070 5000 5370
2010 3070 5000 5370
2000 3070 4990 5370
2000 3060 4990 5370
2030 3050 4990 5380
