2500 2590 5290 5140
2490 2580 5290 5140
2490 2590 5290 5140
2490 2580 5300 5140
2490 2580 5290 5120
2480 2580 5290 5130
2470 2590 5280 5140
2450 2580 5270 5140
2440 2580 5270 5140
2450 2580 5280 5140
2460 2580 5290 5140
2450 2580 5290 5140
2440 2580 5290 5150
2460 2580 5290 5140
2460 2580 5290 5150
2450 2580 5290 5150
2450 2580 5290 5140
2450 2590 5290 5130
2450 2590 5300 5130
2460 2590 5280 5120
2460 2580 5270 5130
2460 2580 5270 5140
2450 2580 5280 5120
2440 2570 5280 5140
2440 2570 5280 5140
2450 2570 5270 5150
2450 2580 5260 5150
2460 2580 5260 5140
2450 2580 5250 5130
2440 2570 5250 5110
2430 2580 5270 5120
2430 2580 5270 5120
2430 2580 5270 5140
2450 2570 5280 5140
2460 2570 5280 5130
2460 2590 5270 5110
2460 2590 5280 5110
2450 2580 5280 5130
2450 2580 5270 5130
2460 2580 5270 5130
2470 2580 5280 5130
2470 2590 5280 5110
2450 2580 5280 5100
2450 2580 5280 5100
2450 2580 5270 5100
2450 2580 5260 5120
2440 2580 5260 5110
2450 2580 5250 5120
2440 2580 5260 5130
2440 2580 5260 5130
2450 2580 5250 5120
2460 2590 5250 5130
2460 2590 5250 5140
2450 2580 5260 5140
2450 2580 5260 5140
2450 2580 5270 5120
2450 2580 5260 5110
2450 2580 5260 5100
2450 2580 5250 5090
2450 2580 5250 5090
2440 2580 5270 5110
2440 2580 5260 5110
2450 2580 5270 5100
2450 2580 5270 5110
2440 2580 5260 5130
2440 2580 5270 5120
2440 2580 5260 5100
2430 2580 5260 5100
2420 2580 5260 5100
2440 2580 5270 5090
2440 2590 5260 5090
2440 2600 5270 5110
2440 2590 5280 5120
2460 2590 5270 5110
2460 2590 5260 5120
2460 2590 5260 5130
2460 2590 5260 5120
2460 2590 5250 5120
2470 2590 5270 5140
2470 2590 5270 5120
2460 2580 5260 5130
2460 2580 5280 5130
2460 2590 5270 5120
2470 2580 5280 5130
2460 2590 5290 5140
2460 2590 5280 5140
2450 2580 5280 5150
2460 2580 5280 5150
2440 2590 5270 5140
2430 2600 5280 5150
2430 2600 5280 5130
2440 2600 5270 5140
2440 2600 5260 5140
2450 2580 5270 5130
2450 2590 5260 5140
2460 2590 5260 5140
2470 2590 5270 5120
2440 2600 5280 5130
2450 2590 5270 5140
2450 2580 5270 5140
2440 2580 5270 5140
2450 2580 5280 5140
2460 2590 5290 5150
2470 2580 5290 5150
2480 2590 5280 5150
2460 2600 5280 5130
2450 2590 5290 5120
2450 2600 5290 5130
2450 2600 5290 5120
2460 2590 5290 5130
2450 2580 5290 5120
2450 2580 5280 5110
2450 2580 5280 5130
2440 2580 5290 5150
2460 2580 5280 5150
2450 2580 5290 5130
2460 2580 5300 5110
2460 2580 5300 5120
2450 2590 5290 5150
2460 2590 5280 5160
2460 2600 5280 5160
2470 2590 5290 5130
2440 2590 5290 5140
2440 2580 5290 5150
2450 2600 5290 5150
2450 2600 5290 5130
2450 2600 5290 5130
2460 2590 5290 5130
2450 2590 5290 5120
2450 2580 5270 5130
2450 2590 5280 5120
2450 2590 5270 5130
2460 2580 5280 5130
2460 2570 5280 5110
2460 2570 5280 5120
2460 2580 5290 5120
2450 2580 5290 5120
2450 2590 5300 5140
2450 2590 5280 5130
2460 2590 5290 5130
2460 2590 5280 5130
2460 2590 5300 5120
2470 2580 5300 5130
2480 2590 5280 5120
2470 2590 5280 5120
