2670 2690 4800 4710
2670 2700 4800 4710
2670 2710 4790 4710
2660 2720 4790 4710
2670 2720 4790 4720
2670 2720 4780 4720
2670 2720 4780 4720
2660 2720 4780 4710
2650 2720 4780 4690
2650 2720 4780 4690
2670 2710 4790 4700
2670 2710 4790 4700
2670 2710 4790 4700
2650 2720 4790 4700
2660 2750 4800 4700
2660 2740 4790 4700
2650 2740 4790 4710
2660 2750 4790 4710
2660 2740 4790 4710
2660 2720 4790 4710
2660 2710 4790 4700
2650 2740 4790 4690
2660 2740 4790 4690
2670 2740 4790 4700
2660 2740 4790 4700
2660 2740 4790 4700
2660 2740 4790 4690
2650 2740 4780 4690
2640 2720 4790 4690
2640 2720 4790 4690
2660 2720 4790 4690
2660 2720 4790 4700
2660 2740 4790 4710
2660 2720 4790 4710
2670 2750 4800 4700
2650 2760 4800 4710
2660 2750 4790 4710
2660 2720 4780 4710
2660 2740 4790 4710
2660 2720 4800 4700
2670 2720 4790 4700
2660 2720 4790 4710
2660 2720 4800 4710
2660 2710 4810 4710
2660 2720 4810 4710
2660 2720 4810 4710
2670 2720 4810 4710
2660 2740 4810 4710
2660 2740 4800 4710
2670 2720 4800 4710
2670 2720 4800 4710
2670 2720 4810 4710
2680 2710 4810 4710
2680 2710 4810 4710
2680 2710 4790 4710
2680 2710 4790 4710
2680 2710 4800 4710
2680 2720 4800 4710
2660 2720 4800 4710
2660 2710 4790 4710
2660 2710 4790 4720
2660 2710 4790 4720
2660 2710 4800 4730
2670 2700 4790 4720
2660 2710 4790 4720
2660 2720 4790 4710
2660 2720 4790 4710
2660 2720 4780 4710
2660 2720 4770 4720
2660 2720 4770 4710
2680 2720 4780 4710
2670 2710 4790 4710
2670 2710 4800 4710
2670 2710 4800 4710
2670 2710 4800 4710
2670 2720 4800 4710
2670 2720 4800 4710
2670 2740 4790 4710
2670 2740 4790 4710
2660 2740 4790 4720
2670 2740 4790 4720
2670 2740 4790 4710
2680 2740 4780 4710
2670 2740 4790 4710
2660 2740 4780 4700
2670 2740 4780 4700
2690 2740 4770 4710
2680 2740 4770 4710
2660 2720 4780 4710
2660 2720 4780 4710
2670 2720 4780 4710
2660 2740 4780 4710
2660 2720 4780 4700
2660 2720 4790 4700
2650 2710 4790 4700
2660 2710 4790 4700
2660 2710 4780 4700
2650 2710 4790 4700
2660 2720 4780 4700
2670 2720 4800 4700
2670 2740 4790 4700
2670 2720 4780 4710
2660 2710 4770 4700
2670 2710 4770 4690
2670 2710 4770 4700
2670 2710 4770 4700
2670 2710 4790 4690
2660 2710 4790 4690
2660 2710 4790 4700
2660 2710 4780 4710
2660 2690 4780 4710
2660 2690 4790 4710
2660 2680 4790 4710
2650 2680 4800 4720
2650 2680 4800 4720
2650 2670 4800 4710
2650 2660 4810 4710
2660 2680 4800 4710
2650 2690 4800 4710
2650 2690 4790 4710
2660 2690 4800 4710
2660 2690 4800 4710
2650 2700 4790 4710
2650 2700 4790 4710
2670 2700 4800 4710
2670 2700 4790 4710
2660 2700 4790 4710
2660 2680 4790 4720
2660 2700 4790 4710
2660 2700 4790 4710
2650 2700 4800 4710
2650 2700 4800 4690
2640 2690 4800 4700
2640 2680 4800 4700
2640 2680 4810 4700
2640 2680 4810 4720
2640 2690 4800 4710
2640 2690 4800 4710
2650 2690 4800 4710
2660 2700 4800 4710
2660 2700 4790 4710
2650 2700 4790 4720
2650 2700 4790 4700
2650 2720 4790 4700
2660 2740 4780 4700
2660 2740 4780 4700
2660 2720 4780 4700
2650 2740 4800 4690
2660 2740 4800 4690
2660 2720 4800 4690
2660 2710 4800 4700
2650 2710 4800 4700
2650 2710 4810 4690
2650 2700 4800 4690
2640 2700 4790 4690
2640 2700 4790 4690
2640 2710 4790 4700
2650 2720 4790 4700
2650 2720 4780 4700
2640 2720 4790 4700
2650 2740 4790 4690
2650 2740 4800 4690
2640 2740 4790 4690
2630 2720 4800 4690
2630 2720 4790 4710
