2870 2910 4340 4320
2880 2910 4350 4310
2870 2910 4340 4300
2870 2910 4340 4300
2870 2920 4340 4310
2870 2920 4340 4310
2870 2920 4340 4310
2870 2920 4340 4310
2860 2920 4340 4310
2860 2910 4340 4320
2870 2920 4340 4320
2870 2920 4340 4310
2870 2930 4340 4310
2870 2920 4340 4310
2860 2930 4340 4310
2860 2930 4340 4310
2860 2930 4330 4300
2850 2920 4320 4290
2850 2930 4330 4300
2850 2930 4330 4310
2870 2920 4340 4310
2860 2920 4340 4310
2870 2910 4350 4300
2850 2910 4350 4300
2860 2900 4350 4300
2850 2900 4340 4300
2840 2900 4340 4310
2830 2900 4340 4310
2850 2900 4340 4310
2860 2900 4340 4310
2860 2900 4340 4320
2850 2910 4350 4310
2850 2910 4350 4310
2850 2900 4350 4310
2860 2900 4350 4310
2860 2900 4350 4320
2860 2910 4350 4320
2860 2910 4350 4320
2860 2910 4350 4320
2860 2910 4350 4320
2860 2900 4340 4320
2860 2900 4350 4320
2860 2910 4350 4320
2860 2910 4350 4320
2870 2910 4350 4320
2870 2910 4340 4320
2870 2910 4340 4330
2860 2910 4340 4330
2850 2920 4350 4320
2850 2920 4350 4320
2850 2920 4350 4310
2850 2920 4340 4310
2850 2920 4350 4320
2850 2920 4340 4320
2850 2920 4340 4320
2860 2920 4340 4320
2860 2920 4350 4320
2860 2920 4340 4320
2860 2920 4340 4320
2840 2920 4340 4310
2850 2920 4340 4310
2850 2920 4340 4320
2850 2910 4340 4320
2850 2910 4340 4320
2860 2900 4330 4310
2860 2910 4330 4320
2860 2910 4330 4320
2860 2910 4330 4320
2870 2910 4330 4330
2880 2910 4330 4330
2860 2910 4340 4330
2860 2910 4350 4330
2860 2910 4350 4330
2860 2900 4350 4330
2850 2910 4350 4330
2850 2920 4350 4330
2840 2920 4350 4330
2860 2920 4340 4330
2860 2920 4340 4330
2860 2910 4340 4320
2870 2910 4340 4320
2850 2900 4340 4320
2840 2910 4340 4310
2840 2910 4340 4300
2850 2920 4340 4300
2850 2910 4350 4300
2840 2920 4350 4310
2840 2930 4350 4320
2850 2930 4350 4320
2850 2930 4340 4310
2850 2930 4340 4310
2870 2930 4340 4300
2870 2930 4340 4310
2870 2910 4350 4320
2860 2910 4350 4320
2850 2910 4340 4340
2850 2920 4340 4330
2850 2920 4340 4320
2850 2920 4340 4320
2850 2910 4340 4320
2850 2920 4340 4330
2860 2920 4340 4330
2860 2920 4340 4330
2860 2920 4340 4330
2850 2920 4350 4330
2850 2920 4350 4330
2850 2920 4350 4330
2850 2920 4340 4330
2850 2920 4340 4310
2850 2920 4340 4300
2850 2920 4340 4300
2860 2920 4340 4300
2870 2920 4340 4320
2860 2920 4340 4320
2870 2920 4340 4310
2860 2920 4340 4330
2860 2910 4340 4320
2860 2910 4340 4320
2860 2910 4350 4320
2850 2910 4350 4320
2870 2900 4350 4320
2860 2900 4340 4330
2860 2910 4350 4320
2860 2900 4350 4320
2850 2890 4350 4310
2850 2890 4350 4320
2860 2890 4340 4320
2850 2900 4350 4330
2860 2910 4340 4320
2860 2920 4340 4320
2850 2910 4330 4320
2850 2910 4340 4320
2850 2910 4340 4320
2850 2910 4340 4330
2870 2920 4340 4340
2870 2920 4340 4340
2870 2920 4340 4340
2860 2910 4340 4330
2880 2910 4340 4310
2880 2910 4340 4310
2860 2910 4350 4310
2850 2920 4340 4330
2850 2900 4340 4330
2840 2910 4340 4330
2830 2920 4340 4320
2830 2920 4340 4330
