2000 4970 3080 5310
1990 4970 3080 5320
2000 4970 3080 5310
2010 4970 3080 5320
2000 4970 3080 5310
2000 4960 3080 5310
2000 4960 3080 5310
2000 4960 3080 5330
2000 4960 3080 5310
2010 4960 3080 5300
1990 4960 3080 5310
1980 4960 3070 5320
1970 4950 3080 5320
1980 4970 3080 5330
1990 4970 3080 5320
1990 4980 3100 5310
1990 4970 3100 5330
2000 4970 3100 5310
2000 4970 3110 5300
2010 4960 3090 5310
2010 4960 3090 5300
2010 4960 3090 5300
2010 4960 3090 5310
2010 4970 3090 5330
2020 4990 3090 5330
2020 4990 3090 5320
2020 4980 3090 5320
2020 4980 3080 5310
2010 4980 3100 5330
2010 4970 3110 5340
2010 4980 3100 5350
2000 4980 3090 5340
2010 4980 3090 5330
2020 4960 3110 5340
2020 4960 3110 5320
2010 4960 3090 5340
2020 4970 3090 5350
2020 4960 3080 5360
2020 4950 3070 5360
2020 4970 3060 5350
2030 4970 3070 5330
2030 4960 3070 5330
2030 4970 3070 5340
2020 4980 3080 5330
2020 4980 3080 5310
2020 4980 3080 5320
2020 4970 3090 5320
2020 4960 3100 5330
2020 4960 3090 5330
2020 4960 3100 5330
2030 4970 3100 5310
2020 4970 3090 5320
2020 4970 3090 5310
2020 4970 3090 5310
2020 4980 3080 5330
2020 4970 3080 5340
2020 4970 3080 5350
2010 4970 3090 5340
2010 4980 3090 5320
2000 4990 3100 5310
2000 4990 3100 5320
2010 5000 3090 5340
2010 5000 3100 5350
2020 4990 3100 5350
2020 4980 3100 5360
2020 4980 3090 5330
2000 4980 3090 5350
2010 4970 3090 5350
2010 4970 3080 5330
2010 4970 3080 5320
2000 4970 3070 5320
2010 4970 3070 5340
2000 4960 3070 5340
2010 4960 3080 5330
2020 4960 3070 5310
2010 4960 3090 5320
2030 4960 3090 5330
2040 4960 3090 5320
2040 4960 3090 5300
2020 4970 3090 5320
2020 4980 3080 5320
2010 4980 3090 5310
1990 4990 3080 5330
1990 4990 3090 5310
1980 4990 3080 5310
1980 4990 3080 5330
1990 4990 3080 5310
2000 4990 3080 5300
1990 4990 3080 5290
1990 4990 3080 5320
1990 4980 3090 5330
2000 4980 3090 5340
1990 4970 3090 5330
2000 4970 3100 5340
2000 4980 3090 5320
1980 4970 3100 5300
1980 4970 3100 5290
2000 4960 3090 5290
2010 4960 3080 5300
2010 4960 3100 5300
2020 4970 3090 5290
2030 4980 3090 5300
2020 4970 3090 5310
2020 4960 3090 5300
2000 4970 3080 5320
2000 4970 3090 5340
2010 4970 3090 5340
1990 4970 3070 5340
2010 4970 3080 5330
2010 4960 3080 5320
2010 4960 3080 5310
2020 4960 3080 5300
2020 4970 3080 5300
2020 4970 3080 5290
2030 4970 3080 5300
2030 4980 3080 5290
2030 4980 3080 5290
2020 4970 3080 5310
2040 4970 3080 5310
2030 4980 3080 5330
2020 4970 3090 5310
2010 4970 3090 5320
2010 4970 3090 5310
2010 4970 3100 5320
2010 4970 3100 5340
2010 4970 3100 5360
1990 4960 3090 5330
1990 4960 3090 5340
1990 4970 3080 5320
2010 4960 3070 5330
2000 4970 3070 5340
2000 4970 3070 5330
2010 4990 3070 5340
2020 5000 3080 5330
2030 4990 3080 5330
2020 4990 3090 5330
2020 4980 3080 5340
2020 4980 3080 5330
2020 4990 3090 5310
2030 4990 3080 5320
2020 4980 3080 5310
2030 4980 3090 5330
2030 4980 3090 5330
2020 4980 3080 5320
2020 4980 3080 5330
2020 4980 3080 5340
2030 4990 3090 5320
2030 4990 3090 5320
2030 5000 3090 5320
2020 4990 3090 5320
2000 4990 3090 5320
2000 4990 3090 5320
2000 4990 3090 5310
2020 4990 3090 5320
2030 4980 3090 5330
2030 4970 3090 5310
2020 4970 3090 5330
2010 4970 3090 5310
2000 4970 3080 5330
1990 4970 3070 5320
2010 4970 3070 5310
2000 4960 3080 5300
2000 4960 3080 5320
2010 4970 3080 5320
2000 4980 3080 5330
2010 4980 3100 5340
2000 4980 3080 5320
2000 4990 3080 5320
2010 4990 3080 5330
2020 4990 3080 5340
2020 4990 3080 5320
2030 4990 3080 5330
2010 4990 3080 5320
2010 4990 3080 5320
2000 4980 3070 5330
2010 4980 3070 5320
2010 4970 3070 5310
2000 4970 3090 5300
