3160 3230 3980 3910
3160 3230 3980 3910
3160 3230 3980 3910
3160 3230 3980 3910
3160 3200 3980 3910
3150 3210 3980 3900
3150 3210 3990 3890
3160 3220 3980 3880
3150 3210 3980 3880
3160 3210 3990 3890
3160 3210 3980 3910
3170 3190 3980 3930
3160 3220 3980 3920
3150 3230 3990 3910
3160 3220 3980 3920
3170 3220 3980 3910
3160 3210 3980 3910
3150 3210 3980 3910
3150 3190 3980 3910
3150 3210 3980 3910
3160 3220 3980 3920
3160 3230 3960 3920
3170 3210 3960 3920
3160 3210 3960 3910
3180 3220 3960 3910
3190 3210 3960 3890
3190 3200 3980 3910
3200 3200 3980 3900
3190 3210 3980 3900
3190 3220 3980 3900
3180 3230 3980 3910
3180 3220 3980 3910
3170 3230 3980 3910
3160 3230 3980 3910
3160 3210 3980 3900
3160 3220 3980 3900
3160 3200 3980 3900
3170 3190 3980 3900
3180 3200 3980 3910
3180 3190 3980 3910
3170 3180 3980 3910
3170 3200 3990 3920
3150 3220 3980 3920
3160 3240 3990 3910
3150 3230 3980 3890
3150 3230 3980 3890
3150 3210 3980 3900
3130 3220 3990 3900
3150 3210 3990 3900
3150 3220 3990 3910
3150 3220 3990 3910
3140 3230 3990 3910
3140 3230 3990 3900
3160 3210 3990 3890
3170 3210 3990 3900
3180 3230 3980 3880
3200 3210 3980 3880
3200 3200 3990 3890
3170 3190 4000 3900
3170 3210 3990 3910
3180 3220 3990 3920
3160 3240 3980 3920
3170 3220 3980 3910
3160 3230 3980 3910
3160 3230 3980 3910
3160 3230 3980 3900
3180 3230 3980 3900
3180 3230 3980 3910
3160 3230 3980 3920
3150 3230 3990 3940
3140 3220 3990 3930
3140 3230 3990 3930
3160 3240 3980 3930
3150 3240 3980 3920
3140 3220 3980 3900
3160 3210 3980 3900
3150 3230 3980 3900
3160 3240 3990 3910
3170 3240 3990 3920
3150 3250 3990 3920
3160 3250 4000 3920
3160 3250 4000 3920
3150 3250 4000 3910
3160 3230 3990 3910
3150 3240 3990 3890
3160 3240 3990 3880
3140 3240 3990 3880
3140 3230 3990 3890
3160 3230 3980 3900
3160 3220 3960 3910
3150 3220 3960 3910
3150 3230 3980 3910
3160 3220 3990 3910
3180 3230 3990 3910
3190 3210 3990 3910
3180 3200 3980 3910
3180 3190 3990 3920
3190 3200 3990 3920
3170 3200 3990 3930
3170 3220 3990 3930
3170 3210 3980 3920
3170 3200 3980 3920
3180 3210 3980 3910
3170 3210 3990 3920
3150 3220 3990 3910
3160 3230 3990 3910
3150 3220 3990 3920
3150 3210 3990 3910
3150 3200 3980 3910
3140 3210 3980 3910
3160 3220 3990 3910
3140 3220 3990 3900
3160 3220 3990 3900
3140 3220 3980 3900
3140 3220 3980 3900
3170 3210 3980 3900
3160 3190 3980 3910
3160 3200 3980 3910
3150 3220 3980 3910
3140 3220 3980 3910
3130 3230 3990 3910
3150 3200 3980 3910
3140 3210 3980 3910
3160 3200 3980 3920
3150 3210 3980 3910
3150 3200 3980 3920
3140 3220 3980 3920
3140 3220 3980 3910
3140 3220 3980 3910
3140 3220 3980 3910
3140 3220 3990 3920
3130 3220 3990 3920
3130 3230 3980 3920
3120 3220 3980 3910
3140 3220 3980 3920
3140 3210 3980 3920
3130 3200 3990 3910
3130 3220 4000 3910
3130 3230 3990 3910
3140 3230 3990 3920
3160 3220 3990 3920
3150 3220 3980 3920
3150 3230 3990 3910
3140 3210 3980 3910
3160 3210 3990 3910
3160 3190 3990 3920
3170 3190 3980 3920
3160 3220 3990 3930
3150 3220 4000 3930
3140 3230 3990 3920
3160 3220 3980 3910
3160 3210 3960 3910
3160 3200 3960 3900
3170 3210 3960 3910
3150 3210 3980 3910
3140 3200 3980 3910
3140 3210 3980 3920
3150 3230 3980 3910
3150 3230 3980 3910
3150 3210 3980 3910
3150 3210 3980 3910
3170 3210 3980 3910
3150 3230 3990 3910
3150 3240 3990 3920
3140 3240 3980 3910
3150 3230 3960 3920
3130 3230 3960 3910
3130 3230 3960 3920
3120 3220 3980 3920
3120 3200 3980 3910
3130 3210 3980 3920
3120 3220 3980 3920
3140 3220 3980 3910
3140 3210 3990 3910
3140 3230 3990 3900
3140 3220 3990 3900
3130 3220 3980 3890
3130 3210 3990 3890
3140 3220 3980 3900
3160 3230 3960 3910
3150 3220 3960 3920
3140 3230 3960 3920
3150 3220 3980 3910
3130 3200 3990 3910
3130 3190 3990 3920
3150 3200 3990 3920
3140 3220 3990 3920
3130 3220 3980 3910
3140 3210 3980 3910
3150 3220 3980 3910
3140 3210 3980 3920
3130 3200 3990 3920
3130 3220 3980 3910
3140 3230 3980 3920
3140 3230 3980 3920
3140 3220 3980 3920
3160 3220 3980 3930
