3510 3560 3570 3520
3510 3560 3580 3520
3520 3560 3580 3520
3520 3560 3580 3530
3520 3570 3590 3530
3530 3550 3590 3530
3520 3570 3590 3520
3530 3570 3580 3520
3530 3570 3580 3510
3500 3570 3570 3510
3500 3570 3580 3510
3500 3570 3580 3510
3500 3570 3580 3510
3510 3570 3580 3510
3500 3570 3580 3510
3510 3570 3580 3510
3500 3570 3580 3510
3500 3570 3580 3510
3500 3570 3590 3520
3500 3570 3590 3510
3490 3580 3590 3520
3500 3580 3580 3520
3500 3570 3570 3510
3510 3570 3570 3510
3500 3570 3570 3510
3500 3570 3580 3510
3500 3570 3580 3510
3500 3570 3580 3510
3500 3570 3580 3500
3500 3570 3580 3500
3500 3570 3580 3500
3500 3570 3580 3500
3510 3570 3580 3510
3500 3570 3580 3520
3500 3570 3580 3510
3500 3570 3580 3510
3490 3570 3580 3520
3500 3570 3580 3510
3500 3570 3580 3510
3490 3570 3580 3520
3500 3570 3570 3520
3510 3570 3570 3520
3510 3570 3570 3520
3510 3570 3570 3520
3520 3570 3580 3520
3520 3570 3580 3520
3510 3570 3580 3530
3510 3570 3580 3530
3520 3560 3570 3530
3520 3560 3570 3530
3530 3570 3570 3530
3520 3570 3580 3530
3520 3570 3580 3530
3500 3570 3580 3540
3510 3570 3580 3530
3510 3560 3580 3530
3500 3560 3580 3540
3510 3560 3580 3540
3510 3560 3580 3530
3510 3560 3580 3520
3510 3560 3580 3520
3500 3570 3580 3540
3500 3570 3580 3530
3500 3570 3580 3540
3510 3560 3580 3540
3500 3560 3580 3540
3510 3560 3590 3540
3500 3570 3590 3520
3500 3580 3580 3520
3510 3580 3580 3520
3500 3580 3580 3530
3510 3570 3580 3520
3500 3570 3580 3520
3490 3570 3580 3520
3490 3560 3580 3530
3490 3560 3580 3530
3490 3560 3580 3530
3490 3560 3590 3530
3480 3560 3590 3530
3480 3560 3580 3540
3480 3560 3580 3530
3480 3570 3580 3540
3480 3570 3580 3530
3490 3560 3580 3530
3490 3560 3580 3530
3500 3560 3580 3540
3500 3560 3580 3540
3500 3570 3580 3540
3500 3570 3580 3540
3500 3570 3580 3530
3500 3570 3580 3530
3500 3570 3580 3530
3500 3560 3580 3530
3510 3560 3580 3530
3510 3560 3580 3520
3500 3560 3580 3520
3500 3560 3580 3520
3500 3550 3580 3520
3500 3560 3590 3520
3500 3560 3590 3520
3490 3560 3590 3520
3500 3560 3590 3520
3500 3580 3580 3510
3500 3580 3580 3510
3490 3580 3580 3510
3490 3580 3580 3510
3490 3580 3580 3510
3490 3570 3580 3510
3490 3560 3580 3520
3500 3560 3580 3510
3500 3560 3580 3500
3500 3560 3570 3500
3500 3550 3570 3520
3500 3550 3570 3520
3510 3550 3570 3510
3500 3550 3570 3510
3500 3550 3580 3520
3500 3550 3580 3510
3500 3550 3580 3500
3490 3550 3580 3510
3490 3560 3580 3520
3490 3560 3580 3520
3490 3560 3580 3510
3500 3560 3580 3510
3500 3570 3580 3510
3500 3570 3580 3510
3510 3570 3580 3510
3500 3570 3580 3500
3500 3570 3580 3520
3490 3570 3580 3520
