3890 3950 3280 3150
3880 3950 3280 3150
3870 3950 3290 3150
3870 3950 3290 3150
3880 3940 3290 3150
3890 3940 3280 3160
3890 3950 3280 3150
3890 3950 3290 3160
3890 3960 3290 3150
3900 3950 3280 3150
3880 3960 3280 3160
3880 3980 3280 3150
3870 3980 3290 3140
3870 3980 3300 3140
3870 3980 3300 3150
3890 3960 3300 3150
3890 3980 3300 3160
3900 3960 3290 3170
3890 3950 3280 3170
3890 3950 3280 3180
3890 3960 3290 3170
3890 3960 3290 3170
3890 3960 3280 3160
3890 3950 3280 3170
3880 3960 3300 3160
3880 3980 3300 3150
3870 3950 3300 3160
3870 3950 3300 3160
3870 3980 3290 3160
3870 3980 3290 3160
3880 3960 3280 3170
3870 3950 3280 3160
3860 3950 3290 3150
3850 3950 3280 3150
3870 3950 3280 3150
3870 3950 3290 3150
3870 3960 3280 3150
3860 3960 3280 3150
3870 3960 3290 3160
3880 3960 3280 3160
3890 3960 3270 3170
3880 3960 3260 3180
3890 3980 3280 3160
3880 3960 3270 3170
3890 3960 3280 3160
3880 3950 3280 3160
3870 3950 3290 3170
3870 3960 3280 3180
3870 3950 3280 3170
3870 3960 3280 3170
3880 3960 3280 3150
3890 3960 3280 3140
3880 3960 3280 3150
3880 3960 3290 3140
3870 3960 3290 3150
3870 3980 3280 3160
3890 3960 3270 3160
3880 3960 3280 3160
3880 3960 3280 3160
3880 3960 3280 3150
3880 3980 3280 3170
3870 3980 3280 3160
3870 3960 3280 3150
3880 3960 3270 3160
3870 3980 3270 3160
3870 3980 3280 3160
3870 3960 3290 3160
3870 3980 3290 3160
3870 3960 3280 3170
3870 3960 3280 3170
3870 3950 3270 3140
3870 3960 3270 3150
3870 3960 3280 3150
3870 3980 3300 3150
3870 3980 3300 3140
3870 3960 3290 3170
3870 3980 3290 3170
3880 3980 3280 3160
3890 3960 3290 3170
3880 3980 3280 3170
3870 3950 3290 3170
3860 3950 3290 3160
3860 3950 3300 3180
3870 3950 3300 3170
3870 3960 3290 3170
3890 3960 3280 3180
3880 3960 3280 3190
3870 3950 3290 3200
3870 3950 3300 3200
3870 3950 3300 3200
3870 3950 3300 3200
3870 3950 3300 3190
3870 3950 3290 3170
3870 3950 3300 3160
3870 3940 3290 3160
3870 3950 3290 3150
3870 3950 3280 3150
3880 3950 3290 3170
3870 3940 3280 3170
3880 3940 3290 3190
3870 3950 3290 3190
3870 3960 3290 3190
3870 3950 3300 3170
3870 3950 3300 3170
3870 3960 3300 3160
3870 3950 3300 3170
3880 3950 3300 3170
3880 3950 3290 3180
3880 3940 3280 3180
3880 3950 3290 3190
3880 3940 3290 3200
3880 3940 3280 3200
3890 3950 3270 3210
3880 3980 3270 3210
3880 3950 3280 3200
3880 3980 3280 3190
3880 3980 3290 3190
3870 3960 3290 3180
3860 3960 3290 3180
3860 3960 3300 3180
3870 3950 3300 3180
3880 3950 3300 3180
3870 3950 3300 3170
3860 3980 3300 3160
3870 3980 3300 3160
3870 3980 3300 3160
3870 3980 3300 3150
3870 3960 3300 3160
3870 3960 3300 3150
3880 3980 3300 3170
3880 3980 3290 3160
3870 3980 3300 3160
3880 3980 3300 3170
3880 3980 3300 3150
3870 3980 3300 3150
3880 3980 3290 3170
3880 3980 3290 3150
3880 3980 3280 3150
3890 3980 3270 3160
3880 3980 3260 3170
3890 3980 3270 3180
3880 3990 3270 3170
3870 3980 3280 3170
3870 3980 3290 3160
3860 3980 3300 3160
3860 3980 3300 3150
3870 3950 3280 3160
3880 3950 3280 3160
3880 3960 3280 3170
3880 3960 3270 3160
3870 3980 3270 3150
3870 3990 3290 3150
3870 3990 3290 3130
3890 3990 3290 3130
