4300 4370 3000 2840
4310 4370 3000 2840
4310 4390 3010 2860
4300 4400 3010 2870
4300 4400 3010 2870
4310 4390 3010 2870
4300 4390 3000 2860
4300 4380 3000 2850
4300 4390 3010 2850
4300 4370 3010 2850
4310 4380 3010 2870
4300 4380 3000 2870
4300 4380 3000 2860
4290 4400 3000 2870
4290 4390 3000 2870
4300 4380 3000 2870
4290 4380 3000 2880
4290 4380 2990 2880
4290 4390 3000 2880
4300 4390 3000 2860
4290 4380 3000 2860
4290 4380 3010 2860
4290 4380 3000 2850
4290 4380 3010 2840
4290 4380 3010 2830
4290 4390 3010 2820
4270 4400 3010 2830
4270 4400 3010 2840
4270 4410 3010 2830
4270 4410 3020 2840
4270 4400 3020 2840
4270 4390 3020 2850
4290 4390 3010 2840
4300 4380 3010 2850
4300 4390 3010 2840
4300 4380 3010 2860
4290 4380 3010 2850
4300 4380 3000 2860
4300 4380 3010 2860
4300 4380 3010 2850
4310 4380 3020 2850
4310 4380 3020 2860
4300 4370 3010 2850
4310 4380 3020 2860
4310 4380 3010 2850
4310 4370 3010 2850
4300 4370 3010 2850
4300 4370 3000 2840
4300 4370 3000 2850
4290 4370 3000 2850
4290 4390 3000 2840
4290 4390 3000 2840
4290 4380 3000 2840
4290 4380 3010 2850
4290 4380 3010 2850
4300 4380 3010 2840
4300 4380 3010 2840
4290 4400 3010 2860
4300 4390 3010 2850
4300 4380 3010 2860
4300 4380 3010 2860
4290 4380 3010 2850
4290 4390 3020 2840
4300 4390 3020 2850
4310 4390 3020 2840
4310 4400 3020 2830
4310 4390 3020 2820
4310 4390 3020 2820
4300 4390 3020 2820
4290 4390 3020 2840
4290 4390 3020 2830
4290 4380 3010 2840
4300 4380 3000 2840
4310 4390 3010 2840
4310 4380 3020 2830
4310 4380 3020 2840
4310 4380 3020 2830
4300 4390 3020 2840
4300 4390 3030 2850
4310 4390 3030 2850
4300 4390 3030 2830
4290 4380 3030 2820
4300 4380 3020 2820
4290 4370 3010 2830
4290 4360 3010 2830
4300 4360 3010 2830
4300 4350 3010 2850
4290 4350 3010 2840
4300 4360 3010 2860
4300 4360 3010 2850
4300 4370 3010 2860
4300 4380 3020 2880
4310 4400 3020 2880
4310 4400 3020 2880
4300 4400 3010 2870
4300 4380 3010 2860
4300 4370 3010 2870
4300 4370 3020 2850
4300 4370 3020 2850
4300 4370 3020 2840
4290 4370 3020 2860
4290 4370 3030 2840
4290 4370 3030 2840
4290 4360 3030 2850
4290 4360 3030 2850
4300 4350 3030 2840
4300 4370 3030 2830
4300 4380 3030 2840
4300 4400 3030 2830
4290 4400 3030 2840
4290 4410 3030 2820
4300 4400 3030 2840
4300 4390 3030 2830
4290 4390 3030 2830
4290 4390 3030 2860
4290 4380 3020 2860
4300 4390 3020 2850
4290 4390 3020 2830
4290 4380 3020 2830
4290 4390 3020 2830
4300 4390 3010 2840
4300 4390 3010 2850
4300 4390 3020 2850
4300 4390 3020 2850
4300 4390 3020 2850
4300 4400 3020 2840
4300 4390 3020 2840
4300 4380 3020 2850
4300 4390 3020 2850
4300 4380 3020 2860
4310 4380 3020 2870
4310 4380 3010 2870
4300 4380 3010 2880
4290 4390 3010 2880
4290 4390 3010 2870
4290 4380 3010 2880
4270 4380 3010 2860
4290 4380 3010 2850
4300 4370 3000 2860
4310 4380 3000 2860
4310 4380 3000 2860
4310 4380 3000 2870
4310 4380 3000 2860
4300 4370 3020 2850
4300 4370 3010 2850
4300 4370 3010 2840
4300 4370 3010 2840
4290 4360 3010 2850
4290 4370 3010 2850
4290 4370 3020 2850
4300 4390 3010 2860
4300 4390 3000 2860
4290 4380 3000 2840
4300 4380 3000 2850
4300 4390 3000 2870
4300 4370 3000 2860
4310 4370 3000 2870
4310 4370 3000 2870
4300 4370 2990 2850
4300 4370 2990 2840
4310 4370 3000 2860
4310 4380 3010 2850
4310 4380 3010 2860
4310 4380 3010 2840
4300 4380 3020 2840
4300 4380 3010 2840
4310 4380 3000 2830
4310 4380 3000 2830
4300 4400 3000 2830
4300 4400 3000 2830
4300 4400 3010 2830
4310 4390 3010 2850
4310 4380 3020 2850
4300 4380 3020 2850
4290 4380 3020 2850
4290 4370 3020 2850
4290 4370 3010 2850
4300 4370 3010 2850
4310 4380 3000 2860
4310 4370 3000 2860
