4710 4810 2810 2650
4710 4800 2810 2630
4700 4810 2810 2630
4710 4810 2810 2630
4710 4820 2810 2630
4710 4820 2810 2630
4720 4820 2810 2630
4720 4790 2800 2630
4700 4800 2810 2620
4700 4800 2800 2620
4700 4800 2800 2630
4700 4790 2800 2630
4700 4800 2800 2630
4690 4800 2800 2630
4690 4800 2810 2630
4690 4790 2810 2650
4690 4790 2810 2640
4690 4780 2810 2640
4690 4780 2800 2630
4700 4790 2810 2630
4710 4800 2810 2630
4720 4790 2820 2630
4720 4800 2820 2610
4710 4800 2820 2610
4720 4800 2820 2600
4710 4800 2820 2610
4700 4800 2820 2610
4700 4800 2820 2620
4710 4790 2830 2630
4710 4790 2830 2640
4710 4790 2830 2660
4720 4790 2830 2670
4710 4780 2830 2660
4720 4780 2830 2650
4720 4790 2830 2640
4710 4800 2830 2640
4700 4800 2830 2630
4700 4800 2830 2630
4710 4790 2830 2630
4710 4790 2830 2640
4710 4780 2820 2650
4710 4780 2820 2640
4710 4800 2820 2630
4710 4790 2810 2610
4720 4790 2810 2610
4720 4790 2820 2610
4710 4790 2820 2610
4710 4800 2820 2610
4700 4790 2820 2620
4700 4810 2820 2620
4700 4810 2820 2620
4700 4810 2810 2620
4700 4800 2810 2610
4710 4790 2810 2610
4710 4800 2810 2620
4710 4810 2810 2630
4700 4800 2810 2630
4700 4810 2810 2640
4720 4800 2810 2650
4710 4800 2810 2630
4710 4810 2810 2630
4710 4800 2810 2630
4720 4790 2810 2630
4710 4810 2810 2630
4720 4810 2810 2630
4720 4820 2810 2610
4720 4800 2810 2610
4710 4810 2810 2610
4720 4810 2810 2610
4710 4800 2810 2600
4710 4810 2810 2610
4720 4800 2810 2610
4720 4790 2820 2610
4710 4790 2820 2620
4710 4800 2820 2620
4720 4810 2820 2630
4710 4790 2820 2620
4720 4800 2820 2640
4720 4790 2820 2630
4710 4780 2820 2630
4710 4770 2820 2640
4710 4770 2820 2640
4710 4770 2820 2640
4720 4780 2820 2640
4710 4790 2810 2630
4710 4780 2810 2630
4710 4780 2790 2630
4710 4790 2810 2640
4710 4800 2820 2640
4710 4800 2820 2630
4710 4800 2820 2620
4710 4810 2820 2620
4710 4810 2830 2620
4710 4820 2820 2620
4710 4810 2820 2620
4710 4800 2810 2620
4710 4800 2790 2620
4710 4800 2780 2630
4720 4810 2790 2640
4710 4810 2810 2640
4700 4800 2800 2640
4700 4790 2810 2640
4700 4790 2810 2630
4700 4790 2810 2630
4700 4800 2820 2640
4700 4790 2820 2640
4700 4780 2820 2640
4710 4790 2820 2650
4730 4800 2820 2630
4730 4790 2820 2630
4730 4790 2810 2640
4730 4800 2810 2630
4730 4810 2810 2620
4730 4800 2810 2630
4730 4780 2820 2630
4730 4790 2810 2640
4720 4780 2800 2650
4720 4800 2790 2650
4710 4810 2790 2650
4710 4810 2790 2640
4710 4800 2790 2630
4720 4790 2790 2630
4710 4780 2790 2630
4720 4780 2800 2630
4730 4770 2810 2630
4730 4780 2800 2640
4720 4780 2800 2640
4710 4800 2800 2650
4710 4800 2800 2650
4710 4800 2800 2650
4710 4800 2800 2640
4710 4810 2800 2640
4700 4820 2790 2630
4700 4810 2800 2630
4700 4800 2800 2630
4700 4810 2800 2620
4710 4800 2810 2630
4710 4800 2800 2660
4700 4810 2800 2630
4710 4810 2800 2620
4700 4810 2850 2630
4700 4820 2830 2620
4700 4810 2810 2610
4700 4810 2810 2610
4700 4810 2810 2610
4720 4810 2810 2610
4710 4800 2810 2610
4710 4800 2810 2610
4710 4810 2810 2610
4720 4810 2810 2600
4710 4820 2810 2610
4700 4800 2810 2610
4700 4800 2810 2630
4720 4800 2810 2630
4720 4800 2800 2630
4730 4800 2800 2610
4730 4800 2800 2610
4730 4810 2790 2620
4710 4810 2800 2630
4730 4800 2800 2630
4720 4810 2800 2650
4710 4810 2810 2640
4710 4810 2810 2650
4700 4820 2810 2650
4710 4820 2810 2650
4710 4820 2810 2640
4710 4810 2810 2640
4710 4810 2810 2640
4710 4800 2810 2640
4730 4800 2810 2630
4730 4800 2810 2630
4730 4800 2810 70
4730 4790 2810 2620
4730 4800 2810 2610
4730 4820 2810 2610
4710 4810 2810 2630
4710 4800 2800 2630
4710 4800 2800 2630
4710 4800 2800 2640
4720 4820 2800 2630
4710 4810 2800 2630
4710 4800 2800 2630
4710 4800 2800 2630
4720 4800 2800 2630
4720 4790 2800 2630
4720 4800 2800 2640
4700 4800 2800 2640
4700 4810 2800 2650
4700 4820 2800 2640
4700 4800 2800 2650
4700 4810 2790 2640
4700 4810 2800 2630
4700 4810 2800 2630
4700 4810 2800 2630
4710 4810 2800 2630
4710 4820 2800 2640
4710 4810 2800 2630
4710 4820 2790 2630
4720 4810 2790 2630
4720 4810 2790 2630
4710 4790 2790 2620
4710 4810 2790 2640
4700 4800 2800 2640
4700 4800 2800 2640
4700 4800 2800 2640
4700 4800 2800 2640
4700 4810 2800 2630
4700 4810 2800 2640
4700 4810 2790 2670
4710 4800 2800 2630
