5140 5210 2650 2480
5140 5210 2640 2480
5140 5230 2640 2480
5140 5230 2640 2470
5140 5210 2640 2470
5140 5230 2640 2480
5140 5230 2640 2480
5140 5230 2640 2480
5140 5230 2640 2480
5140 5230 2640 2480
5130 5230 2640 2480
5120 5230 2640 2470
5130 5230 2640 2470
5130 5230 2630 2470
5130 5230 2630 2470
5130 5240 2630 2470
5120 5240 2640 2480
5130 5240 2640 2470
5120 5240 2640 2470
5130 5240 2640 2450
5130 5230 2640 2460
5130 5200 2640 2450
5130 5200 2640 2450
5130 5210 2640 2450
5130 5230 2650 2460
5130 5230 2650 2460
5120 5200 2650 2460
5130 5210 2640 2470
5120 5230 2640 2470
5120 5230 2630 2470
5130 5230 2630 2480
5140 5230 2650 2480
5140 5240 2650 2460
5140 5240 2650 2470
5150 5240 2660 2460
5150 5240 2660 2460
5150 5230 2650 2450
5150 5230 2650 2460
5150 5230 2640 2470
5140 5230 2640 2480
5140 5230 2640 2480
5150 5210 2650 2480
5140 5210 2650 2480
5140 5210 2650 2460
5140 5210 2650 2470
5140 5210 2640 2470
5140 5210 2640 2480
5140 5210 2630 2470
5130 5230 2630 2490
5130 5250 2630 2490
5130 5260 2630 2490
5130 5250 2630 2490
5130 5250 2630 2490
5130 5240 2620 2480
5130 5240 2620 2480
5130 5230 2620 2480
5130 5230 2620 2470
5140 5230 2630 2480
5140 5240 2630 2470
5140 5240 2630 2470
5140 5250 2640 2480
5150 5260 2640 2480
5150 5260 2640 2480
5150 5260 2640 2480
5150 5250 2640 2470
5140 5250 2650 2470
5140 5240 2650 2470
5140 5240 2650 2470
5140 5250 2650 2470
5140 5250 2650 2460
5140 5250 2650 2460
5140 5250 2660 2460
5140 5230 2660 2480
5150 5210 2660 2480
5150 5210 2650 2480
5140 5210 2640 2460
5140 5210 2650 2470
5140 5240 2640 2470
5130 5260 2640 2470
5130 5270 2640 2460
5120 5270 2640 2470
5120 5260 2640 2470
5130 5250 2640 2480
5150 5260 2660 2460
5150 5260 2660 2460
5150 5260 2650 2470
5150 5250 2660 2470
5150 5250 2660 2480
5150 5260 2660 2490
5150 5260 2660 2490
5150 5260 2660 2470
5150 5250 2660 2480
5150 5250 2650 2480
5150 5250 2650 2470
5150 5250 2640 2480
5150 5240 2630 2460
5150 5230 2630 2460
5150 5240 2630 2470
5150 5240 2640 2480
5150 5240 2650 2480
5150 5240 2660 2470
5150 5230 2660 2480
5150 5210 2650 2470
5150 5210 2650 2480
5140 5210 2650 2470
5140 5240 2650 2470
5140 5240 2650 2480
5140 5240 2650 2470
5140 5240 2650 2480
5140 5240 2640 2470
5150 5260 2640 2480
5150 5250 2640 2490
5150 5240 2630 2480
5160 5230 2630 2470
5160 5230 2650 2460
5150 5230 2640 2460
5150 5230 2630 2470
5150 5230 2630 2480
5150 5210 2630 2480
5150 5210 2630 2500
5150 5210 2630 2520
5150 5210 2630 2500
5150 5210 2630 2510
5150 5210 2630 2500
5130 5210 2630 2520
5120 5210 2620 2510
5120 5210 2630 2520
5120 5210 2630 2540
5120 5210 2630 2540
5120 5210 2620 2540
5120 5230 2630 2530
5130 5230 2630 2520
5120 5230 2630 2510
5130 5230 2630 2530
5130 5210 2630 2510
5140 5210 2630 2510
5140 5210 2630 2500
5140 5210 2630 2510
5130 5210 2630 2520
