5400 4970 3110 1970
5400 4960 3110 1980
5400 4960 3120 1970
5390 4960 3120 1980
5390 4960 3120 1980
5400 4950 3110 1950
5400 4950 3110 1940
5420 4950 3110 1950
5410 4940 3130 1940
5410 4940 3140 1960
5410 4940 3130 1950
5400 4940 3130 1960
5400 4950 3120 1950
5400 4950 3120 1950
5400 4950 3130 1960
5380 4950 3120 1960
5390 4950 3120 1950
5390 4940 3120 1950
5390 4940 3120 1960
5400 4940 3110 1950
5400 4940 3110 1950
5400 4940 3120 1940
5400 4940 3130 1940
5390 4940 3110 1960
5390 4950 3100 1970
5380 4950 3100 1950
5380 4950 3110 1940
5380 4950 3110 1940
5380 4950 3110 1930
5380 4950 3110 1920
5380 4950 3120 1930
5390 4970 3120 1930
5390 4980 3120 1910
5390 4970 3120 1910
5390 4970 3110 1920
5380 4970 3110 1920
5380 4960 3100 1920
5380 4950 3100 1950
5390 4950 3100 1940
5400 4960 3100 1930
5400 4960 3100 1940
5390 4960 3100 1930
5390 4960 3090 1950
5390 4950 3100 1950
5390 4950 3100 1960
5390 4960 3110 1950
5390 4970 3110 1940
5390 4970 3110 1950
5390 4970 3120 1970
5390 4960 3130 1980
5390 4950 3120 1960
5390 4950 3120 1970
5380 4950 3120 1980
5380 4950 3120 1980
5380 4950 3110 1960
5380 4960 3110 1960
5380 4960 3110 1970
5380 4970 3110 1950
5380 4970 3120 1970
5390 4970 3120 1960
5390 4970 3120 1980
5390 4970 3110 1960
5400 4960 3110 1950
5390 4950 3110 1940
5390 4950 3110 1940
5390 4950 3110 1930
5380 4960 3110 1920
5380 4960 3120 1930
5380 4980 3130 1940
5380 4980 3130 1960
5380 4980 3140 1970
5380 4990 3150 1970
5380 4980 3130 1970
5380 4970 3130 1970
5380 4980 3130 1970
5380 4980 3120 1960
5380 4970 3130 1960
5380 4970 3120 1970
5380 4970 3120 1950
5410 4950 3110 1950
5400 4960 3120 1970
5400 4960 3120 1970
5400 4960 3120 1970
5400 4960 3120 1970
5400 4960 3130 1980
5390 4960 3130 1990
5390 4960 3140 1980
5390 4970 3130 1970
5390 4970 3130 1970
5390 4970 3130 1970
5390 4970 3130 1960
5400 4960 3120 1950
5400 4960 3120 1950
5390 4960 3110 1950
5390 4960 3120 1950
5390 4960 3120 1950
5390 4970 3120 1950
5390 4970 3120 1970
5380 4960 3130 1960
5380 4960 3120 1950
5380 4960 3120 1960
5380 4960 3120 1960
5380 4960 3120 1950
5370 4960 3120 1960
5370 4970 3120 1970
5380 4970 3130 1970
5380 4960 3130 1970
5370 4970 3130 1970
5370 4970 3130 1980
5370 4960 3130 1960
5360 4960 3140 1960
5370 4960 3140 1970
5370 4960 3140 1960
5380 4960 3130 1940
5380 4960 3120 1960
5390 4960 3120 1970
5380 4970 3120 1970
5390 4970 3140 1960
5390 4970 3130 1970
5390 4970 3130 1980
5390 4960 3140 1970
5390 4960 3140 1960
5370 4960 3130 1960
5360 4960 3130 1950
5370 4960 3130 1970
5380 4960 3140 1980
5380 4960 3130 1980
5390 4950 3130 1970
5390 4950 3130 1960
5390 4950 3130 1970
5390 4950 3130 1970
5390 4950 3130 1950
5390 4950 3140 1950
5390 4950 3130 1960
5390 4960 3130 1970
5390 4980 3120 1960
5390 4980 3130 1980
5390 4980 3110 1980
5390 4980 3120 1980
5390 4970 3130 1990
5380 4980 3120 1980
5380 4970 3120 1970
5380 4960 3110 1990
5380 4960 3110 1990
5380 4960 3130 1980
5380 4960 3130 1970
5380 4960 3130 1970
5380 4960 3120 1950
5370 4970 3130 1960
5370 4980 3110 1960
5370 4970 3110 1970
5370 4970 3090 1960
5370 4970 3090 1970
5370 4970 3100 1950
5380 4970 3120 1970
5380 4980 3110 1960
5380 4980 3120 1960
5380 4980 3110 1980
