5030 4530 3260 2150
5030 4520 3270 2150
5040 4530 3260 2140
5050 4520 3250 2140
5050 4520 3250 2140
5050 4520 3260 2150
5050 4510 3260 2150
5050 4510 3260 2150
5050 4500 3240 2150
5050 4500 3240 2140
5050 4500 3250 2150
5050 4510 3260 2150
5040 4500 3270 2150
5040 4510 3270 2160
5030 4510 3260 2160
5020 4500 3260 2160
5020 4500 3260 2140
5030 4500 3250 2140
5030 4510 3250 2140
5030 4520 3250 2140
5030 4510 3250 2140
5030 4500 3240 2140
5030 4500 3240 2140
5020 4500 3250 2140
5020 4500 3260 2130
5020 4510 3260 2130
5030 4520 3260 2130
5030 4520 3260 2150
5030 4510 3260 2160
5020 4500 3260 2160
5020 4520 3260 2160
5020 4530 3260 2160
5020 4540 3260 2160
5030 4540 3260 2160
5020 4520 3250 2160
5020 4520 3260 2160
5020 4510 3260 2150
5020 4520 3250 2140
5020 4510 3270 2140
5020 4520 3260 2140
5020 4530 3260 2130
5030 4520 3260 2140
5030 4520 3260 2140
5020 4520 3270 2140
5020 4520 3250 2140
5030 4520 3240 2150
5020 4510 3240 2150
5020 4520 3250 2150
5020 4510 3250 2150
5020 4500 3260 2150
5020 4500 3250 2160
5030 4520 3250 2160
5040 4500 3250 2160
5040 4500 3250 2170
5030 4490 3250 2170
5020 4500 3260 2170
5030 4500 3260 2170
5030 4500 3260 2160
5020 4500 3260 2160
5020 4500 3270 2160
5020 4500 3270 2160
5030 4500 3260 2150
5030 4510 3250 2150
5030 4500 3260 2150
5030 4490 3250 2160
5030 4490 3250 2160
5030 4480 3250 2160
5030 4480 3250 2160
5020 4500 3240 2160
5020 4500 3240 2160
5020 4500 3240 2170
5030 4500 3250 2160
5030 4500 3260 2160
5030 4500 3250 2150
5030 4500 3250 2150
5030 4510 3260 2150
5030 4500 3270 2150
5040 4510 3270 2160
5030 4510 3270 2160
5020 4500 3270 2160
5020 4510 3270 2160
5020 4500 3270 2160
5020 4500 3270 2160
5020 4510 3260 2160
5020 4520 3260 2160
5020 4520 3260 2170
5020 4510 3260 2170
5020 4510 3260 2170
5020 4510 3270 2180
5020 4500 3260 2180
5020 4490 3250 2180
5020 4490 3250 2160
5020 4500 3260 2160
5020 4500 3260 2160
5030 4510 3260 2160
5020 4520 3260 2170
5030 4510 3260 2170
5020 4500 3260 2190
5020 4500 3260 2170
5030 4490 3270 2170
5030 4490 3270 2170
5030 4490 3270 2170
5020 4490 3270 2160
5020 4500 3260 2160
5020 4500 3250 2160
5020 4510 3250 2160
5020 4510 3250 2170
5020 4510 3250 2170
5020 4510 3250 2160
5020 4500 3240 2160
5020 4510 3240 2160
5020 4510 3240 2150
5020 4500 3240 2160
5020 4500 3240 2160
5020 4500 3240 2160
5020 4500 3240 2160
5020 4490 3240 2160
5030 4490 3240 2160
5040 4490 3240 2140
5050 4490 3250 2140
5050 4490 3260 2140
5050 4510 3270 2140
5040 4510 3270 2140
5030 4530 3260 2140
5020 4520 3250 2140
5030 4520 3250 2150
5030 4520 3250 2150
5030 4520 3250 2150
5020 4510 3260 2140
5020 4500 3260 2150
5040 4500 3260 2150
5040 4510 3270 2140
5040 4510 3280 2150
5040 4510 3270 2160
5040 4510 3260 2160
5040 4510 3260 2160
5030 4510 3270 2150
5020 4500 3270 2140
5020 4510 3270 2140
5020 4520 3270 2140
5020 4540 3270 2150
5030 4550 3270 2150
5030 4550 3270 2150
5020 4530 3270 2160
5030 4520 3260 2160
5040 4520 3260 2150
5040 4520 3260 2160
5040 4520 3260 2160
5050 4520 3260 2150
5050 4520 3260 2150
5040 4520 3270 2160
5030 4520 3270 2160
5030 4510 3260 2160
5030 4520 3260 2160
5030 4520 3260 2150
5030 4520 3260 2160
5040 4510 3260 2150
5040 4510 3270 2150
5050 4510 3260 2140
5050 4510 3260 2150
5050 4500 3260 2150
5050 4500 3260 2160
5050 4510 3260 2160
5050 4500 3260 2150
5060 4500 3270 2150
5050 4500 3270 2150
5040 4490 3270 2150
5040 4510 3270 2160
5040 4500 3270 2160
5030 4510 3270 2150
5030 4510 3270 2150
5030 4510 3270 2150
5030 4510 3260 2150
5030 4520 3260 2150
5030 4510 3260 2160
5030 4510 3260 2160
5030 4510 3260 2160
5040 4510 3260 2160
5030 4510 3260 2160
5030 4510 3260 2150
5030 4510 3250 2150
5020 4500 3260 2150
5020 4500 3250 2160
5020 4500 3250 2160
5020 4500 3250 2150
5030 4500 3250 2160
5020 4500 3250 2160
5030 4500 3250 2160
5030 4500 3250 2160
5030 4490 3250 2160
