4610 4080 3410 2470
4620 4080 3420 2470
4610 4090 3420 2480
4610 4090 3410 2470
4630 4090 3410 2460
4620 4090 3410 2460
4620 4090 3410 2460
4610 4090 3410 2460
4620 4090 3410 2460
4630 4090 3420 2460
4630 4080 3420 2450
4630 4100 3420 2460
4630 4090 3420 2470
4630 4090 3420 2450
4630 4090 3420 2460
4620 4090 3410 2470
4610 4080 3410 2460
4610 4080 3420 2460
4610 4080 3420 2460
4620 4080 3420 2440
4630 4090 3420 2440
4610 4090 3430 2440
4620 4080 3430 2430
4630 4080 3430 2430
4640 4080 3430 2450
4630 4080 3430 2450
4630 4090 3430 2450
4630 4080 3430 2450
4620 4080 3430 70
4630 4080 3420 2460
4620 4080 3420 2460
4610 4090 3420 2450
4620 4080 3420 2440
4610 4080 3420 2460
4600 4090 3410 2460
4610 4090 3410 2440
4620 4090 3410 2440
4620 4090 3410 2440
4620 4090 3410 2450
4610 4090 3410 2450
4610 4100 3410 2450
4620 4090 3410 2440
4620 4090 3410 2430
4610 4090 3420 2430
4630 4080 3420 2440
4630 4080 3420 2440
4620 4090 3420 2450
4620 4100 3430 2440
4620 4100 3420 2430
4620 4100 3420 2440
4610 4100 3420 2430
4610 4100 3420 2430
4610 4110 3420 2440
4610 4100 3420 2430
4610 4090 3420 2420
4600 4070 3420 2430
4610 4080 3420 2440
4600 4080 3420 2450
4610 4070 3420 2460
4620 4070 3420 2450
4620 4060 3430 2440
4610 4070 3430 2430
4610 4070 3430 2420
4610 4070 3430 2430
4610 4090 3430 2440
4610 4090 3430 2430
4610 4070 3420 2430
4610 4070 3420 2450
4610 4090 3420 2450
4610 4090 3420 2450
4610 4090 3420 2450
4610 4090 3420 2430
4620 4090 3420 2440
4620 4090 3420 2430
4620 4080 3410 2430
4620 4080 3410 2440
4610 4090 3410 2440
4610 4100 3410 2420
4600 4100 3410 2430
4620 4100 3410 2450
4630 4100 3410 2460
4630 4100 3410 2460
4630 4100 3420 2450
4620 4090 3420 2450
4610 4090 3420 2440
4610 4090 3420 2440
4610 4090 3420 2430
4620 4090 3420 2420
4620 4100 3420 2420
4610 4110 3420 2420
4610 4100 3420 2420
4600 4080 3420 2430
4600 4080 3420 2430
4610 4080 3420 2420
4610 4080 3420 2430
4610 4080 3410 2440
4620 4090 3410 2440
4610 4100 3410 2430
4610 4090 3410 2440
4620 4090 3420 2450
4610 4080 3420 2440
4610 4080 3420 2440
4610 4080 3420 2440
4630 4080 3420 2460
4620 4080 3410 2450
4630 4080 3420 2460
4620 4080 3420 2460
4610 4080 3420 2460
4620 4080 3420 2450
4620 4070 3410 2450
4610 4070 3410 2440
4610 4070 3410 2440
4610 4070 3410 2440
4620 4080 3410 2450
4610 4090 3410 2450
4600 4090 3410 2440
4600 4090 3410 2440
4620 4090 3410 2440
4620 4080 3410 2430
4610 4100 3410 2430
4600 4090 3410 2440
4600 4080 3410 2450
4600 4080 3410 2450
4600 4090 3410 2450
4600 4090 3410 2450
4600 4080 3410 2460
4620 4080 3410 2460
4610 4080 3410 2450
4610 4090 3410 2450
4610 4080 3400 2450
4620 4080 3400 2430
4610 4080 3400 2420
4610 4090 3400 2420
4610 4080 3410 2400
4620 4080 3410 2420
4610 4090 3410 2430
4610 4080 3410 2420
4600 4080 3410 2420
4600 4080 3410 2440
4600 4080 3420 2440
4600 4080 3410 2430
4600 4080 3410 2440
4610 4080 3410 2440
4610 4080 3410 2440
4610 4080 3410 2440
4610 4080 3410 2430
4610 4080 3410 2420
4630 4080 3410 2430
4630 4080 3410 2440
4620 4080 3430 2450
4610 4080 3430 2440
4610 4090 3430 2430
4620 4090 3430 2430
4610 4080 3430 2430
4610 4080 3430 2430
4620 4080 3430 2420
4620 4080 3430 2420
4620 4090 3420 2430
4610 4080 3420 2420
4600 4080 3420 2430
4600 4080 3410 2420
4600 4080 3410 2420
4600 4080 3410 2430
4600 4090 3410 2440
4610 4090 3420 2440
4600 4090 3420 2440
4620 4090 3420 2440
4620 4100 3420 2440
4610 4100 3420 2450
4620 4100 3420 2450
4620 4090 3410 2440
4620 4090 3410 2430
4610 4090 3410 2440
4620 4090 3410 2440
4620 4100 3410 2440
4620 4090 3410 2430
4610 4090 3420 2450
4610 4100 3420 2450
4610 4100 3420 2450
4610 4090 3420 2440
