4230 3590 3670 2790
4230 3590 3650 2790
4240 3600 3650 2790
4230 3610 3650 2790
4230 3610 3650 2800
4230 3610 3650 2800
4230 3620 3650 2790
4220 3600 3640 2780
4220 3610 3630 2790
4230 3600 3640 2780
4230 3610 3650 2780
4240 3610 3640 2770
4230 3610 3650 2770
4230 3610 3650 2770
4230 3610 3650 2770
4230 3610 3650 2770
4240 3610 3670 2800
4240 3620 3650 2800
4230 3610 3650 2800
4240 3610 3650 2800
4250 3600 3670 2820
4250 3600 3670 2800
4260 3600 3670 2800
4260 3600 3670 2790
4260 3600 3650 2790
4260 3610 3650 2790
4240 3610 3650 2790
4240 3620 3650 2800
4240 3620 3650 2810
4240 3620 3640 2810
4240 3620 3640 2810
4240 3620 3640 2810
4240 3620 3640 2800
4240 3620 3650 2800
4240 3630 3650 2800
4230 3630 3650 2790
4230 3620 3650 2790
4240 3620 3650 2780
4230 3620 3650 2780
4220 3620 3640 2780
4220 3620 3630 2780
4220 3620 3640 2790
4220 3620 3640 2790
4230 3620 3640 2800
4240 3630 3630 2790
4240 3630 3630 2770
4230 3630 3630 2770
4230 3630 3630 2770
4230 3610 3640 2780
4230 3610 3640 2780
4240 3600 3640 2780
4230 3610 3650 2790
4220 3600 3650 2790
4220 3610 3670 2800
4220 3610 3670 2790
4230 3610 3650 2800
4230 3600 3650 2800
4230 3600 3640 2790
4230 3600 3630 2800
4240 3610 3630 2790
4250 3610 3640 2790
4240 3610 3640 2800
4240 3610 3640 2800
4230 3620 3640 2800
4230 3620 3650 2800
4230 3620 3650 2800
4230 3610 3640 2790
4230 3610 3640 2800
4230 3610 3640 2790
4240 3610 3640 2800
4240 3610 3640 2790
4240 3620 3650 2800
4230 3620 3650 2800
4230 3630 3650 2800
4230 3630 3650 2790
4230 3630 3650 2780
4230 3640 3640 2780
4230 3650 3640 2780
4230 3640 3650 2780
4240 3640 3640 2790
4230 3640 3650 2790
4230 3630 3650 2800
4230 3640 3640 2790
4230 3630 3640 2800
4240 3640 3640 2790
4230 3620 3640 2800
4240 3630 3640 2790
4240 3620 3650 2790
4240 3620 3670 2800
4240 3620 3670 2790
4240 3630 3650 2790
4240 3630 3650 2790
4240 3630 3650 2790
4230 3640 3650 2790
4230 3640 3650 2800
4230 3630 3650 2800
4240 3630 3650 2810
4230 3630 3650 2800
4230 3620 3640 2790
4240 3620 3640 2790
4240 3620 3640 2810
4240 3630 3640 2810
4240 3630 3640 2810
4240 3620 3640 2800
4240 3620 3640 2790
4240 3620 3640 2790
4240 3630 3640 2800
4250 3610 3650 2800
4250 3610 3670 2790
4240 3600 3650 2800
4250 3600 3640 2800
4240 3610 3650 2800
4240 3610 3650 2790
4240 3610 3670 2780
4230 3610 3650 2780
4230 3610 3640 2780
4230 3610 3640 2790
4230 3600 3650 2800
4230 3600 3670 2800
4230 3600 3650 2790
4230 3610 3670 2790
4230 3610 3650 2790
4240 3620 3650 2790
4230 3620 3650 2780
4230 3610 3640 2780
4230 3610 3670 2790
4220 3610 3650 2800
4230 3610 3640 2800
4230 3610 3640 2780
4230 3610 3640 2790
4230 3610 3640 2790
4230 3610 3650 2780
4230 3620 3650 2780
4220 3620 3650 2790
4230 3620 3650 2800
4230 3630 3670 2800
4240 3630 3650 2800
4240 3620 3650 2780
4240 3620 3650 2780
4240 3620 3650 2780
4240 3610 3650 2790
4230 3610 3650 2780
4240 3610 3650 2790
4240 3610 3640 2770
4240 3610 3640 2770
4240 3610 3640 2780
4240 3610 3640 2780
4240 3620 3640 2790
4240 3620 3640 2810
4230 3620 3630 2800
4230 3640 3630 2790
4220 3640 3630 2780
4220 3630 3630 2800
4230 3630 3640 2790
4230 3620 3640 2780
4230 3620 3640 2780
4220 3620 3650 2780
4220 3630 3650 2800
4220 3630 3640 2800
4220 3620 3650 2780
4230 3620 3650 2800
4230 3620 3640 2790
4230 3630 3640 2810
4240 3630 3640 2800
4240 3620 3640 2800
4250 3610 3640 2800
4240 3610 3640 2780
4230 3600 3630 2780
4240 3600 3630 2780
4240 3600 3630 2780
4240 3600 3640 2800
4230 3600 3640 2790
4230 3610 3650 2780
4230 3600 3650 2790
4230 3610 3640 2790
4220 3610 3650 2790
4230 3610 3650 2790
4230 3600 3650 2790
4240 3600 3640 2790
4240 3590 3640 2800
4240 3600 3650 2800
4240 3610 3650 2810
4240 3610 3650 2810
4240 3610 3650 2790
4240 3610 3650 2800
4250 3610 3650 2790
4250 3610 3650 2790
4240 3610 3650 2790
