2490 5130 2620 5050
2480 5130 2610 5060
2490 5140 2610 5050
2490 5120 2610 5050
2490 5130 2620 5040
2480 5120 2620 5050
2490 5130 2610 5040
2500 5130 2620 5040
2500 5130 2600 5050
2490 5120 2600 5050
2510 5120 2600 5050
2500 5120 2590 5040
2500 5130 2600 5030
2500 5130 2600 5020
2500 5140 2610 5020
2510 5140 2610 5020
2510 5140 2600 5040
2510 5140 2600 5040
2500 5130 2600 5040
2500 5130 2600 5030
2500 5130 2600 5030
2500 5120 2600 5020
2530 5130 2600 5040
2510 5130 2600 5050
2510 5130 2610 5040
2500 5130 2600 5030
2500 5130 2600 5030
2500 5130 2600 5040
2500 5120 2600 5030
2500 5120 2600 5030
2500 5120 2610 5040
2490 5120 2600 5030
2500 5120 2610 5040
2500 5120 2610 5040
2510 5120 2610 5020
2490 5120 2600 5030
2490 5120 2620 5030
2500 5120 2630 5030
2510 5120 2620 5030
2500 5120 2600 5040
2490 5120 2590 5040
2480 5130 2600 5030
2480 5120 2600 5040
2480 5120 2590 5030
2490 5120 2600 5030
2500 5130 2600 5040
2510 5130 2610 5040
2510 5130 2600 5040
2510 5140 2620 5040
2520 5140 2610 5050
2520 5140 2600 5030
2520 5140 2590 5030
2520 5140 2590 5030
2510 5120 2600 5040
2500 5110 2590 5050
2500 5110 2580 5050
2500 5110 2590 5040
2510 5110 2600 5030
2510 5100 2600 5040
2510 5100 2600 5040
2500 5110 2590 5040
2500 5110 2600 5040
2500 5120 2600 5020
2500 5120 2590 5020
2500 5120 2590 5030
2500 5120 2590 5040
2490 5120 2600 5040
2470 5100 2610 5020
2480 5100 2610 5030
2480 5100 2610 5030
2470 5110 2600 5040
2480 5100 2600 5040
2480 5100 2590 5030
2500 5100 2590 5030
2500 5100 2590 5040
2480 5110 2580 5040
2480 5120 2580 5040
2480 5120 2590 5020
2480 5110 2590 5020
2470 5100 2590 5020
2470 5120 2580 5020
2460 5110 2590 5010
2470 5110 2600 5010
2470 5110 2590 5020
2480 5100 2580 5040
2500 5100 2580 5040
2490 5110 2590 5040
2490 5110 2590 5030
2520 5120 2590 5040
2510 5110 2590 5040
2520 5120 2600 5030
2520 5120 2590 5040
2510 5110 2590 5030
2510 5110 2580 5020
2510 5110 2590 5020
2510 5110 2590 5030
2490 5120 2590 5020
2480 5120 2590 5030
2480 5120 2590 5040
2490 5110 2600 5050
2490 5110 2600 5040
2500 5110 2590 5030
2490 5110 2580 5020
2480 5110 2580 5020
2480 5110 2590 5020
2490 5120 2610 5030
2490 5120 2620 5030
2490 5130 2610 5020
2490 5130 2600 5020
2490 5120 2590 5020
2480 5120 2600 5020
2480 5120 2600 5030
2500 5110 2590 5030
2500 5110 2590 5040
2500 5110 2590 5050
2500 5110 2600 5040
2510 5120 2600 5040
2510 5120 2590 5030
2490 5120 2590 5020
2490 5120 2600 5030
2490 5130 2590 5020
2490 5130 2590 5030
2480 5130 2580 5020
2470 5130 2590 5020
2470 5120 2580 5020
2470 5120 2590 5020
2470 5130 2590 5020
2470 5130 2590 5030
2470 5120 2580 5030
2460 5120 2590 5020
2460 5120 2590 5010
2470 5120 2600 5010
2460 5130 2600 5020
2470 5130 2600 5020
2480 5130 2610 5020
2480 5130 2610 5030
2470 5130 2610 5020
2480 5130 2620 5040
2470 5130 2620 5040
2460 5130 2620 5040
2470 5130 2620 5050
2470 5130 2610 5060
2480 5130 2600 5040
2480 5130 2600 5040
2470 5130 2610 5050
2480 5140 2620 5040
2480 5140 2610 5030
2470 5140 2600 5040
2470 5140 2590 5020
2470 5120 2590 5010
2480 5120 2600 5020
2480 5120 2610 5030
2470 5120 2610 5030
2460 5120 2600 5040
2460 5120 2610 5040
2470 5120 2610 5050
2470 5120 2610 5050
2480 5130 2610 5050
2470 5130 2620 5050
2480 5140 2610 5060
2460 5140 2610 5050
2470 5140 2610 5040
2470 5140 2610 5030
2480 5140 2610 5040
2480 5140 2610 5030
2480 5120 2610 5030
2480 5120 2600 5020
2490 5120 2600 5040
2500 5120 2600 5040
2510 5120 2600 5040
2510 5120 2610 5040
2500 5120 2610 5030
2480 5120 2620 5040
2470 5120 2620 5030
2480 5130 2610 5020
2480 5130 2610 5030
2480 5120 2610 5020
2480 5120 2600 5020
2480 5120 2600 5020
2470 5120 2600 5030
2470 5130 2600 5040
2480 5130 2610 5030
2480 5120 2600 5020
2480 5120 2590 5020
2470 5130 2600 5020
2470 5120 2600 5020
2470 5120 2610 5020
2470 5120 2610 5030
2480 5120 2610 5030
2460 5120 2610 5040
2470 5110 2610 5020
2480 5110 2610 5020
2480 5120 2600 5040
2480 5120 2600 5030
2480 5120 2600 5030
2490 5120 2600 5030
2480 5120 2600 5040
2490 5120 2590 5030
2490 5120 2590 5040
2490 5110 2600 5040
2480 5110 2600 5020
2480 5110 2590 5020
2470 5110 2600 5010
2480 5110 2600 5030
2470 5120 2590 5030
2500 5120 2590 5020
2480 5120 2600 5040
2470 5130 2600 5030
2490 5140 2610 5040
2490 5130 2610 5050
2490 5120 2610 5050
2480 5120 2600 5050
2490 5120 2590 5050
2480 5120 2580 5050
2480 5140 2590 5060
