3910 3240 3900 3170
3930 3260 3900 3170
3920 3250 3900 3170
3920 3250 3900 3170
3920 3250 3900 3170
3910 3270 3900 3160
3910 3270 3910 3160
3900 3280 3900 3160
3900 3260 3900 3150
3920 3260 3900 3160
3920 3260 3900 3160
3920 3280 3900 3170
3910 3290 3900 3170
3920 3300 3900 3170
3930 3280 3900 3170
3920 3270 3910 3170
3920 3280 3910 3170
3930 3290 3910 3170
3920 3280 3910 3170
3920 3280 3910 3160
3910 3280 3910 3160
3920 3280 3910 3160
3920 3290 3900 3160
3920 3290 3900 3160
3910 3270 3900 3160
3910 3270 3890 3160
3910 3270 3900 3150
3900 3290 3910 3150
3900 3290 3900 3150
3900 3290 3890 3150
3900 3300 3900 3150
3900 3290 3910 3160
3900 3290 3900 3160
3900 3290 3900 3160
3910 3280 3890 3160
3920 3280 3900 3160
3920 3280 3900 3160
3910 3280 3900 3160
3910 3290 3890 3170
3900 3280 3890 3160
3920 3270 3890 3160
3920 3270 3890 3160
3920 3270 3890 3160
3910 3270 3890 3160
3910 3280 3890 3160
3910 3280 3900 3160
3920 3270 3890 3160
3910 3260 3890 3160
3920 3260 3890 3160
3930 3260 3890 3160
3920 3260 3890 3160
3910 3280 3880 3160
3910 3270 3880 3160
3910 3270 3870 3160
3910 3270 3880 3160
3920 3280 3880 3160
3920 3270 3880 3160
3910 3270 3900 3160
3910 3260 3900 3160
3910 3270 3900 3160
3910 3270 3910 3160
3920 3260 3910 3160
3930 3260 3910 3160
3930 3260 3910 3160
3920 3260 3910 3160
3930 3270 3910 3160
3920 3270 3910 3170
3920 3270 3910 3170
3910 3270 3900 3170
3920 3280 3900 3170
3920 3290 3900 3170
3910 3290 3900 3160
3920 3270 3900 3160
3920 3270 3900 3160
3920 3270 3890 3170
3920 3270 3890 3170
3910 3270 3890 3170
3910 3260 3890 3180
3910 3270 3890 3180
3900 3260 3900 3180
3910 3280 3900 3180
3940 3270 3900 3180
3940 3270 3910 3180
3930 3290 3910 3180
3910 3280 3900 3180
3930 3270 3910 3180
3910 3270 3900 3170
3920 3260 3900 3170
3920 3260 3900 3170
3920 3250 3890 3170
3920 3260 3900 3180
3920 3270 3910 3180
3920 3270 3910 3180
3920 3270 3910 3180
3920 3260 3910 3180
3920 3260 3910 3160
3920 3270 3910 3160
3920 3280 3910 3150
3910 3270 3900 3160
3910 3270 3890 3160
3910 3260 3890 3170
3920 3260 3900 3150
3920 3260 3900 3160
3930 3260 3900 3170
3920 3270 3900 3170
3920 3270 3900 3170
3930 3270 3900 3170
3920 3270 3900 3170
3910 3250 3890 3170
3930 3250 3900 3180
3930 3250 3900 3180
3930 3250 3890 3180
3920 3250 3910 3170
3920 3240 3910 3160
3930 3240 3910 3160
3920 3240 3910 3160
3920 3240 3910 3150
3930 3260 3900 3150
3910 3260 3910 3160
3910 3250 3910 3150
3920 3250 3900 3150
3920 3260 3900 3150
3910 3260 3900 3160
3910 3260 3900 3160
3910 3260 3900 3160
3910 3260 3900 3170
3910 3260 3900 3170
3910 3260 3910 3180
3920 3260 3910 3180
3910 3260 3900 3180
3910 3270 3900 3170
3910 3270 3900 3170
3900 3260 3910 3170
3910 3260 3900 3180
3910 3260 3900 3170
3920 3260 3900 3160
3910 3260 3890 3160
3920 3260 3890 3160
3920 3260 3900 3160
3920 3260 3900 3160
3920 3260 3890 3170
3920 3260 3900 3170
3920 3260 3900 3170
3920 3270 3900 3170
3920 3270 3900 3170
3910 3260 3900 3170
3920 3240 3910 3170
3910 3240 3910 3170
3910 3250 3910 3170
3900 3250 3900 3170
3900 3250 3900 3170
3900 3250 3910 3160
3900 3250 3920 3160
3900 3250 3920 3160
3900 3250 3910 3160
3900 3250 3900 3160
3900 3250 3900 3160
3900 3250 3900 3160
3900 3260 3900 3160
3910 3250 3900 3150
3910 3260 3890 3150
3910 3260 3900 3160
3900 3260 3900 3170
3900 3280 3910 3170
3900 3270 3910 3170
3900 3270 3900 3170
3900 3280 3890 3170
3910 3280 3900 3160
3910 3280 3900 3170
3930 3270 3900 3170
3920 3250 3890 3170
3930 3250 3890 3170
3930 3270 3890 3170
3930 3260 3900 3170
3940 3270 3910 3170
3940 3270 3910 3170
3930 3270 3910 3170
3920 3260 3910 3170
3920 3260 3910 3170
3920 3270 3910 3170
3910 3270 3910 3170
3910 3270 3910 3170
3910 3280 3900 3160
3910 3290 3910 3160
3910 3280 3920 3160
3910 3270 3920 3170
3920 3260 3920 3150
3920 3260 3920 3150
3920 3260 3910 3160
3910 3260 3910 3160
3910 3260 3910 3160
3910 3250 3900 3160
3910 3250 3890 3170
3900 3240 3890 3160
3900 3240 3890 3160
3910 3240 3880 3160
3910 3240 3890 3160
3920 3250 3900 3160
3920 3250 3910 3160
3920 3250 3910 3160
3910 3250 3910 3160
3920 3240 3910 3150
3910 3240 3900 3150
3910 3240 3900 3150
3900 3260 3900 3150
3920 3260 3900 3150
3920 3260 3900 3160
3920 3260 3900 3150
