3590 2920 4260 3670
3580 2910 4260 3670
3590 2910 4260 3670
3580 2900 4260 3670
3580 2900 4260 3650
3580 2900 4260 3650
3580 2890 4250 3670
3580 2900 4240 3670
3580 2890 4250 3680
3580 2880 4260 3680
3570 2890 4250 3680
3580 2890 4250 3680
3580 2890 4250 3680
3570 2890 4240 3680
3580 2900 4240 3680
3570 2910 4240 3680
3570 2900 4240 3680
3580 2900 4250 3690
3580 2890 4250 3690
3580 2880 4250 3680
3580 2900 4240 3680
3570 2890 4240 3680
3570 2890 4240 3680
3590 2890 4250 3680
3590 2890 4250 3680
3590 2890 4250 3680
3580 2890 4260 3670
3580 2900 4260 3670
3580 2900 4250 3680
3580 2890 4250 3680
3580 2890 4250 3680
3590 2890 4240 3670
3590 2900 4250 3680
3590 2900 4250 3680
3590 2900 4250 3670
3580 2900 4250 3670
3580 2910 4250 3670
3580 2910 4260 3680
3580 2910 4260 3680
3580 2910 4260 3680
3580 2910 4260 3670
3580 2910 4260 3670
3580 2910 4250 3680
3580 2910 4250 3680
3580 2910 4250 3680
3580 2900 4250 3680
3580 2910 4250 3680
3570 2910 4250 3680
3570 2910 4250 3680
3570 2910 4250 3680
3560 2910 4250 3680
3560 2910 4240 3670
3560 2910 4240 3680
3560 2910 4240 3680
3560 2910 4240 3690
3570 2910 4240 3690
3560 2900 4240 3690
3560 2910 4240 3690
3560 2910 4250 3690
3560 2920 4250 3690
3560 2910 4260 3690
3560 2910 4260 3690
3570 2920 4260 3690
3580 2920 4260 3690
3580 2930 4260 3690
3580 2930 4260 3690
3570 2930 4250 3690
3570 2930 4250 3690
3580 2930 4260 3690
3580 2920 4260 3690
3580 2920 4250 3690
3580 2920 4250 3680
3580 2920 4240 3680
3570 2920 4240 3670
3570 2900 4250 3680
3570 2900 4250 3680
3570 2900 4250 3680
3580 2910 4250 3680
3570 2910 4250 3680
3570 2910 4240 3690
3570 2900 4240 3690
3570 2890 4240 3680
3560 2880 4240 3670
3560 2890 4230 3680
3560 2890 4240 3670
3560 2900 4240 3670
3560 2900 4250 3670
3570 2900 4250 3670
3570 2910 4250 3670
3570 2910 4250 3670
3570 2920 4250 3670
3570 2910 4250 3680
3570 2910 4250 3670
3570 2910 4240 3680
3570 2910 4250 3690
3560 2910 4250 3680
3570 2900 4250 3680
3580 2900 4240 3680
3570 2890 4240 3680
3570 2900 4240 3680
3570 2900 4240 3680
3570 2890 4240 3680
3580 2890 4240 3680
3580 2900 4240 3680
3580 2910 4240 3690
3580 2910 4240 3690
3580 2900 4250 3690
3580 2890 4250 3690
3580 2900 4250 3690
3580 2890 4250 3680
3580 2900 4250 3680
3570 2900 4250 3680
3570 2900 4240 3680
3570 2910 4240 3680
3570 2910 4230 3680
3570 2910 4230 3680
3570 2910 4240 3680
3570 2910 4240 3680
3570 2910 4240 3680
3570 2910 4240 3680
3580 2910 4250 3680
3580 2900 4250 3680
3580 2900 4250 3670
3570 2900 4240 3680
3580 2900 4250 3680
3560 2890 4250 3680
3560 2890 4250 3680
3560 2890 4260 3680
3560 2900 4260 3680
3570 2910 4260 3680
3570 2910 4250 3680
3570 2910 4250 3680
3570 2910 4250 3680
3580 2880 4250 3680
3590 2880 4250 3690
3590 2880 4250 3690
3580 2880 4250 3690
3580 2890 4260 3690
3580 2900 4260 3690
