3270 2620 4570 4120
3270 2620 4570 4120
3270 2620 4570 4120
3270 2630 4570 4110
3280 2630 4570 4120
3290 2630 4570 4110
3280 2630 4570 4100
3290 2630 4570 4110
3280 2630 4570 4110
3290 2620 4570 4110
3290 2630 4580 4120
3290 2630 4580 4120
3290 2630 4580 4120
3290 2620 4580 4120
3290 2620 4570 4110
3300 2630 4570 4110
3290 2630 4570 4110
3290 2630 4570 4120
3280 2630 4570 4130
3280 2630 4570 4130
3280 2630 4560 4120
3290 2620 4560 4120
3270 2630 4570 4110
3280 2630 4570 4120
3280 2630 4560 4110
3280 2640 4570 4100
3280 2640 4580 4110
3280 2640 4580 4110
3280 2650 4580 4120
3290 2650 4580 4120
3280 2650 4580 4120
3290 2640 4580 4110
3300 2620 4580 4110
3300 2620 4580 4120
3300 2630 4570 4110
3300 2630 4570 4120
3300 2630 4570 4110
3290 2620 4570 4120
3280 2620 4570 4110
3290 2630 4570 4110
3280 2620 4570 4110
3290 2630 4570 4110
3300 2630 4570 4110
3280 2630 4580 4110
3280 2630 4570 4110
3280 2610 4570 4100
3280 2620 4570 4110
3280 2620 4570 4110
3280 2610 4580 4110
3280 2620 4580 4110
3280 2630 4580 4110
3280 2630 4580 4100
3270 2640 4580 4110
3280 2640 4580 4110
3270 2630 4580 4110
3270 2650 4580 4110
3270 2650 4580 4120
3280 2650 4580 4120
3280 2650 4580 4120
3270 2620 4570 4120
3270 2620 4570 4110
3280 2610 4570 4110
3280 2630 4570 4110
3270 2630 4570 4110
3270 2630 4570 4120
3280 2620 4580 4120
3280 2620 4580 4110
3290 2620 4570 4100
3290 2640 4600 4100
3300 2640 4580 4100
3300 2640 4580 4100
3290 2640 4580 4110
3290 2640 4580 4110
3290 2630 4570 4120
3280 2620 4570 4120
3280 2620 4570 4120
3270 2610 4580 4120
3280 2620 4580 4120
3290 2610 4580 4120
3300 2610 4580 4110
3300 2620 4580 4110
3300 2630 4580 4110
3300 2630 4580 4110
3290 2630 4580 4120
3290 2630 4580 4120
3290 2630 4570 4110
3290 2630 4570 4120
3290 2640 4570 4110
3280 2640 4570 4110
3280 2640 4570 4110
3280 2630 4560 4110
3280 2630 4570 4110
3280 2630 4570 4100
3290 2630 4570 4110
3290 2630 4570 4110
3300 2630 4580 4110
3290 2630 4580 4120
3300 2630 4570 4110
3300 2630 4580 4110
3300 2630 4580 4110
3290 2630 4580 4100
3290 2630 4580 4100
3300 2620 4580 4100
3300 2610 4580 4100
3280 2620 4580 4110
3280 2620 4580 4110
3280 2620 4580 4110
3290 2620 4580 4110
3290 2620 4580 4110
3280 2620 4570 4110
3290 2610 4570 4110
3280 2620 4580 4110
3280 2620 4580 4110
3280 2610 4580 4110
3290 2620 4580 4110
3290 2620 4570 4100
3280 2620 4570 4110
3290 2630 4570 4110
3300 2630 4570 4110
3300 2620 4570 4110
3300 2620 4570 4110
3290 2620 4560 4110
3290 2630 4560 4110
3280 2630 4560 4110
3280 2630 4570 4110
3280 2640 4570 4110
3290 2630 4570 4110
3280 2640 4580 4110
3280 2640 4600 4110
3290 2640 4580 4110
3290 2630 4580 4110
3290 2630 4580 4110
3290 2640 4570 4110
3280 2620 4570 4110
3290 2620 4570 4110
3290 2620 4570 4110
3280 2610 4570 4120
3270 2620 4570 4120
3270 2620 4570 4120
3280 2620 4570 4110
