3080 2360 5030 4480
3070 2360 5020 4480
3080 2350 5030 4480
3080 2370 5030 4470
3090 2370 5030 4470
3070 2380 5020 4470
3070 2390 5020 4470
3070 2370 5030 4480
3060 2380 5030 4470
3070 2380 5030 4470
3070 2380 5030 4460
3070 2370 5030 4450
3070 2370 5030 4450
3070 2360 5020 4450
3070 2380 5030 4460
3080 2380 5040 4460
3070 2370 5040 4460
3070 2370 5040 4460
3080 2370 5040 4460
3080 2370 5030 4450
3080 2370 5020 4450
3070 2380 5020 4460
3070 2370 5020 4450
3070 2370 5020 4450
3060 2360 5030 4450
3070 2360 5030 4450
3060 2360 5030 4450
3060 2360 5020 4450
3070 2360 5010 4460
3060 2360 5010 4450
3070 2350 5030 4450
3060 2350 5030 4450
3070 2360 5030 4440
3070 2360 5020 4450
3080 2370 5020 4450
3080 2360 5020 4450
3070 2350 5020 4460
3070 2350 5020 4460
3070 2350 5020 4450
3070 2350 5020 4450
3080 2340 5020 4450
3070 2350 5020 4450
3070 2360 5020 4450
3070 2360 5020 4450
3070 2360 5020 4450
3070 2370 5020 4450
3070 2370 5010 4450
3070 2370 5020 4450
3070 2370 5020 4450
3050 2370 5020 4450
3050 2380 5020 4450
3030 2380 5010 4460
3060 2370 5010 4460
3070 2360 5010 4460
3060 2350 5020 4460
3070 2350 5020 4460
3060 2350 5020 4460
3060 2360 5020 4460
3050 2360 5020 4460
3060 2370 5020 4460
3050 2370 5020 4460
3060 2370 5020 4460
3050 2360 5020 4450
3070 2360 5020 4460
3070 2360 5020 4460
3070 2380 5020 4460
3070 2370 5020 4460
3060 2350 5020 4460
3070 2360 5030 4460
3070 2350 5030 4460
3060 2350 5020 4460
3060 2350 5020 4460
3060 2360 5010 4460
3070 2350 5010 4460
3070 2350 5010 4450
3070 2360 5010 4450
3070 2350 5010 4450
3050 2350 5020 4450
3050 2360 5020 4450
3050 2360 5020 4450
3050 2350 5030 4460
3050 2350 5030 4460
3070 2350 5020 4450
3080 2350 5020 4460
3080 2350 5020 4460
3080 2350 5020 4470
3080 2360 5020 4460
3080 2360 5020 4460
3090 2370 5020 4450
3090 2360 5010 4440
3080 2370 5010 4440
3080 2360 5010 4440
3080 2350 5010 4440
3080 2350 5020 4440
3070 2360 5020 4440
3070 2360 5020 4450
3070 2380 5020 4460
3070 2360 5020 4460
3060 2350 5020 4460
3060 2340 5020 4450
3060 2350 5020 4460
3060 2360 5030 4460
3070 2360 5030 4450
3060 2360 5030 4450
3070 2370 5030 4450
3070 2360 5030 4450
3070 2370 5020 4450
3060 2370 5020 4450
3060 2370 5020 4450
3070 2380 5020 4450
3070 2370 5020 4450
3070 2380 5020 4450
3080 2380 5020 4460
3070 2390 5020 4460
3070 2390 5020 4460
3060 2390 5020 4470
3050 2370 5020 4470
3050 2380 5020 4470
3060 2370 5020 4470
3060 2370 5030 4470
3060 2360 5020 4470
3060 2360 5030 4470
3070 2360 5030 4470
3070 2370 5030 4470
3070 2360 5030 4470
3060 2370 5020 4470
3060 2370 5020 4470
3070 2370 5030 4470
