2930 2250 5490 5020
2940 2240 5490 5020
2940 2230 5490 5010
2940 2230 5490 5010
2940 2230 5490 5000
2940 2230 5490 5000
2930 2220 5490 5000
2960 2230 5490 5000
2960 2250 5490 5020
2950 2250 5480 5020
2930 2270 5490 5030
2930 2270 5490 5020
2930 2270 5490 5020
2930 2260 5480 5010
2940 2250 5480 5010
2940 2230 5480 5010
2930 2230 5490 5030
2930 2230 5490 5020
2930 2220 5490 5020
2930 2230 5500 5010
2940 2220 5500 5010
2940 2210 5490 5010
2940 2220 5490 5010
2950 2210 5480 5030
2950 2210 5480 5030
2930 2210 5480 5030
2930 2220 5480 5040
2940 2230 5470 5040
2940 2230 5480 5030
2930 2240 5480 5030
2940 2240 5480 5030
2940 2230 5480 5030
2950 2250 5480 5030
2950 2250 5480 5020
2950 2250 5480 5020
2950 2250 5480 5020
2950 2240 5480 5030
2950 2240 5490 5030
2930 2240 5490 5040
2920 2240 5490 5040
2920 2240 5490 5030
2920 2230 5490 5030
2920 2240 5480 5030
2940 2220 5480 5040
2950 2230 5480 5030
2950 2230 5480 5030
2950 2240 5480 5020
2950 2240 5480 5020
2950 2270 5490 5010
2950 2250 5500 5010
2940 2260 5500 5000
2940 2250 5500 5000
2940 2230 5500 5020
2940 2240 5490 5050
2930 2250 5490 5050
2930 2240 5490 5040
2940 2260 5480 5040
2940 2260 5480 5030
2950 2260 5490 5020
2950 2260 5490 5010
2940 2250 5490 5010
2950 2240 5490 5000
2950 2250 5490 5000
2950 2260 5480 5000
2950 2250 5480 5000
2940 2290 5480 5020
2930 2290 5480 5010
2930 2280 5500 5020
2930 2260 5500 5030
2930 2250 5500 5020
2920 2240 5500 5020
2920 2240 5500 5020
2920 2240 5500 5020
2920 2220 5500 5010
2920 2220 5500 5020
2930 2230 5490 5030
2930 2240 5490 5020
2930 2240 5490 5020
2930 2240 5490 5020
2930 2230 5500 5020
2920 2250 5490 5020
2920 2250 5490 5030
2930 2250 5490 5020
2930 2290 5500 5020
2930 2280 5500 5040
2940 2260 5500 5030
2950 2260 5500 5030
2940 2260 5500 5040
2940 2270 5500 5040
2930 2270 5500 5030
2930 2230 5500 5020
2940 2240 5500 5020
2940 2250 5500 5010
2940 2260 5500 5000
2950 2270 5500 5000
2960 2270 5500 5000
2970 2270 5510 5010
2970 2260 5520 5020
2960 2270 5520 5030
2960 2270 5520 5030
2950 2280 5510 5030
2950 2270 5500 5020
2940 2260 5500 5030
2950 2250 5500 5030
2940 2250 5490 5040
2940 2240 5500 5040
2930 2230 5500 5030
2930 2250 5500 5020
2940 2280 5500 5020
2930 2260 5490 5020
2940 2240 5480 5020
2940 2230 5470 5020
2940 2240 5470 5020
2930 2230 5470 5030
2930 2240 5490 5030
2930 2230 5490 5030
2930 2260 5480 5020
2930 2250 5480 5020
2930 2260 5490 5010
2930 2250 5490 5000
2930 2250 5490 5000
2930 2230 5490 5010
2920 2250 5500 5010
2930 2220 5510 5010
2940 2220 5500 5010
2930 2210 5490 5000
2930 2210 5490 5000
2930 2210 5490 5000
2920 2210 5490 5010
2920 2210 5480 5010
2920 2210 5480 5010
2930 2190 5480 5010
2930 2200 5480 5020
2940 2220 5480 5010
2940 2240 5480 5010
2940 2240 5480 5010
2940 2240 5480 5020
2960 2230 5490 5020
2960 2220 5500 5010
2950 2220 5490 5020
2950 2220 5490 5020
2940 2210 5490 5020
2950 2210 5500 5020
2950 2210 5510 5030
2950 2230 5510 5030
2950 2230 5500 5020
2950 2230 5490 5020
2940 2230 5490 5020
2940 2240 5490 5020
