3460 1780 5770 4790
3430 1770 5770 4790
3410 1770 5770 4780
3420 1760 5770 4780
3420 1750 5770 4780
3420 1770 5770 4790
3440 1770 5780 4780
3420 1770 5780 4780
3420 1760 5780 4790
3420 1750 5780 4800
3420 1770 5780 4790
3420 1770 5770 4790
3410 1770 5760 4780
3420 1770 5760 4780
3420 1760 5760 4780
3420 1750 5760 4780
3440 1760 5760 4780
3440 1760 5760 4780
3410 1750 5760 4790
3420 1740 5770 4790
3440 1750 5770 4800
3430 1750 5770 4800
3430 1750 5770 4800
3430 1740 5770 4800
3430 1740 5760 4810
3430 1740 5770 4810
3450 1750 5770 4810
3460 1750 5780 4800
3460 1760 5780 4790
3460 1760 5780 4790
3470 1760 5770 4800
3450 1760 5770 4790
3430 1760 5770 4790
3410 1760 5770 4790
3400 1760 5780 4780
3400 1770 5780 4780
3400 1780 5780 4790
3400 1780 5780 4800
3400 1770 5780 4800
3400 1770 5780 4790
3410 1760 5780 4780
3400 1760 5780 4780
3400 1760 5780 4780
3390 1760 5780 4780
3400 1770 5780 4770
3410 1780 5780 4780
3390 1800 5780 4780
3390 1800 5780 4770
3390 1800 5770 4780
3390 1800 5770 4780
3410 1800 5770 4780
3410 1800 5770 4780
3420 1780 5770 4780
3440 1800 5770 4780
3440 1800 5770 4780
3430 1800 5770 4780
3430 1800 5770 4780
3450 1780 5780 4780
3450 1770 5780 4770
3420 1760 5770 4770
3420 1760 5770 4790
3420 1760 5770 4780
3420 1760 5770 4780
3410 1780 5770 4780
3410 1780 5770 4790
3410 1780 5770 4800
3410 1770 5770 4800
3390 1780 5760 4800
3390 1750 5780 4800
3390 1750 5780 4800
3400 1750 5780 4790
3400 1770 5770 4790
3400 1770 5770 4790
3420 1780 5770 4790
3420 1770 5770 4790
3440 1760 5770 4800
3440 1770 5770 4790
3420 1770 5770 4790
3420 1760 5770 4780
3430 1750 5770 4780
3440 1750 5770 4780
3450 1760 5770 4790
3450 1770 5770 4800
3440 1780 5770 4810
3420 1770 5770 4800
3440 1770 5770 4790
3430 1770 5780 4790
3440 1760 5780 4780
3450 1760 5780 4800
3450 1760 5780 4790
3460 1760 5780 4780
3460 1760 5780 4780
3440 1770 5780 4780
3420 1770 5780 4800
3410 1780 5780 4810
3410 1770 5780 4810
3410 1770 5770 4810
3390 1760 5770 4800
3390 1760 5770 4800
3390 1760 5770 4790
3400 1770 5780 4790
3390 1770 5780 4780
3400 1770 5780 4780
3400 1770 5780 4780
3380 1760 5780 4790
3370 1770 5770 4790
3360 1760 5770 4800
3360 1760 5780 4790
3370 1750 5780 4790
3370 1750 5780 4790
3370 1760 5780 4790
3360 1760 5780 4790
3370 1760 5780 4780
3380 1760 5780 4780
3380 1760 5780 4780
3380 1760 5780 4790
3380 1770 5780 4790
3410 1770 5780 4790
3410 1770 5780 4790
3440 1770 5790 4790
3410 1780 5780 4790
3460 1780 5790 4790
3460 1770 5790 4790
3450 1770 5790 4800
3450 1770 5790 4810
3450 1760 5790 4810
3450 1760 5800 4800
3450 1760 5800 4790
3420 1760 5800 4790
3420 1770 5790 4790
3410 1770 5790 4790
3410 1770 5790 4790
3400 1770 5790 4790
3400 1760 5790 4790
3400 1760 5790 4780
3400 1760 5790 4780
3400 1770 5800 4780
3400 1780 5800 4780
3420 1780 5790 4780
3430 1800 5790 4780
3420 1780 5790 4780
3410 1770 5790 4780
3430 1760 5790 4780
3440 1760 5790 4780
3420 1750 5800 4780
3410 1760 5810 4780
3410 1750 5810 4790
3400 1750 5810 4780
3400 1750 5810 4780
3410 1750 5810 4780
3440 1750 5810 4780
3450 1760 5800 4780
3440 1770 5790 4780
