3520 2000 5340 4310
3520 2000 5350 4320
3510 1990 5350 4310
3520 1980 5350 4320
3540 1980 5350 4320
3550 1990 5360 4320
3540 1990 5360 4320
3550 1990 5350 4320
3550 1970 5340 4310
3550 1960 5340 4310
3550 1980 5350 4310
3550 1990 5350 4320
3560 1990 5350 4320
3550 1990 5340 4320
3550 1990 5340 4320
3550 1990 5340 4330
3530 1980 5340 4320
3530 1980 5340 4320
3520 1970 5340 4320
3520 1970 5340 4320
3520 1970 5340 4320
3530 1980 5330 4320
3530 1970 5330 4320
3540 1980 5330 4320
3550 1970 5330 4320
3550 1990 5340 4320
3530 1990 5340 4320
3510 2000 5340 4320
3510 1980 5340 4320
3510 1970 5340 4320
3500 1970 5340 4320
3520 1960 5340 4320
3520 1960 5340 4320
3530 1970 5350 4330
3540 1960 5360 4330
3540 1970 5360 4330
3540 1970 5360 4330
3530 1970 5360 4330
3540 1970 5360 4330
3540 1970 5360 4330
3540 1970 5360 4320
3540 1960 5360 4320
3520 1970 5350 4320
3530 1980 5350 4320
3530 1990 5350 4320
3540 1990 5350 4320
3540 1990 5340 4320
3540 1980 5340 4320
3540 1990 5340 4320
3530 1990 5330 4320
3520 1990 5340 4320
3520 1990 5340 4320
3510 1980 5340 4320
3500 1970 5350 4320
3510 1970 5350 4320
3520 1990 5340 4320
3520 1980 5340 4320
3510 1990 5340 4320
3520 1970 5340 4320
3510 1980 5350 4320
3500 1980 5350 4320
3480 1980 5340 4320
3510 1990 5350 4320
3510 1990 5350 4320
3500 1990 5350 4320
3510 1990 5350 4320
3500 2000 5350 4320
3510 1990 5330 4320
3500 1990 5330 4320
3510 1990 5330 4310
3510 1990 5320 4300
3520 1980 5320 4300
3520 1960 5320 4310
3520 1970 5320 4300
3490 1970 5320 4290
3500 1970 5330 4290
3510 1980 5320 4300
3500 1990 5320 4300
3490 1990 5330 4310
3490 1990 5340 4310
3500 1980 5330 4320
3510 1980 5340 4320
3510 1990 5350 4310
3510 1990 5350 4310
3510 1990 5350 4310
3510 1980 5370 4310
3510 1980 5370 4310
3510 1970 5350 4300
3520 1970 5360 4310
3520 1970 5370 4310
3530 1960 5370 4310
3540 1950 5370 4310
3540 1950 5360 4310
3530 1960 5350 4310
3530 1960 5340 4310
3530 1950 5330 4320
3510 1950 5330 4320
3520 1950 5320 4320
3520 1970 5330 4320
3520 1960 5340 4320
3510 1980 5340 4320
3500 1990 5340 4320
3500 2010 5340 4320
3510 2000 5330 4320
3510 1990 5320 4320
3520 2000 5320 4320
3510 1990 5320 4320
3500 2000 5320 4310
3500 1980 5320 4310
3500 1990 5320 4310
3500 1990 5320 4310
3490 1990 5320 4310
3490 1980 5320 4310
3500 1990 5330 4300
3480 1990 5330 4300
3480 1990 5340 4300
3490 1970 5340 4310
3500 1970 5350 4310
3500 1980 5350 4310
3500 1970 5350 4310
3490 1970 5350 4310
3500 1970 5350 4320
3490 1980 5360 4320
3490 1970 5350 4320
3490 1970 5340 4320
3490 1970 5340 4310
3490 1970 5340 4310
3490 1970 5350 4310
3500 1970 5340 4310
3500 1980 5340 4310
3500 1970 5360 4310
3500 1970 5350 4310
3510 1970 5340 4300
3520 1970 5340 4310
3520 1990 5330 4320
3510 2000 5330 4320
3520 1990 5330 4320
3510 1980 5330 4320
3510 1990 5320 4320
3510 1980 5320 4320
3510 1980 5320 4320
3500 1990 5320 4320
3510 1980 5320 4320
3490 1970 5320 4320
3510 1960 5320 4310
3530 1970 5320 4330
3530 1990 5320 4330
3520 1990 5320 4330
3520 1970 5320 4330
3520 1980 5320 4320
3520 1980 5330 4310
