3720 2280 4940 3860
3720 2260 4940 3860
3720 2250 4940 3860
3710 2250 4940 3860
3710 2260 4940 3860
3710 2260 4940 3860
3700 2250 4940 3860
3700 2240 4940 3860
3700 2240 4940 3860
3700 2240 4940 3850
3700 2240 4940 3850
3710 2240 4940 3850
3700 2260 4950 3860
3700 2260 4940 3860
3710 2260 4940 3860
3710 2260 4940 3860
3710 2260 4940 3860
3720 2260 4940 3860
3720 2260 4940 3860
3720 2260 4950 3860
3720 2260 4950 3860
3720 2260 4940 3860
3720 2260 4940 3850
3720 2270 4940 3850
3720 2270 4940 3850
3720 2260 4950 3850
3720 2260 4950 3850
3720 2270 4950 3850
3720 2260 4950 3850
3710 2260 4950 3850
3710 2270 4940 3840
3710 2270 4940 3840
3710 2270 4940 3850
3710 2280 4940 3850
3700 2290 4940 3850
3700 2270 4940 3850
3700 2270 4940 3850
3710 2280 4940 3850
3710 2270 4940 3850
3710 2270 4940 3850
3710 2260 4940 3840
3720 2270 4930 3840
3720 2280 4920 3840
3730 2280 4920 3850
3720 2270 4930 3850
3720 2260 4930 3850
3720 2270 4930 3850
3720 2260 4930 3850
3720 2250 4930 3840
3710 2260 4940 3850
3700 2270 4940 3830
3690 2270 4940 3840
3700 2270 4940 3840
3710 2260 4940 3840
3710 2260 4940 3830
3700 2260 4940 3830
3710 2250 4940 3840
3710 2260 4940 3840
3710 2260 4940 3850
3720 2260 4950 3860
3710 2260 4950 3870
3700 2260 4950 3870
3720 2260 4950 3850
3720 2270 4940 3850
3710 2260 4940 3850
3720 2270 4940 3850
3720 2280 4940 3850
3720 2270 4940 3860
3710 2270 4940 3870
3710 2270 4940 3860
3710 2260 4940 3860
3700 2250 4940 3860
3710 2250 4930 3850
3710 2250 4930 3850
3720 2260 4930 3860
3720 2270 4940 3860
3720 2260 4940 3870
3720 2260 4940 3870
3720 2260 4940 3870
3710 2270 4940 3870
3720 2280 4940 3860
3720 2280 4940 3860
3720 2280 4940 3850
3720 2280 4940 3840
3720 2280 4940 3840
3720 2290 4940 3840
3720 2280 4940 3840
3720 2280 4950 3850
3730 2270 4950 3850
3740 2270 4950 3840
3730 2260 4940 3840
3720 2260 4930 3830
3710 2250 4930 3820
3710 2250 4930 3830
3720 2240 4930 3830
3720 2250 4930 3830
3730 2240 4920 3840
3730 2250 4920 3840
3720 2240 4930 3840
3700 2240 4930 3840
3710 2250 4920 3840
3710 2250 4920 3850
3710 2250 4930 3860
3710 2260 4930 3850
3720 2270 4930 3860
3710 2260 4930 3840
3720 2270 4930 3840
3720 2260 4920 3850
3710 2270 4940 3850
3710 2260 4940 3850
3710 2250 4940 3850
3700 2260 4940 3850
3710 2260 4940 3860
3700 2260 4940 3860
3710 2250 4940 3850
3710 2260 4940 3850
3710 2260 4940 3850
3720 2260 4940 3850
3710 2260 4940 3850
3720 2260 4940 3850
3720 2260 4940 3870
3720 2270 4940 3850
3710 2280 4940 3830
3710 2280 4940 3850
3720 2260 4950 3840
3720 2260 4950 3840
3720 2250 4950 3850
3730 2240 4950 3860
3720 2250 4950 3860
3710 2250 4940 3870
3720 2250 4930 3870
3700 2260 4930 3860
3710 2260 4930 3850
3700 2250 4920 3850
3700 2260 4920 3840
3700 2260 4920 3830
3720 2250 4930 3830
3720 2250 4940 3820
3710 2250 4940 3820
3710 2250 4940 3830
3720 2270 4940 3840
3720 2260 4930 3840
3720 2270 4930 3840
3710 2270 4930 3840
3710 2260 4950 3840
3710 2260 4950 3840
3720 2260 4950 3850
3720 2270 4940 3850
3720 2270 4940 3840
3710 2270 4940 3840
3720 2260 4940 3840
3710 2260 4930 3840
3710 2280 4930 3840
3710 2270 4930 3840
3710 2260 4940 3840
3700 2260 4940 3850
3700 2270 4940 3850
3700 2260 4940 3850
3700 2250 4940 3860
3700 2250 4940 3870
