3920 2620 4630 3400
3930 2620 4630 3400
3930 2640 4620 3410
3920 2630 4620 3410
3920 2630 4620 3400
3910 2630 4620 3400
3930 2620 4620 3410
3920 2630 4610 3400
3920 2630 4610 3400
3920 2620 4620 3400
3910 2630 4620 3400
3910 2640 4630 3400
3920 2640 4630 3390
3920 2640 4630 3390
3910 2640 4630 3390
3910 2630 4630 3390
3910 2630 4630 3390
3900 2630 4630 3390
3900 2630 4630 3380
3910 2630 4630 3390
3920 2640 4630 3390
3920 2640 4630 3390
3920 2640 4640 3390
3920 2630 4640 3390
3940 2630 4630 3390
3930 2620 4630 3390
3920 2620 4630 3390
3920 2620 4630 3390
3920 2620 4630 3390
3910 2620 4640 3390
3900 2630 4640 3390
3900 2630 4640 3400
3890 2630 4640 3400
3900 2630 4640 3390
3900 2640 4640 3390
3910 2640 4640 3390
3900 2630 4640 3390
3900 2620 4640 3390
3900 2620 4640 3390
3910 2620 4640 3400
3900 2630 4640 3400
3920 2640 4630 3400
3930 2620 4630 3410
3920 2630 4630 3410
3920 2630 4630 3410
3920 2630 4630 3410
3920 2630 4630 3410
3920 2630 4630 3420
3910 2640 4630 3420
3910 2640 4630 3420
3920 2630 4630 3420
3920 2640 4630 3410
3920 2640 4630 3410
3920 2640 4630 3400
3910 2640 4640 3400
3900 2640 4630 3400
3900 2640 4630 3400
3900 2640 4630 3400
3900 2640 4630 3410
3910 2640 4620 3400
3910 2640 4620 3400
3910 2650 4620 3400
3910 2630 4620 3400
3910 2630 4620 3400
3900 2640 4630 3400
3910 2640 4630 3400
3910 2630 4630 3400
3900 2630 4630 3410
3910 2630 4640 3400
3910 2630 4640 3410
3920 2630 4630 3410
3920 2630 4630 3410
3920 2650 4630 3400
3920 2630 4630 3400
3920 2630 4630 3400
3910 2640 4630 3410
3910 2630 4630 3410
3910 2630 4630 3410
3910 2620 4630 3410
3910 2620 4630 3410
3910 2620 4630 3410
3910 2620 4630 3410
3910 2630 4630 3420
3910 2630 4630 3420
3910 2630 4630 3410
3910 2620 4630 3410
3910 2610 4630 3400
3920 2610 4630 3410
3920 2620 4630 3410
3920 2620 4630 3410
3920 2630 4630 3410
3920 2640 4630 3410
3920 2640 4630 3410
3910 2630 4630 3410
3910 2630 4630 3410
3910 2620 4630 3400
3910 2620 4630 3400
3910 2620 4630 3400
3910 2620 4630 3400
3910 2620 4630 3410
3920 2620 4630 3400
3920 2620 4640 3410
3920 2620 4640 3410
3920 2610 4640 3410
3940 2610 4640 3410
3930 2620 4640 3420
3940 2610 4640 3420
3930 2610 4640 3420
3920 2610 4640 3420
3920 2610 4640 3410
3920 2610 4640 3410
3910 2610 4640 3410
3910 2620 4640 3410
3910 2620 4650 3410
3920 2620 4640 3410
3920 2620 4640 3410
3930 2620 4640 3410
3920 2630 4630 3410
3920 2630 4630 3410
3920 2620 4630 3410
3910 2620 4640 3410
3910 2630 4630 3410
3910 2630 4630 3400
3910 2630 4640 3400
3930 2630 4640 3410
3920 2630 4630 3410
3920 2630 4630 3410
3920 2630 4630 3410
3930 2630 4630 3410
3910 2630 4630 3400
3910 2640 4630 3400
3910 2640 4630 3400
3910 2640 4630 3400
3910 2640 4630 3400
3910 2640 4630 3410
3920 2640 4630 3400
3920 2640 4630 3400
3920 2640 4630 3410
3910 2640 4630 3410
3910 2640 4630 3420
3920 2640 4620 3430
3930 2630 4620 3420
3920 2620 4620 3420
3920 2620 4630 3420
3920 2620 4630 3420
3920 2630 4630 3420
3920 2630 4630 3410
3920 2640 4630 3410
3940 2640 4630 3410
3930 2640 4630 3410
3920 2640 4630 3410
3930 2630 4630 3410
3930 2630 4630 3410
3920 2620 4630 3410
3920 2620 4630 3410
3910 2610 4630 3410
3910 2610 4630 3410
3910 2620 4630 3410
3910 2620 4630 3420
3930 2630 4630 3420
3920 2630 4630 3420
3920 2630 4640 3420
3920 2640 4640 3420
3920 2650 4640 3420
3930 2650 4640 3420
3930 2630 4650 3420
3920 2630 4650 3420
3920 2640 4650 3430
3920 2630 4650 3430
3920 2640 4640 3420
3910 2630 4630 3420
3910 2630 4630 3420
3920 2640 4630 3420
3920 2640 4640 3420
3930 2640 4640 3410
3940 2640 4640 3410
3930 2630 4640 3410
3920 2630 4640 3410
3920 2620 4640 3410
3920 2620 4640 3410
3920 2630 4640 3410
3920 2630 4640 3410
3920 2640 4640 3410
3920 2640 4640 3410
3920 2650 4640 3410
3920 2630 4650 3410
3920 2630 4650 3410
3920 2620 4640 3420
3920 2630 4630 3420
3920 2630 4630 3420
3920 2640 4630 3410
3920 2630 4640 3410
3920 2610 4640 3420
3910 2610 4630 3420
3910 2600 4630 3420
3920 2630 4630 3420
3910 2640 4630 3420
3910 2650 4630 3420
