4220 3060 4290 2920
4220 3060 4290 2910
4220 3060 4270 2910
4220 3050 4270 2900
4220 3030 4270 2920
4210 3030 4270 2920
4210 3050 4270 2920
4230 3050 4270 2910
4220 3030 4290 2910
4210 3030 4290 2910
4210 3030 4290 2920
4240 3030 4290 2920
4240 3050 4270 2920
4230 3060 4290 2930
4220 3050 4300 2910
4220 3060 4290 2910
4210 3030 4290 2900
4210 3030 4290 2910
4220 3050 4300 2900
4210 3050 4300 2910
4210 3050 4300 2910
4210 3060 4300 2920
4210 3050 4300 2920
4200 3060 4300 2920
4200 3060 4300 2920
4210 3050 4300 2930
4210 3050 4290 2930
4210 3060 4290 2930
4210 3060 4290 2930
4210 3050 4290 2930
4210 3060 4290 2930
4230 3050 4290 2930
4230 3060 4290 2930
4210 3060 4290 2930
4210 3050 4300 2930
4210 3030 4300 2920
4210 3050 4300 2920
4210 3050 4290 2920
4210 3030 4290 2920
4210 3030 4300 2930
4210 3030 4300 2920
4210 3050 4300 2920
4210 3050 4300 2920
4200 3050 4300 2920
4220 3060 4290 2920
4220 3050 4290 2920
4210 3070 4290 2920
4210 3060 4290 2910
4220 3050 4290 2920
4220 3050 4290 2920
4220 3060 4290 2920
4220 3030 4290 2920
4210 3050 4290 2920
4210 3030 4290 2920
4200 3030 4290 2910
4200 3030 4290 2920
4190 3030 4300 2920
4210 3050 4300 2920
4210 3070 4300 2920
4210 3080 4300 2920
4210 3080 4300 2920
4210 3070 4290 2920
4210 3070 4290 2910
4210 3060 4290 2920
4210 3050 4290 2920
4240 3050 4290 2920
4220 3050 4290 2920
4220 3060 4270 2920
4220 3050 4270 2920
4210 3050 4290 2920
4210 3050 4290 2930
4210 3060 4290 2930
4190 3030 4300 2920
4190 3050 4300 2920
4190 3050 4300 2920
4200 3030 4300 2920
4210 3030 4290 2920
4220 3050 4290 2920
4220 3060 4300 2920
4210 3070 4300 2920
4210 3070 4300 2920
4210 3080 4290 2920
4210 3080 4300 2920
4200 3060 4300 2930
4200 3070 4300 2920
4200 3070 4290 2920
4210 3060 4290 2910
4200 3050 4300 2920
4220 3060 4290 2910
4220 3060 4290 2920
4220 3050 4300 2910
4220 3050 4290 2910
4220 3070 4270 2910
4210 3060 4270 2900
4200 3050 4270 2910
4200 3050 4260 2920
4200 3060 4260 2920
4210 3050 4260 2920
4210 3050 4260 2920
4210 3060 4270 2920
4220 3070 4270 2920
4220 3070 4290 2910
4220 3080 4290 2910
4220 3060 4290 2910
4220 3050 4290 2920
4210 3070 4290 2910
4210 3060 4290 2900
4200 3060 4270 2910
4210 3060 4270 2910
4220 3060 4270 2910
4210 3070 4270 2920
4220 3060 4270 2920
4210 3070 4270 2920
4210 3070 4270 2920
4220 3070 4290 2920
4220 3070 4290 2920
4220 3050 4270 2920
4210 3030 4270 2930
4220 3020 4270 2920
4210 3010 4270 2920
4200 3010 4290 2920
4210 3020 4270 2920
4220 3050 4270 2920
4220 3060 4290 2930
4230 3070 4290 2930
4220 3070 4290 2920
4220 3080 4290 2920
4240 3080 4290 2920
4240 3070 4290 2920
4230 3060 4290 2920
4220 3050 4300 2920
4220 3050 4290 2930
4220 3050 4300 2920
4210 3050 4290 2920
4220 3070 4290 2930
4220 3080 4290 2920
4230 3080 4290 2920
4220 3070 4290 2910
4220 3050 4290 2930
4210 3060 4290 2920
4200 3050 4290 2920
4210 3060 4300 2930
4210 3070 4290 2910
