2980 5420 2150 4840
2970 5410 2150 4850
2970 5410 2150 4850
2970 5410 2140 4860
2960 5410 2150 4870
2950 5410 2150 4880
2950 5420 2160 4890
2950 5410 2160 4890
2950 5410 2160 4880
2960 5420 2160 4870
2970 5420 2160 4870
2970 5430 2160 4850
2970 5440 2160 4850
2970 5440 2160 4850
2970 5440 2160 4850
2960 5430 2160 4830
2960 5430 2150 4850
2960 5430 2150 4840
2960 5430 2150 4860
2960 5430 2150 4840
2970 5430 2150 4840
2980 5440 2150 4840
2970 5440 2150 4830
2960 5430 2140 4820
2950 5430 2150 4800
2950 5420 2150 4810
2950 5410 2140 4820
2950 5420 2140 4830
2960 5420 2140 4830
2970 5440 2140 4820
2960 5430 2130 4810
2970 5440 2130 4830
2970 5430 2140 4820
2960 5430 2150 4840
2970 5430 2160 4830
2970 5430 2160 4830
2970 5430 2150 4840
2970 5430 2150 4830
2980 5420 2150 4850
2980 5430 2150 4850
2970 5430 2140 4840
2970 5430 2140 4830
2970 5430 2150 4830
2960 5430 2150 4830
2960 5420 2160 4840
2960 5410 2160 4830
2960 5410 2170 4840
2960 5420 2170 4840
2970 5420 2160 4830
2970 5420 2170 4830
2970 5420 2160 4830
2960 5420 2160 4840
2950 5410 2160 4840
2950 5420 2160 4820
2950 5410 2160 4830
2960 5410 2160 4840
2960 5410 2150 4840
2960 5410 2150 4860
2960 5410 2150 4860
2960 5420 2150 4840
2960 5430 2140 4840
2960 5430 2130 4840
2960 5430 2130 4840
2960 5420 2130 4840
2980 5410 2130 4820
2970 5420 2130 4830
2970 5410 2140 4840
2970 5420 2150 4840
2960 5420 2140 4820
2960 5410 2140 4810
2960 5420 2150 4810
2970 5420 2140 4810
2970 5420 2140 4810
2960 5430 2140 4810
2960 5420 2130 4820
2960 5420 2130 4820
2970 5430 2150 4800
2980 5430 2140 4810
2980 5430 2150 4810
2980 5430 2160 4810
2980 5430 2150 4810
2980 5430 2160 4810
2970 5440 2150 4830
2970 5430 2150 4830
2970 5420 2150 4830
2970 5430 2150 4840
2970 5420 2150 4830
2970 5410 2140 4820
2970 5400 2140 4840
2970 5410 2140 4840
2970 5410 2140 4830
2970 5400 2140 4810
2970 5400 2140 4830
2980 5410 2150 4820
2970 5410 2150 4820
2970 5430 2140 4830
2960 5440 2140 4830
2960 5450 2140 4830
2970 5440 2140 4840
2970 5430 2140 4830
2970 5430 2150 4830
2970 5440 2150 4830
2970 5450 2150 4830
2960 5440 2150 4830
2960 5440 2140 4830
2960 5430 2140 4830
2970 5420 2150 4830
2970 5420 2150 4840
2970 5420 2150 4860
2960 5410 2150 4840
2980 5410 2150 4840
2970 5420 2150 4840
2980 5420 2150 4840
2990 5420 2140 4820
2990 5420 2140 4830
2960 5410 2150 4840
2980 5420 2150 4840
2970 5420 2150 4840
2990 5420 2150 4830
2950 5420 2160 4810
2980 5420 2150 4810
2960 5420 2140 4820
2970 5420 2140 4840
2990 5420 2140 4820
2980 5430 2140 4830
2980 5440 2140 4840
2980 5430 2150 4830
2980 5430 2150 4830
2990 5430 2150 4820
2990 5430 2150 4820
2990 5430 2150 4840
2990 5430 2170 4840
2970 5440 2150 4840
2970 5440 2150 4840
2970 5440 2150 4830
2980 5430 2150 4820
2990 5440 2140 4820
2990 5420 2140 4820
2980 5420 2150 4820
2990 5410 2150 4830
2990 5410 2150 4820
2990 5420 2160 4830
2980 5420 2160 4830
2970 5420 2160 4820
2960 5430 2160 4840
2990 5430 2150 4830
2980 5420 2160 4830
2980 5420 2160 4830
2990 5420 2160 4820
2990 5420 2150 4830
2990 5410 2150 4820
2960 5420 2150 4820
2990 5430 2150 4820
2950 5420 2150 4830
2970 5420 2150 4830
2980 5420 2150 4830
2980 5420 2140 4820
2970 5430 2150 4830
2970 5430 2150 4820
2980 5430 2150 4820
2970 5430 2150 4830
2980 5430 2150 4820
2990 5420 2160 4830
2960 5420 2150 4830
2960 5420 2150 4830
2990 5420 2150 4830
2970 5410 2150 4820
2990 5420 2150 4830
2990 5420 2150 4840
2970 5420 2150 4840
2980 5420 2150 4840
2970 5420 2160 4840
2970 5430 2160 4840
2970 5430 2150 4840
2950 5430 2150 4840
2990 5430 2150 4840
2980 5420 2150 4820
2980 5410 2150 4810
2980 5420 2150 4810
2990 5420 2150 4820
2980 5420 2150 4820
2990 5420 2150 4830
2980 5420 2140 4840
2980 5410 2140 4830
2980 5410 2150 4830
2990 5400 2150 4830
2990 5410 2150 4830
2990 5410 2150 4840
2990 5410 2140 4830
2980 5410 2140 4820
2980 5430 2140 4820
2970 5430 2150 4830
2960 5440 2160 4830
2960 5440 2160 4830
2960 5440 2160 4840
2970 5420 2170 4830
2960 5420 2160 4830
2950 5420 2160 4820
2950 5410 2160 4830
2950 5410 2160 4850
2950 5420 2160 4840
2960 5420 2160 4840
2960 5430 2150 4840
2970 5440 2150 4840
2970 5440 2140 4830
2960 5430 2150 4830
2960 5430 2150 4830
2960 5430 2150 4840
2950 5430 2140 4840
2950 5430 2150 4850
2960 5420 2150 4850
2960 5420 2150 4860
2960 5440 2150 4850
2970 5430 2150 4840
2960 5420 2150 4830
2970 5430 2150 4830
2960 5430 2140 4820
2950 5440 2150 4820
2950 5430 2150 4820
2960 5430 2150 4810
2960 5430 2150 4820
2960 5430 2140 4840
2950 5430 2140 4850
2950 5430 2140 4840
2950 5430 2150 4830
2960 5430 2160 4830
2950 5420 2160 4820
2960 5420 2160 4830
2960 5420 2160 4840
2960 5420 2160 4840
2970 5430 2160 4840
2970 5430 2160 4840
2970 5430 2160 4840
2970 5420 2170 4830
2960 5410 2170 4830
2960 5410 2170 4830
2960 5410 2170 4840
2960 5410 2160 4830
