4500 3490 4030 2450
4500 3490 4030 2450
4490 3480 4040 2450
4490 3480 4030 2460
4500 3490 4030 2470
4500 3490 4030 2470
4500 3490 4030 2460
4510 3490 4030 2470
4510 3490 4040 2460
4520 3490 4040 2480
4520 3500 4040 2480
4520 3500 4050 2480
4520 3490 4040 2490
4520 3490 4050 2490
4520 3480 4040 2490
4510 3490 4040 2490
4520 3490 4030 2470
4520 3490 4040 2480
4510 3490 4050 2480
4500 3490 4040 2460
4500 3490 4040 2450
4510 3490 4040 2450
4520 3490 4030 2450
4510 3490 4040 2450
4510 3480 4040 2460
4510 3480 4050 2450
4510 3480 4040 2450
4520 3480 4040 2460
4520 3480 4040 2450
4540 3480 4040 2460
4540 3480 4040 2440
4530 3480 4030 2440
4530 3480 4030 2450
4520 3480 4030 2460
4510 3480 4020 2450
4520 3480 4030 2450
4530 3480 4040 2470
4530 3480 4040 2470
4520 3480 4030 2470
4520 3480 4030 2480
4530 3480 4040 2470
4520 3480 4040 2450
4520 3490 4040 2460
4520 3500 4030 2460
4530 3490 4030 2470
4540 3490 4040 2470
4540 3500 4030 2460
4540 3490 4040 2470
4540 3490 4040 2470
4540 3490 4040 2470
4530 3480 4050 2470
4530 3490 4040 2470
4530 3490 4030 2470
4530 3490 4030 2480
4520 3490 4030 2470
4520 3490 4040 2480
4520 3490 4030 2480
4510 3480 4040 2480
4520 3480 4030 2470
4510 3480 4040 2450
4510 3480 4040 2440
4510 3480 4030 2460
4520 3480 4030 2460
4520 3480 4040 2440
4530 3480 4030 2450
4530 3480 4040 2450
4520 3480 4040 2460
4530 3490 4040 2470
4530 3490 4040 2460
4530 3490 4040 2470
4530 3490 4030 2460
4530 3490 4020 2460
4520 3500 4040 2470
4520 3500 4030 2470
4520 3490 4040 2470
4530 3470 4050 2470
4530 3470 4060 2470
4520 3470 4060 2480
4520 3470 4060 2480
4520 3470 4050 2480
4520 3470 4050 2480
4520 3470 4050 2480
4520 3460 4050 2480
4530 3460 4050 2490
4520 3470 4040 2490
4520 3470 4040 2490
4530 3470 4040 2490
4540 3470 4050 2470
4520 3480 4040 2470
4520 3480 4050 2470
4520 3480 4060 2470
4520 3490 4050 2470
4530 3490 4050 2470
4510 3490 4050 2470
4500 3490 4060 2460
4490 3490 4050 2460
4500 3490 4050 2460
4500 3490 4050 2460
4510 3490 4050 2470
4520 3480 4050 2450
4510 3480 4050 2450
4500 3490 4040 2450
4490 3500 4050 2450
4490 3500 4050 2440
4500 3490 4050 2450
4510 3490 4050 2460
4500 3490 4040 2460
4500 3490 4030 2460
4500 3490 4030 2450
4500 3500 4040 2450
4510 3500 4050 2440
4520 3490 4050 2440
4520 3500 4050 2430
4520 3500 4040 2450
4510 3500 4040 2460
4500 3500 4030 2460
4510 3500 4040 2460
4510 3490 4040 2460
4520 3490 4050 2460
4520 3490 4060 2460
4520 3500 4060 2470
4530 3490 4050 2470
4530 3490 4040 2460
4530 3490 4030 2450
4530 3490 4040 2460
4530 3490 4040 2460
4530 3480 4040 2450
4520 3480 4050 2450
4520 3480 4060 2450
4520 3480 4050 2460
4520 3480 4050 2460
4510 3480 4040 2470
4520 3480 4040 2460
4520 3480 4050 2460
4520 3490 4060 2460
4520 3490 4060 2470
4520 3490 4060 2460
4520 3490 4060 2460
4520 3490 4060 2460
4520 3490 4060 2460
4520 3490 4060 2460
4520 3490 4060 2450
4520 3490 4060 2450
4510 3480 4070 2450
4520 3480 4070 2450
4520 3480 4070 2460
4530 3480 4060 2460
4520 3480 4060 2460
4510 3480 4050 2470
