4880 3910 3770 2060
4880 3910 3780 2040
4880 3910 3770 2060
4880 3900 3770 2060
4880 3920 3770 2060
4880 3930 3770 2050
4890 3940 3770 2050
4890 3950 3770 2060
4890 3940 3770 2060
4890 3930 3770 2080
4890 3930 3770 2070
4890 3930 3770 2060
4890 3920 3770 2070
4890 3930 3770 2060
4880 3930 3770 2050
4870 3930 3770 2060
4880 3920 3770 2050
4890 3920 3770 2050
4890 3900 3770 2050
4910 3910 3770 2050
4910 3890 3770 2070
4880 3900 3770 2080
4890 3890 3770 2090
4880 3890 3770 2090
4890 3890 3770 2080
4880 3870 3770 2110
4880 3900 3770 2080
4880 3910 3770 2070
4880 3900 3770 2070
4880 3910 3770 2060
4890 3920 3770 2050
4890 3930 3770 2050
4890 3900 3780 2060
4890 3910 3780 2060
4890 3900 3780 2060
4890 3920 3780 2060
4890 3920 3780 2070
4880 3910 3780 2070
4890 3910 3780 2070
4890 3920 3780 2070
4890 3910 3780 2070
4880 3910 3780 2070
4910 3910 3780 2080
4920 3920 3770 2060
4910 3910 3770 2070
4890 3920 3780 2070
4890 3920 3780 2070
4880 3920 3780 2070
4890 3920 3770 2080
4910 3920 3770 2070
4910 3920 3770 2080
4910 3920 3760 2060
4910 3920 3770 2070
4910 3900 3770 2060
4890 3910 3770 2060
4890 3910 3770 2060
4880 3910 3770 2070
4890 3930 3770 2070
4890 3920 3760 2070
4880 3920 3770 2070
4880 3910 3760 2060
4870 3900 3760 2060
4880 3910 3770 2070
4880 3940 3770 2070
4880 3930 3770 2070
4870 3930 3770 2070
4880 3920 3770 2060
4870 3900 3770 2050
4870 3910 3770 2050
4880 3920 3780 2050
4890 3920 3780 2040
4890 3920 3770 2050
4910 3930 3770 2060
4890 3930 3770 2070
4880 3930 3770 2060
4880 3910 3770 2060
4890 3900 3770 2060
4890 3910 3760 2050
4890 3910 3760 2050
4880 3920 3760 2050
4880 3900 3760 2060
4880 3910 3770 2060
4880 3910 3770 2050
4910 3910 3770 2050
4910 3910 3780 2050
4910 3920 3780 2050
4890 3890 3770 2030
4910 3890 3770 2050
4910 3900 3770 2050
4910 3910 3770 2070
4890 3910 3770 2050
4890 3920 3770 2050
4890 3920 3770 2050
4890 3920 3770 2060
4890 3920 3770 2050
4890 3910 3770 2050
4890 3900 3770 2050
4890 3890 3770 2060
4890 3890 3770 2070
4910 3900 3770 2070
4890 3900 3770 2060
4890 3900 3780 2050
4910 3900 3780 2060
4890 3910 3780 2050
4890 3920 3780 2040
4890 3920 3780 2040
4880 3920 3780 2040
4890 3920 3780 2040
4890 3930 3780 2050
4890 3940 3780 2060
4890 3930 3780 2060
4910 3930 3780 2060
4910 3930 3780 2060
4910 3920 3770 2050
4910 3920 3770 2060
4910 3930 3770 2050
4910 3930 3770 2050
4890 3940 3770 2050
4890 3940 3770 2050
4880 3930 3770 2040
4880 3920 3770 2040
4880 3920 3770 2050
4880 3930 3780 2060
4890 3930 3770 2060
4890 3920 3770 2060
4910 3910 3770 2060
4890 3920 3780 2060
4910 3930 3780 2060
4910 3940 3780 2060
4890 3950 3780 2050
4890 3940 3780 2050
4890 3940 3780 2060
4910 3930 3780 2050
4910 3940 3780 2060
4890 3940 3780 2060
4910 3940 3780 2050
4910 3930 3780 2060
4910 3910 3780 2060
