5310 4350 3580 1780
5310 4350 3580 1800
5310 4350 3580 1780
5310 4360 3590 1800
5320 4360 3590 1810
5310 4360 3580 1810
5300 4350 3580 1810
5310 4350 3580 1810
5310 4360 3580 1810
5310 4350 3580 1810
5310 4350 3590 1810
5310 4350 3590 1810
5300 4350 3590 1800
5310 4350 3590 1800
5310 4360 3590 1780
5300 4360 3590 1800
5310 4350 3590 1800
5310 4350 3580 1780
5310 4350 3580 1800
5310 4350 3580 1810
5310 4350 3580 1810
5310 4350 3580 1810
5310 4360 3580 1800
5320 4360 3590 1800
5320 4360 3580 1800
5320 4350 3580 1810
5330 4350 3590 1800
5320 4350 3580 1800
5330 4350 3580 1810
5320 4350 3580 1810
5320 4350 3580 1810
5330 4350 3580 1810
5310 4350 3590 1810
5310 4360 3580 1810
5310 4360 3580 1810
5320 4360 3580 1810
5310 4370 3580 1800
5310 4370 3590 1800
5310 4370 3590 1780
5310 4360 3590 1780
5310 4370 3590 1800
5300 4360 3590 1800
5300 4350 3590 1770
5310 4360 3590 1780
5310 4350 3590 1770
5310 4350 3590 1770
5310 4350 3590 1780
5310 4360 3590 1800
5310 4360 3580 1800
5300 4350 3580 1800
5290 4350 3580 1780
5290 4350 3580 1770
5290 4350 3570 1770
5280 4350 3570 1780
5280 4350 3580 1800
5280 4350 3580 1780
5280 4340 3580 1770
5280 4340 3580 1760
5290 4350 3580 1760
5290 4350 3590 1760
5300 4360 3590 1760
5300 4350 3590 1760
5300 4350 3580 1780
5300 4360 3580 1780
5300 4370 3590 1760
5300 4370 3590 1770
5310 4360 3590 1770
5310 4350 3590 1780
5310 4350 3590 1800
5310 4350 3580 1780
5310 4360 3580 1770
5310 4350 3580 1770
5310 4350 3580 1760
5290 4350 3580 1770
5290 4350 3580 1770
5290 4350 3580 1760
5290 4350 3580 1770
5290 4350 3580 1780
5290 4350 3580 1770
5290 4350 3590 1760
5290 4350 3580 1760
5290 4350 3580 1760
5290 4350 3580 1770
5300 4350 3580 1760
5300 4350 3580 1750
5310 4350 3580 1750
5310 4350 3590 1760
5300 4350 3600 1760
5300 4350 3600 1750
5300 4350 3600 1750
5300 4350 3590 1740
5300 4350 3590 1740
5300 4350 3590 1740
5290 4350 3580 1750
5290 4350 3580 1750
5290 4350 3580 1770
5290 4350 3580 1770
5290 4350 3580 1750
5290 4340 3590 1760
5290 4350 3590 1760
5300 4350 3590 1760
5300 4340 3580 1770
5300 4340 3580 1760
5310 4340 3580 1750
5310 4340 3580 1770
5310 4340 3580 1760
5310 4340 3580 1770
5300 4350 3590 1760
5320 4350 3580 1770
5310 4350 3580 1780
5310 4350 3580 1780
5310 4350 3590 1760
5310 4350 3590 1770
5310 4360 3590 1760
5320 4340 3590 1780
5320 4340 3580 1780
5320 4350 3580 1780
5310 4350 3580 1770
5310 4340 3580 1780
5310 4340 3580 1770
5310 4350 3580 1770
5310 4350 3580 1770
5320 4350 3580 1770
5310 4350 3580 1760
5300 4350 3580 1760
5300 4350 3580 1760
5310 4350 3580 1770
5320 4350 3580 1760
5310 4340 3570 1770
5310 4340 3570 1770
5310 4340 3570 1770
5310 4340 3570 1770
5310 4350 3580 1760
5310 4360 3580 1760
5310 4350 3580 1750
5320 4350 3580 1750
5320 4350 3580 1750
5320 4350 3590 1740
5310 4350 3580 1750
5310 4350 3580 1760
5300 4340 3580 1750
5300 4350 3590 1750
5300 4350 3590 1760
5300 4350 3580 1770
5300 4360 3570 1780
5300 4360 3570 1770
5310 4350 3570 1760
