5710 4810 3540 1580
5710 4810 3540 1580
5710 4810 3540 1580
5720 4810 3540 1580
5710 4800 3540 1580
5710 4810 3530 1580
5710 4810 3530 1580
5710 4810 3530 1580
5710 4810 3530 1570
5710 4810 3530 1570
5710 4820 3530 1570
5710 4820 3530 1570
5710 4810 3530 1570
5700 4800 3530 1570
5710 4800 3530 1580
5710 4810 3530 1580
5710 4810 3540 1590
5710 4810 3540 1590
5710 4810 3530 1590
5700 4810 3540 1590
5710 4810 3540 1590
5700 4810 3530 1600
5710 4810 3540 1600
5710 4810 3540 1590
5710 4810 3540 1590
5710 4810 3550 1590
5700 4820 3550 1580
5700 4820 3550 1580
5700 4820 3540 1580
5710 4810 3540 1580
5700 4810 3540 1580
5700 4810 3540 1580
5700 4810 3540 1580
5700 4810 3540 1590
5700 4810 3530 1590
5700 4810 3530 1590
5710 4810 3530 1590
5700 4810 3530 1590
5700 4810 3530 1600
5710 4810 3540 1590
5710 4800 3540 1600
5700 4800 3540 1590
5700 4800 3540 1590
5710 4800 3540 1600
5720 4800 3540 1600
5720 4800 3540 1580
5710 4810 3540 1580
5710 4800 3540 1580
5710 4800 3530 1580
5700 4800 3530 1580
5700 4790 3530 1580
5700 4790 3530 1590
5700 4790 3520 1590
5700 4790 3520 1590
5700 4800 3520 1590
5700 4800 3520 1590
5700 4800 3530 1590
5700 4810 3530 1600
5710 4820 3530 1590
5700 4810 3530 1590
5700 4810 3530 1580
5710 4810 3530 1590
5710 4820 3530 1590
5700 4820 3530 1590
5700 4820 3520 1590
5700 4820 3520 1580
5690 4800 3520 1580
5690 4800 3520 1590
5690 4800 3510 1580
5700 4810 3510 1580
5700 4810 3510 1580
5680 4820 3520 1580
5690 4820 3520 1570
5690 4820 3520 1580
5690 4830 3530 1590
5690 4820 3530 1590
5690 4810 3520 1590
5700 4810 3530 1590
5700 4820 3530 1590
5700 4810 3530 1580
5700 4810 3540 1580
5700 4810 3540 1580
5710 4810 3540 1580
5710 4810 3540 1580
5710 4800 3540 1570
5710 4800 3540 1570
5700 4810 3530 1580
5700 4800 3530 1590
5700 4800 3530 1590
5700 4800 3530 1590
5700 4810 3530 1610
5700 4800 3530 1590
5700 4790 3530 1590
5710 4800 3540 1590
5700 4810 3540 1610
5700 4800 3540 1600
5700 4800 3540 1600
5700 4790 3530 1600
5710 4790 3530 1590
5710 4790 3530 1590
5700 4820 3540 1590
5700 4820 3540 1580
5700 4810 3540 1580
5690 4800 3540 1580
5690 4810 3540 1590
5690 4800 3540 1590
5690 4800 3540 1580
5690 4800 3540 1570
5690 4800 3540 1560
5700 4790 3540 1560
5700 4800 3540 1560
5700 4800 3540 1560
5700 4800 3540 1580
5700 4800 3540 1590
5700 4800 3540 1590
5710 4800 3540 1590
5710 4800 3540 1590
5710 4800 3540 1590
5710 4800 3540 1590
5710 4800 3540 1590
5700 4800 3540 1590
5700 4810 3540 1580
5710 4820 3540 1580
5710 4810 3540 1590
5710 4810 3530 1590
5700 4810 3530 1590
5700 4810 3530 1600
5700 4800 3530 1600
5700 4800 3530 1600
5700 4800 3530 1600
5700 4800 3540 1610
5700 4800 3540 1620
5700 4810 3540 1620
5700 4810 3540 1610
5700 4810 3530 1600
5700 4810 3530 1600
5700 4810 3530 1600
5700 4820 3530 1610
5690 4820 3530 1610
5690 4810 3530 1610
5690 4810 3530 1620
5710 4820 3530 1620
5700 4810 3530 1620
5700 4810 3530 1600
5700 4820 3530 1580
5700 4820 3540 1570
5700 4830 3540 1560
5700 4830 3540 1560
5700 4830 3540 1570
5700 4830 3540 1590
5710 4830 3540 1590
5710 4820 3540 1590
5710 4810 3540 1590
5710 4810 3540 1580
5710 4800 3530 1590
5710 4800 3530 1580
5720 4820 3540 1570
5710 4810 3540 1570
5720 4820 3540 1570
5710 4820 3540 1570
5710 4820 3540 1560
5700 4810 3530 1560
5700 4820 3540 1560
5700 4820 3540 1560
5710 4820 3540 1560
5710 4820 3540 1570
