6050 4700 4020 1110
6050 4710 4020 1100
6050 4700 4020 1110
6060 4680 4020 1120
6060 4690 4020 1120
6050 4680 4020 1120
6040 4710 4030 1130
6040 4710 4030 1120
6040 4700 4020 1120
6040 4690 4020 1120
6040 4690 4020 1110
6040 4680 4030 1110
6030 4680 4030 1110
6040 4690 4030 1100
6040 4680 4030 1100
6050 4680 4030 1100
6050 4700 4030 1100
6050 4680 4030 1100
6050 4680 4030 1100
6040 4690 4030 1100
6050 4690 4030 1100
6060 4690 4030 1100
6050 4670 4040 1110
6050 4690 4040 1100
6040 4680 4040 1100
6040 4680 4040 1100
6040 4680 4040 1100
6040 4680 4030 1100
6040 4680 4030 1100
6040 4680 4030 1110
6040 4680 4030 1110
6040 4680 4030 1110
6040 4690 4030 1110
6040 4690 4030 1110
6040 4670 4030 1100
6040 4670 4030 1100
6050 4680 4030 1100
6040 4680 4030 1090
6040 4680 4030 1090
6040 4690 4030 1090
6040 4690 4030 1100
6040 4690 4030 1100
6050 4690 4030 1100
6060 4700 4030 1090
6050 4710 4030 1090
6040 4710 4030 1080
6040 4710 4020 1080
6030 4710 4020 1090
6030 4700 4020 1100
6040 4710 4020 1100
6050 4700 4020 1100
6030 4680 4030 1110
6030 4690 4020 1100
6020 4680 4020 1100
6030 4680 4020 1110
6040 4680 4030 1110
6050 4680 4030 1110
6050 4670 4030 1110
6050 4660 4030 1110
6050 4650 4030 1110
6050 4650 4030 1120
6050 4650 4030 1100
6030 4670 4030 1100
6040 4680 4030 1100
6050 4690 4030 1100
6060 4680 4030 1100
6050 4680 4030 1110
6050 4670 4030 1120
6050 4660 4030 1120
6050 4680 4030 1120
6050 4680 4030 1120
6050 4680 4030 1110
6050 4680 4030 1120
6040 4680 4030 1130
6040 4680 4030 1110
6040 4680 4030 1110
6040 4670 4020 1110
6030 4660 4020 1110
6020 4650 4020 1110
6030 4660 4020 1110
6030 4670 4020 1120
6050 4680 4010 1120
6040 4670 4020 1130
6040 4660 4020 1130
6040 4680 4020 1130
6050 4680 4020 1130
6040 4670 4010 1140
6040 4670 4010 1140
6030 4680 4010 1130
6030 4690 4010 1120
6030 4700 4020 1100
6040 4700 4010 1100
6040 4700 4010 1100
6040 4700 4010 1110
6050 4710 4020 1100
6050 4710 4020 1100
6040 4710 4010 1110
6030 4700 4010 1110
6030 4700 4010 1110
6050 4710 4010 1110
6050 4720 4010 1110
6050 4690 4010 1120
6050 4690 4010 1120
6050 4690 4010 1120
6060 4680 4010 1130
6070 4690 4010 1130
6070 4680 4010 1120
6060 4670 4010 1110
6060 4660 4010 1110
6060 4660 4010 1110
6050 4670 4010 1110
6050 4680 4010 1110
6050 4680 4010 1100
6050 4680 4020 1120
6040 4690 4020 1110
6040 4680 4020 1100
6040 4680 4020 1100
6040 4680 4020 1100
6040 4690 4020 1090
6040 4700 4020 1100
6050 4700 4010 1100
6060 4690 4020 1110
6060 4690 4020 1110
6060 4680 4020 1100
6050 4680 4020 1100
6050 4680 4010 1110
6050 4690 4010 1100
6050 4680 4010 1110
6050 4670 4010 1110
6050 4680 4020 1110
6040 4680 4010 1110
6050 4660 4010 1110
6050 4670 4010 1110
6050 4660 4020 1110
6040 4670 4030 1110
6040 4670 4030 1110
6040 4660 4030 1110
6040 4670 4030 1100
6040 4660 4030 1110
6040 4680 4030 1110
6050 4670 4030 1110
6050 4660 4030 1120
6060 4660 4030 1120
6050 4650 4030 1110
6060 4650 4030 1110
6050 4670 4020 1100
6050 4660 4010 1100
6060 4660 4010 1100
6060 4650 4010 1110
6060 4650 4010 1110
6050 4680 4010 1110
6050 4690 4020 1110
6050 4690 4020 1100
6050 4680 4020 1110
6040 4680 4020 1110
6030 4670 4020 1110
6030 4670 4010 1120
6040 4680 4010 1130
6040 4680 4010 1130
6040 4690 4010 1130
6030 4690 4020 1130
6030 4680 4040 1140
6020 4680 4030 1150
6040 4690 4030 1140
