5620 4120 4190 1460
5620 4120 4190 1460
5630 4130 4200 1450
5630 4130 4190 1450
5630 4130 4190 1450
5620 4130 4180 1450
5620 4150 4170 1440
5630 4130 4150 1440
5630 4120 4160 1450
5620 4120 4150 1430
5620 4120 4160 1450
5620 4120 4160 1450
5630 4120 4170 1440
5630 4130 4170 1430
5620 4120 4180 1440
5620 4120 4170 1440
5620 4140 4180 1440
5630 4130 4180 1450
5630 4140 4180 1440
5630 4140 4180 1440
5620 4130 4160 1440
5620 4140 4170 1430
5620 4130 4180 1430
5620 4130 4180 1440
5620 4130 4180 1440
5620 4120 4190 1440
5610 4120 4180 1450
5620 4130 4170 1440
5610 4130 4180 1440
5610 4130 4190 1450
5610 4120 4180 1450
5610 4130 4170 1440
5620 4140 4170 1440
5620 4140 4170 1450
5620 4130 4170 1450
5620 4130 4170 1450
5620 4140 4160 1450
5620 4140 4160 1440
5630 4140 4160 1430
5630 4130 4160 1440
5630 4120 4150 1440
5630 4110 4150 1440
5630 4110 4140 1450
5630 4110 4160 1440
5630 4120 4170 1440
5630 4140 4160 1440
5630 4130 4150 1440
5630 4140 4140 1440
5630 4120 4130 1460
5620 4120 4150 1450
5620 4110 4140 1460
5620 4120 4140 1470
5620 4120 4160 1470
5620 4120 4170 1470
5610 4110 4170 1450
5610 4110 4160 1450
5620 4130 4170 1440
5610 4130 4170 1440
5600 4130 4170 1440
5600 4150 4160 1440
5600 4160 4160 1450
5610 4160 4150 1460
5610 4160 4170 1450
5620 4140 4170 1460
5630 4140 4170 1450
5640 4140 4180 1440
5630 4140 4190 1440
5620 4140 4180 1440
5620 4140 4170 1430
5620 4130 4180 1430
5620 4130 4160 1440
5610 4140 4180 1450
5620 4140 4180 1440
5610 4130 4180 1430
5610 4130 4170 1430
5610 4140 4170 1440
5620 4140 4180 1450
5620 4130 4170 1440
5620 4150 4160 1420
5630 4150 4170 1420
5630 4130 4170 1420
5630 4140 4170 1430
5630 4140 4160 1440
5630 4140 4170 1450
5630 4130 4150 1430
5630 4140 4170 1430
5630 4140 4170 1430
5630 4130 4170 1440
5630 4120 4160 1440
5630 4130 4160 1450
5630 4130 4160 1440
5620 4140 4170 1430
5620 4130 4160 1430
5610 4120 4170 1450
5600 4130 4170 1450
5610 4120 4160 1440
5610 4120 4150 1440
5620 4120 4160 1430
5620 4120 4160 1430
5620 4110 4160 1430
5630 4120 4170 1440
5630 4120 4170 1440
5620 4130 4180 1450
5620 4130 4170 1450
5610 4130 4160 1470
5620 4130 4160 1470
5620 4150 4170 1450
5620 4150 4150 1450
5620 4130 4160 1460
5620 4120 4170 1460
5620 4110 4160 1440
5620 4110 4160 1440
5640 4120 4160 1440
5630 4130 4180 1450
5630 4120 4180 1450
5630 4120 4180 1460
5620 4120 4170 1470
5620 4120 4180 1450
5610 4120 4170 1450
5610 4140 4170 1450
5610 4130 4180 1440
5610 4120 4170 1440
5610 4120 4170 1450
5610 4110 4160 1440
5610 4110 4160 1440
5600 4120 4160 1440
5600 4120 4160 1440
5600 4130 4160 1440
5600 4130 4160 1440
5610 4120 4160 1440
5620 4130 4170 1450
5630 4120 4170 1440
5630 4120 4170 1460
5630 4120 4180 1440
5620 4130 4170 1440
5610 4130 4170 1440
5610 4130 4170 1440
5620 4130 4170 1450
5620 4140 4170 1450
5610 4140 4160 1450
5610 4130 4170 1440
5610 4130 4170 1450
5620 4140 4160 1440
5620 4150 4160 1440
5620 4140 4150 1440
5620 4140 4160 1440
5620 4150 4170 1450
5620 4150 4170 1440
