5280 3720 4340 1810
5290 3700 4340 1780
5290 3700 4340 1770
5290 3700 4340 1800
5280 3700 4340 1810
5280 3710 4340 1780
5290 3700 4350 1780
5300 3700 4350 1780
5290 3700 4350 1780
5290 3700 4350 1810
5290 3720 4360 1800
5290 3720 4360 1780
5290 3720 4360 1800
5290 3720 4350 1800
5290 3710 4340 1800
5290 3710 4340 1800
5290 3710 4340 1810
5280 3710 4340 1800
5290 3710 4340 1770
5290 3710 4340 1800
5290 3710 4340 1800
5280 3720 4340 1820
5280 3720 4350 1820
5280 3720 4340 1810
5280 3730 4340 1810
5290 3740 4340 1810
5300 3740 4340 1780
5290 3740 4340 1780
5290 3750 4340 1760
5270 3740 4340 70
5280 3740 4350 1760
5280 3730 4350 1780
5280 3730 4350 1800
5290 3720 4350 1800
5290 3720 4350 1810
5290 3720 4350 1810
5290 3720 4340 1800
5280 3730 4340 1810
5280 3730 4340 1800
5270 3730 4350 1780
5270 3730 4360 1800
5270 3730 4360 1800
5270 3730 4360 1800
5270 3730 4350 1800
5280 3720 4350 1780
5280 3720 4350 1780
5290 3720 4350 1780
5290 3730 4340 1780
5280 3730 4350 1780
5280 3720 4350 1770
5280 3720 4350 1800
5280 3720 4350 1780
5280 3720 4350 1770
5280 3710 4350 1780
5290 3710 4360 1800
5280 3720 4360 1780
5280 3720 4360 1780
5270 3720 4350 1770
5280 3720 4340 1780
5280 3720 4350 1800
5290 3720 4350 1780
5290 3720 4350 1780
5290 3730 4340 1780
5290 3720 4340 1770
5290 3720 4340 1770
5280 3720 4340 1770
5270 3720 4340 1770
5270 3720 4340 1770
5270 3720 4350 1770
5260 3720 4350 1770
5260 3710 4350 1770
5270 3720 4350 1800
5270 3730 4350 1800
5270 3730 4350 1800
5270 3730 4350 1780
5270 3720 4360 1770
5270 3720 4350 1770
5270 3720 4350 1770
5270 3720 4350 1770
5270 3710 4350 1770
5270 3710 4360 1780
5270 3710 4350 1800
5280 3710 4350 1800
5280 3720 4350 1780
5290 3720 4350 1760
5280 3720 4350 1760
5280 3730 4350 1770
5270 3720 4350 1780
5270 3720 4350 1780
5270 3720 4350 1800
5260 3720 4350 1800
5260 3730 4350 1810
5260 3720 4350 1810
5270 3720 4340 1810
5270 3710 4340 1810
5260 3710 4340 1780
5260 3720 4340 1780
5260 3730 4340 70
5270 3730 4350 1770
5270 3720 4350 1760
5270 3720 4350 1770
5260 3730 4350 1760
5260 3720 4350 1770
5270 3720 4350 1780
5280 3720 4340 1770
5280 3720 4340 1770
5280 3720 4350 1780
5280 3720 4350 1780
5280 3720 4350 1780
5280 3720 4350 1780
5280 3720 4350 1780
5280 3720 4350 1800
5280 3720 4350 1800
5280 3720 4350 1780
5270 3720 4340 1780
5270 3720 4340 1800
5270 3720 4340 1780
5280 3720 4340 1780
5270 3720 4340 1780
5280 3720 4340 1800
5280 3730 4340 1780
5270 3720 4340 1760
5280 3710 4340 1750
5280 3700 4340 1750
5270 3700 4340 1760
5270 3700 4340 1780
5270 3700 4340 1800
5270 3700 4340 1820
5280 3700 4340 1810
5280 3690 4340 1800
5280 3670 4340 1780
5270 3650 4340 1780
5260 3690 4340 1800
5260 3700 4340 1810
5260 3710 4340 1800
5260 3710 4340 1780
5260 3730 4350 1770
5260 3740 4340 1780
5270 3720 4340 1800
5270 3720 4350 1780
5270 3720 4350 1800
5270 3720 4350 1800
5280 3720 4340 1800
5280 3710 4340 1810
5270 3720 4350 1800
5270 3720 4350 1780
5270 3720 4340 1770
5270 3710 4340 1770
5270 3700 4340 1770
5280 3700 4340 1770
5280 3710 4350 1770
5270 3720 4350 1770
5270 3710 4350 1750
5270 3700 4350 1770
5270 3700 4350 1800
5270 3720 4350 1780
5270 3720 4350 1780
5270 3720 4350 1770
5270 3720 4350 1770
5270 3700 4350 1780
5260 3670 4340 1800
5270 3650 4340 1810
5270 3670 4350 1800
5270 3680 4340 1770
5270 3700 4340 1800
5290 3710 4340 1780
5270 3700 4350 1780
5280 3700 4350 1780
5280 3700 4350 1780
5280 3710 4350 1770
5280 3700 4350 1780
5270 3720 4340 1780
5270 3730 4340 1800
5280 3720 4340 1780
5270 3730 4340 1800
5270 3720 4340 1770
5270 3730 4350 1770
5270 3720 4350 1780
5270 3720 4350 1760
5280 3720 4350 1770
5270 3720 4350 1780
5260 3710 4350 1770
5250 3710 4350 1780
5250 3700 4350 1800
5260 3690 4340 1810
5260 3690 4340 1800
5270 3710 4350 1800
5270 3700 4350 1810
5260 3690 4350 1760
5260 3690 4350 1760
5260 3690 4340 1760
