4990 3200 4520 2200
5000 3230 4520 2200
5010 3230 4510 2210
5000 3230 4520 2220
5000 3220 4520 2210
5000 3230 4520 2210
5000 3230 4520 2210
5000 3230 4530 2210
5010 3230 4530 2220
5010 3240 4520 2210
5010 3220 4520 2200
5020 3210 4520 2200
5020 3210 4520 2200
5010 3200 4530 2200
5010 3210 4530 2210
5000 3210 4530 2230
4990 3210 4530 2220
5010 3240 4520 2200
5000 3240 4530 2210
4990 3240 4530 2210
4990 3230 4520 2220
4990 3210 4520 2200
5000 3220 4520 2200
5000 3230 4510 2190
5000 3230 4510 2190
5000 3220 4520 2190
5000 3220 4500 2200
5000 3220 4500 2200
5000 3210 4500 2200
5000 3210 4510 2200
5000 3220 4520 2210
5000 3230 4520 2210
4990 3240 4520 2220
5000 3240 4530 2210
5000 3230 4530 2210
5000 3240 4530 2220
5000 3220 4530 2220
4990 3210 4530 2210
4990 3210 4520 2200
5000 3200 4530 2190
5000 3220 4530 2180
5000 3210 4530 2200
5000 3200 4530 2200
5010 3210 4530 2200
5010 3210 4520 2200
5000 3210 4530 2200
5000 3210 4530 2190
5000 3200 4530 2190
4990 3200 4530 2180
5000 3210 4540 2180
4990 3210 4530 2180
4980 3220 4530 2190
4980 3210 4530 2190
4970 3200 4520 2190
4970 3210 4520 2190
4990 3220 4520 2190
4990 3220 4520 2200
4990 3220 4520 2190
4990 3220 4520 2190
5000 3220 4510 2200
5000 3210 4510 2210
5000 3210 4520 2200
5010 3210 4530 2210
5010 3210 4530 2210
5010 3220 4530 2210
5010 3210 4530 2210
5020 3200 4530 2220
5010 3200 4530 2210
5020 3200 4520 2210
5010 3220 4520 2210
5010 3220 4530 2200
5010 3230 4530 2200
5020 3230 4530 2200
5030 3220 4530 2200
5020 3230 4530 2200
5020 3220 4530 2200
5030 3210 4530 2190
5030 3210 4530 2190
5030 3210 4530 2190
5030 3210 4530 2190
5020 3210 4530 2190
5010 3200 4530 2190
5010 3210 4530 2210
5020 3210 4530 2200
5010 3220 4530 2200
5010 3220 4540 2190
5010 3220 4540 2190
5010 3210 4540 2190
5010 3220 4540 2200
5000 3210 4540 2210
5010 3210 4530 2200
5010 3220 4530 2200
5010 3230 4530 2200
5010 3230 4530 2200
5020 3210 4540 2200
5030 3190 4540 2210
5020 3200 4550 2200
5010 3200 4540 2200
4990 3200 4540 2190
4990 3220 4540 2190
5000 3230 4540 2200
5000 3230 4520 2190
5000 3230 4520 2180
5000 3210 4520 2200
4990 3200 4520 2200
4990 3220 4520 2200
4990 3210 4530 2190
4990 3200 4530 2190
5010 3200 4530 2190
