4730 2780 4730 2660
4740 2790 4730 2650
4730 2800 4720 2650
4720 2800 4720 2660
4720 2790 4720 2660
4720 2780 4730 2660
4730 2790 4730 2670
4730 2800 4730 2660
4730 2800 4730 2660
4730 2790 4730 2650
4720 2790 4730 2660
4710 2800 4730 2660
4710 2800 4740 2670
4720 2800 4730 2670
4720 2790 4730 2670
4730 2800 4730 2680
4730 2800 4730 2670
4720 2790 4730 2660
4730 2770 4720 2660
4740 2770 4720 2660
4740 2780 4720 2660
4730 2780 4720 2660
4730 2790 4730 2660
4730 2790 4730 2660
4730 2780 4730 2640
4730 2780 4730 2650
4730 2780 4730 2650
4740 2780 4730 2650
4720 2780 4730 2660
4720 2780 4730 2650
4730 2790 4730 2650
4730 2780 4730 2650
4710 2770 4730 2660
4730 2770 4730 2650
4720 2780 4730 2650
4710 2780 4720 2650
4720 2780 4720 2650
4720 2790 4720 2660
4710 2790 4720 2670
4720 2790 4720 2670
4710 2800 4720 2660
4720 2810 4720 2660
4720 2800 4720 2660
4720 2800 4720 2670
4720 2810 4720 2670
4730 2810 4710 2670
4720 2800 4720 2670
4720 2800 4720 2670
4710 2790 4720 2660
4720 2790 4720 2670
4730 2800 4720 2670
4720 2790 4720 2660
4720 2800 4720 2660
4710 2800 4720 2650
4720 2800 4710 2650
4720 2800 4720 2650
4720 2800 4720 2650
4720 2800 4720 2650
4730 2800 4720 2670
4730 2800 4720 2670
4710 2800 4720 2670
4720 2800 4720 2660
4730 2800 4720 2660
4730 2800 4720 2660
4720 2800 4720 2660
4720 2800 4720 2660
4720 2810 4720 2660
4730 2810 4720 2670
4720 2800 4730 2660
4730 2800 4730 2650
4730 2800 4730 2660
4730 2790 4730 2660
4730 2770 4730 2660
4730 2770 4730 2660
4730 2770 4730 2660
4730 2770 4720 2670
4730 2770 4720 2670
4730 2770 4720 2670
4730 2790 4720 2680
4730 2780 4720 2670
4730 2780 4720 2660
4720 2780 4720 2650
4730 2790 4720 2650
4720 2790 4710 2660
4730 2780 4720 2660
4730 2780 4720 2660
4720 2780 4720 2660
4710 2780 4720 2660
4710 2780 4710 2660
4710 2780 4710 2650
4710 2790 4720 2660
4710 2800 4730 2660
4710 2790 4740 2660
4710 2780 4730 2650
4710 2790 4730 2640
4720 2790 4730 2650
4720 2790 4730 2650
4710 2810 4730 2650
4720 2810 4730 2650
4730 2820 4730 2660
4730 2810 4730 2650
4730 2810 4730 2660
4730 2810 4740 2660
4730 2810 4740 2660
4740 2830 4740 2660
4730 2830 4730 2660
4730 2820 4730 2650
4730 2830 4730 2660
4730 2810 4740 2660
4730 2810 4740 2660
4710 2800 4740 2650
4710 2800 4730 2660
4710 2830 4730 2660
4720 2830 4720 2670
4720 2830 4730 2670
4720 2830 4730 2660
4730 2820 4730 2660
4720 2800 4720 2650
4720 2790 4720 2650
4720 2790 4720 2660
4710 2790 4720 2660
4710 2800 4720 2650
4720 2800 4720 2650
4720 2810 4720 2660
4730 2810 4730 2650
4730 2800 4730 2650
4730 2800 4730 2660
4740 2790 4730 2650
4740 2790 4730 2650
4740 2800 4730 2650
4740 2800 4730 2650
4740 2800 4730 2670
4730 2800 4740 2660
4730 2800 4730 2660
4730 2800 4720 2650
4720 2800 4710 2660
4720 2800 4710 2660
4740 2790 4710 2660
4740 2780 4710 2660
4740 2800 4710 2660
4740 2790 4710 2670
4740 2790 4710 2670
4740 2790 4710 2660
4720 2790 4710 2660
4710 2790 4710 2650
4710 2790 4710 2650
4710 2790 4700 2650
4710 2790 4700 2660
4710 2790 4710 2650
4720 2790 4720 2640
4710 2790 4720 2640
4720 2790 4710 2650
4730 2800 4710 2660
4730 2800 4710 2660
4730 2800 4710 2660
4720 2800 4710 2650
4710 2800 4710 2660
4710 2800 4710 2670
4720 2810 4710 2670
4720 2810 4710 2660
4720 2810 4710 2660
4710 2800 4710 2660
