4410 2380 5020 3230
4400 2380 5020 3230
4410 2380 5020 3230
4410 2380 5020 3220
4410 2380 5020 3210
4400 2380 5020 3210
4410 2380 5010 3210
4400 2390 5010 3210
4400 2390 5010 3210
4410 2380 5020 3220
4410 2390 5020 3220
4410 2390 5020 3240
4410 2380 5020 3240
4410 2390 5020 3240
4400 2360 5020 3230
4400 2370 5020 3230
4400 2380 5010 3240
4400 2390 5010 3220
4410 2380 5020 3230
4400 2370 5030 3230
4390 2380 5030 3230
4390 2380 5030 3230
4390 2370 5030 3230
4390 2360 5020 3230
4390 2360 5020 3230
4380 2370 5030 3240
4390 2370 5030 3240
4400 2360 5030 3240
4410 2370 5020 3230
4400 2380 5020 3240
4410 2370 5020 3230
4420 2360 5020 3230
4410 2360 5020 3220
4400 2370 5020 3210
4410 2370 5020 3210
4400 2370 5020 3200
4400 2370 5020 3200
4400 2360 5010 3210
4410 2370 5010 3210
4400 2360 5010 3220
4400 2370 5010 3220
4400 2360 5010 3220
4400 2360 5020 3220
4410 2370 5020 3220
4400 2370 5030 3220
4410 2380 5020 3220
4410 2380 5020 3220
4400 2380 5020 3220
4400 2380 5030 3220
4410 2380 5020 3210
4410 2380 5020 3210
4410 2380 5020 3220
4420 2370 5020 3230
4420 2370 5020 3230
4420 2380 5030 3220
4420 2380 5020 3220
4420 2380 5020 3220
4410 2380 5020 3220
4400 2380 5020 3230
4400 2380 5020 3230
4400 2390 5020 3230
4400 2380 5020 3230
4400 2390 5030 3230
4420 2390 5020 3230
4420 2390 5020 3220
4410 2380 5030 3230
4390 2380 5020 3240
4390 2360 5020 3230
4410 2370 5020 3230
4410 2370 5020 3230
4400 2360 5010 3230
4400 2360 5030 3230
4410 2380 5020 3230
4410 2370 5020 3230
4410 2360 5020 3240
4410 2360 5020 3230
4400 2360 5020 3220
4400 2370 5020 3230
4400 2360 5020 3230
4400 2370 5020 3240
4390 2370 5020 3230
4390 2380 5020 3230
4400 2370 5020 3230
4400 2380 5010 3230
4390 2380 5020 3220
4390 2380 5020 3230
4390 2380 5010 3240
4400 2370 5000 3240
4420 2370 5010 3240
4420 2370 5010 3240
4420 2380 5030 3240
4430 2370 5020 3240
4430 2360 5020 3240
4430 2360 5020 3230
4420 2360 5020 3230
4400 2360 5020 3230
4410 2360 5020 3230
4420 2350 5030 3240
4420 2360 5020 3240
4420 2370 5020 3240
4420 2370 5020 3240
4410 2370 5020 3240
4410 2370 5020 3240
4400 2370 5020 3240
4400 2370 5020 3240
4400 2360 5030 3240
4400 2370 5020 3240
4420 2360 5010 3230
4410 2370 5010 3230
4410 2370 5010 3220
4420 2370 5010 3220
4420 2380 5010 3230
4410 2380 5020 3230
4410 2380 5030 3230
4400 2380 5020 3230
4400 2370 5020 3230
4410 2370 5030 3240
4410 2380 5030 3240
4420 2380 5020 3240
4410 2370 5010 3240
4410 2370 5020 3240
4420 2370 5020 3240
4420 2380 5020 3240
4430 2380 5020 3240
4420 2370 5020 3230
4420 2370 5020 3240
4420 2370 5020 3250
4410 2370 5020 3240
4410 2370 5020 3240
4410 2370 5020 3230
4410 2370 5020 3230
4410 2380 5020 3230
4400 2370 5020 3230
4390 2370 5020 3240
4390 2370 5020 3230
4400 2380 5030 3240
4410 2390 5020 3230
4400 2380 5020 3220
4400 2380 5020 3220
4400 2390 5010 3230
4410 2380 5010 3230
4410 2380 5010 3230
4420 2360 5010 3230
4410 2360 5010 3230
4410 2370 5010 3230
4410 2380 5020 3230
4410 2390 5020 3230
4400 2380 5020 3230
4400 2370 5020 3220
4420 2350 5020 3220
4420 2350 5020 3220
4420 2360 5020 3220
4410 2370 5020 3220
4420 2360 5020 3230
4420 2350 5010 3230
4420 2340 5020 3230
4420 2360 5020 3240
4420 2370 5020 3240
4430 2370 5020 3240
4420 2380 5020 3240
4420 2370 5030 3250
4400 2370 5010 3230
4400 2370 5020 3230
4400 2370 5020 3230
4400 2370 5020 3230
4400 2370 5020 3230
4390 2370 5020 3230
4390 2360 5020 3230
4390 2370 5020 3230
4400 2370 5020 3230
4410 2360 5020 3230
4400 2350 5020 3240
4410 2350 5020 3240
4410 2360 5020 3250
4410 2370 5020 3240
4410 2360 5020 3240
4400 2370 5020 3240
4400 2380 5020 3240
4400 2360 5020 3240
4400 2360 5030 3240
4400 2350 5020 3240
4410 2360 5010 3240
4430 2360 5010 3240
4440 2370 5010 3240
4440 2360 5010 3240
4430 2360 5010 3240
4410 2360 5010 3240
4410 2370 5010 3240
4430 2360 5010 3240
4430 2360 5010 3240
4410 2360 5010 3240
4410 2370 5000 3230
4410 2370 5000 3230
4420 2370 5000 3220
4420 2360 5020 3220
4420 2350 5020 3220
4410 2340 5020 3220
4400 2330 5030 3220
4400 2350 5020 3220
4410 2350 5010 3220
4400 2350 5020 3230
4400 2340 5020 3230
4410 2360 5020 3230
4400 2360 5030 3230
4410 2350 5020 3230
4400 2360 5020 3240
4410 2360 5020 3240
4400 2360 5020 3230
4390 2360 5020 3230
4390 2360 5020 3230
4400 2370 5010 3230
4400 2360 5010 3230
4410 2350 5020 3230
4390 2350 5020 3230
4390 2360 5020 3240
4410 2370 5020 3240
4400 2370 5020 3240
4420 2380 5020 3230
4420 2380 5020 3230
4410 2360 5020 3220
4400 2370 5020 3230
