3570 5710 1710 4640
3560 5710 1710 4650
3550 5720 1700 4660
3530 5720 1700 4670
3500 5710 1700 4660
3510 5700 1700 4640
3520 5700 1710 4640
3500 5720 1710 4650
3500 5720 1700 4650
3490 5720 1690 4650
3490 5720 1700 4640
3490 5720 1700 4640
3490 5720 1710 4640
3490 5710 1710 4650
3490 5710 1710 4650
3480 5700 1710 4650
3470 5720 1710 4660
3480 5710 1710 4660
3470 5710 1710 4640
3490 5720 1710 4640
3500 5710 1720 4650
3500 5710 1720 4650
3520 5700 1710 4640
3520 5700 1710 4630
3530 5700 1720 4630
3530 5700 1720 4620
3540 5700 1720 4640
3540 5710 1720 4650
3550 5710 1710 4630
3550 5710 1710 4630
3540 5710 1710 4640
3540 5710 1710 4640
3540 5710 1710 4660
3530 5710 1720 4660
3510 5700 1720 4660
3510 5700 1720 4650
3510 5700 1720 4650
3490 5710 1720 4650
3490 5710 1710 4630
3490 5720 1710 4620
3500 5720 1710 4620
3500 5730 1710 4630
3500 5730 1710 4620
3500 5730 1710 4620
3520 5740 1710 4610
3520 5730 1710 4610
3530 5730 1710 4610
3540 5730 1710 4620
3540 5720 1710 4610
3530 5720 1700 4610
3540 5720 1690 4620
3540 5710 1700 4620
3540 5710 1700 4620
3530 5720 1700 4620
3520 5730 1700 4620
3520 5720 1700 4610
3520 5730 1700 4620
3520 5730 1710 4620
3520 5720 1710 4620
3530 5710 1710 4640
3530 5700 1710 4630
3530 5700 1710 4640
3530 5700 1710 4630
3530 5700 1710 4640
3530 5700 1710 4640
3540 5700 1710 4630
3540 5700 1700 4630
3540 5710 1690 4620
3540 5710 1700 4610
3540 5710 1710 4620
3540 5710 1700 4610
3540 5700 1700 4610
3540 5700 1700 4610
3540 5710 1700 4610
3540 5700 1700 4620
3550 5700 1700 4630
3550 5700 1710 4620
3550 5700 1690 4630
3550 5700 1680 4630
3550 5700 1680 4640
3540 5700 1680 4630
3540 5690 1670 4640
3540 5690 1680 4640
3540 5690 1680 4630
3540 5690 1690 4620
3540 5700 1700 4640
3530 5710 1700 4620
3530 5700 1700 4620
3540 5700 1710 4630
3540 5700 1710 4630
3540 5700 1710 4630
3550 5700 1710 4640
3540 5700 1690 4640
3540 5690 1690 4640
3540 5690 1690 4640
3540 5690 1690 4650
3550 5690 1690 4640
3550 5700 1700 4640
3550 5700 1700 4650
3550 5690 1700 4650
3550 5690 1690 4640
3550 5690 1680 4640
3550 5690 1680 4640
3550 5690 1680 4640
3540 5700 1690 4640
3540 5700 1700 4640
3540 5700 1710 4630
3540 5700 1690 4630
3550 5700 1700 4630
3550 5700 1700 4620
3550 5700 1700 4610
3550 5700 1700 4620
3550 5700 1700 4620
3540 5710 1700 4630
3540 5700 1690 4620
3540 5710 1690 4630
3540 5710 1700 4610
3540 5710 1700 4630
3540 5700 1700 4610
3550 5710 1690 4620
3560 5700 1680 4610
3550 5700 1680 4620
3550 5700 1690 4630
3560 5700 1690 4630
3560 5700 1700 4630
3550 5700 1700 4630
3550 5700 1710 4630
3570 5700 1710 4620
3570 5710 1710 4620
3570 5720 1720 4630
3570 5720 1720 4620
3560 5710 1710 4610
3560 5700 1700 4620
3540 5700 1690 4640
3530 5700 1690 4640
3540 5700 1680 4630
3530 5700 1690 4630
3540 5700 1700 4630
3540 5700 1700 4630
3540 5720 1700 4620
3520 5720 1690 4630
3520 5720 1690 4630
3520 5720 1690 4630
3520 5720 1690 4640
3510 5710 1700 4640
3500 5710 1700 4640
3500 5710 1690 4640
3500 5710 1690 4640
3500 5710 1700 4640
3490 5710 1700 4640
3490 5710 1710 4630
3510 5700 1710 4620
3520 5700 1700 4620
3520 5700 1700 4610
3530 5700 1710 4620
3520 5700 1700 4620
3520 5700 1700 4610
3520 5700 1700 4620
3520 5700 1690 4620
3530 5700 1690 4630
3530 5690 1690 4640
3540 5700 1690 4640
3550 5700 1690 4630
3550 5700 1690 4630
3550 5700 1700 4640
3550 5700 1710 4640
3550 5700 1710 4640
3560 5700 1700 4640
3550 5700 1700 4640
3550 5700 1700 4640
3550 5700 1700 4640
3560 5710 1700 4630
3560 5710 1700 4630
3560 5700 1690 4640
3550 5700 1690 4640
3550 5700 1690 4640
3550 5700 1700 4650
3540 5710 1700 4650
3540 5710 1710 4650
3540 5710 1700 4640
3540 5700 1690 4630
3540 5700 1700 4630
3520 5710 1700 4640
3520 5700 1690 4640
3510 5700 1690 4640
3500 5690 1690 4630
3500 5710 1700 4630
3490 5710 1700 4640
3490 5700 1710 4640
3480 5710 1700 4640
3480 5700 1700 4630
3490 5700 1700 4630
3520 5700 1700 4640
3520 5700 1700 4620
3530 5700 1700 4630
3530 5690 1680 4630
3540 5700 1690 4630
3550 5710 1690 4640
3540 5710 1690 4630
3530 5710 1690 4640
3530 5720 1680 4640
3520 5720 1690 4640
3520 5710 1680 4640
3520 5710 1700 4640
3520 5710 1700 4640
3530 5710 1710 4650
3530 5710 1710 4640
3540 5710 1700 4640
3550 5710 1700 4650
3550 5710 1700 4650
3550 5710 1690 4650
3550 5710 1710 4650
3550 5700 1700 4650
3540 5690 1700 4650
3540 5690 1690 4650
3550 5690 1690 4640
3550 5700 1700 4640
3540 5700 1710 4640
3540 5700 1710 4650
3540 5690 1700 4650
3540 5690 1690 4650
3540 5690 1690 4640
3540 5690 1690 4630
3540 5680 1680 4630
3540 5690 1690 4630
3540 5700 1690 4620
3540 5700 1690 4620
3540 5700 1690 4620
3550 5710 1700 4640
3550 5710 1690 4640
3540 5710 1700 4640
3540 5710 1700 4650
3550 5710 1710 4640
3550 5700 1710 4640
3550 5710 1700 4640
3550 5710 1690 4640
3530 5720 1700 4640
3520 5730 1690 4630
3520 5720 1700 4640
3510 5710 1700 4650
3510 5710 1690 4640
3500 5710 1690 4640
3490 5710 1690 4650
3480 5700 1700 4640
3480 5710 1700 4640
3490 5710 1700 4650
3490 5710 1710 4650
3490 5710 1700 4650
3480 5710 1700 4670
3470 5710 1700 4660
3460 5710 1710 4650
3470 5710 1710 4650
3480 5710 1690 4660
3490 5710 1680 4650
