4200 1950 5300 3670
4200 1960 5300 3670
4200 1960 5300 3680
4210 1960 5300 3680
4210 1960 5300 3680
4210 1960 5310 3680
4220 1960 5310 3680
4210 1960 5310 3670
4210 1950 5310 3680
4220 1970 5310 3680
4220 1980 5310 3670
4220 1970 5300 3670
4220 1970 5300 3670
4230 1970 5300 3670
4220 1970 5310 3680
4200 1950 5310 3670
4210 1950 5310 3670
4220 1960 5320 3670
4220 1970 5310 3680
4200 1990 5310 3680
4210 1990 5300 3680
4220 1990 5300 3690
4220 1980 5300 3680
4210 1980 5310 3670
4200 1990 5300 3670
4220 1980 5300 3680
4230 1990 5300 3680
4230 1990 5310 3680
4220 2000 5320 3680
4220 1990 5330 3680
4220 1990 5330 3680
4210 1980 5330 3680
4200 1990 5320 3680
4210 1990 5320 3680
4210 2000 5320 3690
4220 1990 5320 3690
4230 1990 5310 3680
4230 2000 5300 3690
4230 2000 5300 3690
4220 1990 5300 3680
4220 1990 5310 3680
4220 1980 5310 3680
4220 1980 5310 3680
4220 1970 5310 3680
4220 1980 5310 3680
4210 1990 5310 3680
4200 1990 5300 3680
4200 1970 5290 3670
4210 1980 5290 3650
4230 1980 5290 3670
4220 1970 5290 3650
4210 1970 5290 3650
4200 1970 5290 3650
4210 1970 5290 3670
4220 1980 5290 3670
4230 2000 5290 3670
4210 2010 5300 3670
4220 2010 5300 3670
4220 2010 5310 3670
4210 2020 5310 3670
4210 2010 5310 3670
4210 1990 5310 3670
4210 1990 5310 3670
4220 2000 5310 3670
4220 1980 5310 3670
4200 1980 5300 3650
4190 1990 5310 3670
4200 1980 5310 3670
4200 1980 5310 3650
4190 1990 5310 3650
4190 1990 5310 3650
4200 1990 5320 3670
4200 1990 5320 3670
4210 1980 5320 3670
4220 1980 5310 3670
4220 1970 5300 3680
4220 1970 5300 3690
4220 1970 5300 3690
4210 1970 5300 3690
4220 1980 5300 3690
4220 1980 5300 3690
4210 1990 5320 3680
4200 1980 5320 3680
4210 1990 5310 3680
4200 1980 5300 3680
4210 1970 5300 3680
4190 1970 5300 3670
4190 1970 5300 3650
4190 1970 5300 3640
4180 1980 5300 3630
4200 1970 5300 3630
4190 1970 5300 3640
4190 1980 5300 3640
4210 1980 5300 3640
4200 1980 5300 3640
4200 1980 5310 3670
4200 1990 5310 3670
4190 1980 5310 3680
4190 1980 5300 3680
4190 1980 5300 3680
4190 1970 5300 3670
4200 1970 5300 3670
4220 1970 5290 3670
4210 1970 5300 3680
4220 1970 5310 3680
4190 1980 5310 3680
4200 1990 5300 3680
4210 1990 5300 3680
4220 1990 5300 3680
4210 1980 5300 3680
4220 1990 5300 3680
4220 1990 5300 3680
4220 1990 5310 3670
4220 1980 5310 3670
4220 1990 5310 3670
4220 1990 5310 3670
4220 1980 5310 3680
4220 1970 5310 3680
4220 1970 5310 3680
4220 1980 5310 3680
4200 1980 5310 3680
