4070 1630 5700 4120
4080 1630 5700 4120
4080 1640 5710 4120
4080 1640 5710 4110
4080 1630 5710 4110
4080 1620 5710 4110
4080 1620 5710 4110
4070 1620 5710 4110
4060 1620 5710 4110
4060 1630 5710 4110
4050 1610 5710 4120
4060 1600 5710 4120
4060 1620 5710 4120
4070 1620 5710 4120
4070 1620 5710 4130
4070 1630 5700 4130
4060 1640 5710 4140
4060 1640 5710 4130
4060 1630 5700 4130
4070 1640 5700 4130
4070 1630 5700 4130
4070 1620 5700 4130
4070 1620 5700 4120
4080 1610 5700 4110
4100 1610 5700 4100
4100 1610 5700 4110
4090 1610 5700 4110
4070 1600 5700 4110
4070 1600 5700 4120
4070 1620 5700 4130
4070 1630 5700 4130
4070 1640 5710 4120
4070 1650 5710 4120
4070 1650 5710 4130
4060 1660 5710 4120
4080 1640 5710 4120
4060 1640 5710 4110
4070 1640 5710 4110
4080 1640 5710 4120
4080 1650 5710 4120
4080 1640 5710 4120
4080 1640 5710 4120
4080 1650 5710 4110
4070 1650 5710 4110
4060 1640 5710 4110
4060 1640 5710 4110
4060 1630 5710 4100
4070 1640 5710 4110
4060 1650 5710 4110
4060 1640 5710 4120
4060 1640 5710 4120
4060 1630 5710 4120
4060 1640 5710 4130
4060 1640 5710 4120
4060 1630 5710 4120
4050 1620 5710 4110
4060 1640 5710 4120
4050 1640 5710 4120
4060 1640 5710 4120
4060 1640 5710 4120
4050 1640 5710 4120
4050 1640 5710 4120
4060 1640 5710 4120
4070 1640 5710 4120
4080 1650 5710 4120
4080 1640 5700 4130
4080 1630 5700 4130
4080 1640 5710 4130
4080 1640 5700 4130
4080 1640 5700 4130
4080 1630 5700 4120
4080 1630 5700 4120
4070 1650 5700 4130
4070 1650 5700 4120
4070 1650 5700 4120
4070 1640 5720 4120
4070 1640 5720 4120
4060 1640 5710 4120
4070 1640 5710 4110
4080 1640 5710 4120
4080 1640 5720 4120
4080 1660 5720 4110
4080 1650 5720 4100
4090 1650 5720 4100
4080 1640 5720 4100
4070 1640 5720 4100
4080 1640 5710 4100
4070 1630 5700 4100
4070 1630 5700 4100
4080 1630 5700 4090
4080 1630 5700 4100
4080 1630 5700 4090
4080 1630 5710 4100
4080 1630 5710 4100
4080 1640 5710 4110
4090 1660 5710 4110
4090 1660 5710 4110
4080 1660 5710 4110
4090 1640 5720 4120
4080 1630 5720 4130
4090 1630 5720 4130
4090 1630 5710 4120
4080 1620 5710 4120
4070 1610 5710 4120
4070 1620 5700 4120
4080 1630 5700 4120
4080 1630 5700 4110
4080 1630 5700 4110
4070 1630 5690 4110
4070 1620 5690 4120
4080 1620 5690 4120
4080 1620 5690 4120
4090 1630 5690 4110
4090 1630 5690 4110
4090 1630 5690 4110
4080 1640 5710 4120
4080 1640 5700 4120
4080 1650 5700 4120
4090 1650 5700 4130
4070 1650 5710 4120
4070 1630 5710 4120
4070 1620 5710 4110
4070 1620 5710 4110
4050 1620 5710 4120
4050 1620 5710 4120
4060 1620 5710 4110
4060 1630 5710 4110
4050 1630 5710 4110
4060 1630 5710 4120
4080 1620 5700 4110
4080 1620 5700 4110
4090 1620 5700 4100
4080 1630 5700 4100
4080 1630 5700 4110
4070 1630 5700 4120
4070 1620 5710 4120
4070 1640 5720 4110
4070 1640 5720 4100
4060 1640 5720 4100
4060 1640 5710 4100
4070 1630 5720 4110
4070 1630 5720 4110
4070 1630 5720 4120
4060 1630 5720 4130
4060 1630 5720 4120
4060 1630 5710 4120
4060 1630 5710 4120
4070 1630 5710 4110
4070 1630 5730 4110
4080 1640 5730 4110
4070 1650 5720 4120
4070 1650 5720 4120
4070 1650 5730 4120
4070 1650 5730 4100
4070 1640 5720 4090
4070 1640 5720 4090
4070 1640 5720 4100
4070 1650 5720 4110
4060 1650 5710 4120
4060 1640 5720 4120
4070 1620 5710 4130
4070 1630 5710 4130
4070 1630 5710 4120
4070 1620 5700 4120
4070 1610 5700 4110
4070 1620 5700 4120
4070 1630 5700 4120
4060 1630 5700 4120
4060 1630 5700 4120
4070 1640 5700 4120
4090 1640 5700 4110
4080 1630 5700 4110
4080 1640 5710 4110
4080 1640 5710 4120
4070 1650 5710 4120
