3900 1370 6050 4630
3910 1360 6050 4630
3920 1360 6050 4630
3920 1350 6050 4630
3910 1350 6060 4630
3910 1350 6060 4630
3910 1350 6060 4640
3920 1360 6060 4640
3930 1360 6060 4640
3920 1360 6050 4630
3920 1360 6060 4630
3910 1360 6060 4630
3920 1340 6060 4620
3910 1360 6060 4620
3900 1360 6060 4640
3900 1380 6060 4640
3900 1370 6050 4640
3920 1360 6060 4640
3910 1360 6060 4630
3910 1350 6060 4640
3910 1350 6060 4640
3910 1350 6060 4640
3920 1360 6050 4650
3910 1350 6050 4650
3910 1340 6060 4660
3910 1340 6050 4650
3910 1330 6050 4650
3910 1330 6050 4650
3900 1330 6060 4650
3910 1350 6060 4640
3920 1350 6060 4640
3920 1340 6060 4640
3910 1340 6060 4640
3920 1360 6060 4640
3900 1360 6060 4640
3890 1360 6060 4630
3880 1360 6060 4620
3890 1360 6060 4630
3880 1360 6060 4630
3900 1350 6060 4640
3900 1350 6060 4630
3900 1350 6060 4630
3910 1360 6060 4630
3910 1350 6060 4630
3920 1340 6050 4640
3920 1350 6050 4640
3930 1350 6050 4630
3910 1350 6060 4640
3910 1350 6060 4630
3910 1350 6050 4630
3910 1350 6040 4640
3920 1350 6050 4640
3910 1360 6060 4640
3930 1360 6050 4640
3900 1370 6050 4650
3910 1370 6050 4640
3910 1370 6050 4640
3890 1370 6050 4640
3880 1370 6050 4630
3900 1360 6060 4630
3910 1360 6060 4640
3920 1350 6060 4630
3920 1360 6060 4630
3920 1360 6060 4630
3910 1340 6060 4630
3920 1350 6060 4630
3920 1350 6060 4630
3920 1350 6060 4630
3920 1350 6050 4640
3930 1360 6050 4640
3910 1360 6050 4630
3910 1350 6050 4630
3920 1360 6050 4630
3920 1360 6050 4630
3920 1360 6060 4630
3930 1360 6060 4630
3930 1360 6060 4630
3910 1360 6060 4630
3930 1360 6060 4630
3930 1350 6070 4610
3920 1340 6060 4610
3900 1330 6060 4620
3900 1330 6060 4620
3910 1330 6050 4620
3900 1340 6060 4620
3910 1330 6060 4630
3900 1330 6050 4630
3900 1330 6040 4640
3890 1340 6050 4640
3910 1340 6050 4630
3910 1330 6060 4630
3920 1340 6060 4630
3910 1330 6060 4630
3900 1350 6070 4630
3890 1350 6070 4630
3910 1360 6060 4630
3910 1360 6060 4630
3920 1360 6060 4620
3910 1360 6060 4620
3890 1340 6050 4630
3910 1340 6050 4620
3910 1350 6050 4610
3900 1340 6040 4610
3890 1340 6040 4610
3890 1340 6040 4610
3910 1330 6040 4600
3900 1340 6040 4600
3890 1330 6040 4600
3920 1330 6050 4600
3920 1330 6050 4600
3930 1340 6050 4610
3920 1330 6040 4610
3920 1330 6030 4610
3910 1330 6040 4610
3900 1340 6040 4610
3910 1340 6050 4610
3920 1340 6050 4620
3920 1340 6050 4620
3910 1340 6060 4620
3910 1340 6030 4630
3910 1340 6030 4630
3920 1340 6040 4620
3910 1340 6030 4630
3900 1340 6040 4630
3910 1340 6040 4620
3920 1330 6060 4620
3910 1330 6050 4620
3890 1340 6050 4620
3880 1340 6050 4610
3880 1340 6050 4610
3890 1340 6050 4600
