4420 1050 6390 4550
4410 1050 6390 4550
4410 1040 6400 4550
4410 1040 6390 4550
4410 1040 6390 4550
4420 1040 6390 4540
4420 1040 6390 4540
4420 1040 6390 4540
4420 1050 6380 4540
4420 1050 6380 4540
4420 1050 6380 4540
4430 1050 6380 4530
4430 1040 6380 4530
4420 1040 6370 4540
4410 1040 6370 4550
4410 1060 6370 4550
4410 1060 6380 4550
4410 1050 6390 4550
4400 1050 6390 4540
4400 1050 6390 4550
4400 1050 6380 4550
4410 1050 6380 4550
4410 1050 6370 4550
4410 1050 6370 4550
4400 1050 6370 4540
4410 1060 6370 4540
4420 1070 6370 4540
4420 1060 6370 4540
4420 1060 6370 4550
4420 1060 6370 4550
4420 1080 6370 4550
4420 1080 6370 4550
4420 1070 6370 4540
4420 1060 6370 4550
4420 1070 6370 4550
4420 1060 6380 4550
4420 1080 6380 4550
4420 1090 6380 4550
4420 1090 6390 4540
4420 1080 6380 4540
4420 1070 6390 4540
4420 1060 6380 4540
4420 1050 6390 4540
4420 1060 6390 4550
4400 1060 6390 4550
4410 1060 6380 4540
4410 1060 6370 4540
4410 1070 6370 4530
4420 1060 6370 4530
4420 1060 6370 4530
4420 1060 6370 4530
4420 1070 6370 4530
4430 1070 6390 4530
4430 1080 6380 4530
4420 1080 6380 4530
4420 1070 6380 4530
4420 1050 6380 4530
4420 1030 6380 4530
4410 1030 6380 4530
4410 1040 6380 4530
4430 1050 6370 4530
4430 1050 6370 4540
4430 1060 6380 4540
4430 1060 6390 4540
4430 1070 6390 4540
4440 1060 6390 4540
4440 1070 6390 4550
4440 1070 6400 4550
4440 1070 6390 4540
4430 1060 6390 4540
4430 1060 6390 4540
4430 1070 6390 4540
4430 1070 6390 4540
4430 1060 6400 4540
4430 1070 6410 4530
4430 1070 6420 4530
4430 1060 6410 4530
4430 1050 6410 4530
4420 1050 6410 4530
4420 1050 6400 4530
4420 1050 6400 4530
4420 1060 6390 4540
4420 1070 6390 4540
4410 1050 6390 4540
4420 1050 6390 4540
4420 1050 6400 4550
4430 1050 6390 4550
4430 1050 6390 4550
4440 1050 6400 4550
4450 1050 6390 4530
4440 1060 6390 4530
4430 1050 6390 4530
4420 1050 6400 4530
4420 1050 6390 4530
4410 1050 6390 4540
4430 1070 6410 4540
4430 1080 6410 4540
4420 1080 6400 4540
4420 1080 6400 4540
4420 1080 6400 4550
4410 1070 6390 4550
4400 1070 6390 4550
4420 1060 6400 4550
4400 1050 6400 4550
4400 1050 6400 4550
4410 1050 6390 4550
4420 1060 6390 4550
4420 1060 6390 4540
4420 1050 6390 4540
4420 1050 6400 4540
4420 1050 6410 4540
4410 1050 6410 4540
4420 1050 6410 4540
4420 1060 6410 4550
4420 1060 6380 4540
4420 1060 6380 4540
4410 1060 6380 4540
4410 1060 6380 4540
4420 1080 6390 4540
4420 1090 6390 4540
4420 1090 6390 4550
4410 1080 6390 4540
4410 1080 6390 4540
4400 1080 6390 4540
4400 1070 6390 4540
4400 1070 6390 4530
4400 1080 6390 4530
4400 1070 6400 4540
4410 1080 6400 4550
4410 1060 6390 4550
4420 1070 6390 4550
4420 1060 6390 4540
4410 1060 6390 4540
4400 1060 6390 4540
4410 1080 6390 4540
4410 1070 6390 4540
4410 1060 6390 4550
4410 1060 6400 4550
4400 1060 6400 4550
4400 1070 6400 4540
4400 1060 6390 4530
4400 1060 6380 4530
4410 1060 6380 4530
4410 1060 6390 4530
4400 1070 6390 4530
4400 1060 6390 4520
4400 1060 6390 4520
4410 1060 6390 4530
4410 1080 6380 4530
4410 1080 6380 4540
4400 1070 6380 4540
4410 1080 6380 4540
4420 1080 6380 4540
4410 1070 6390 4550
4400 1060 6400 4550
4400 1070 6390 4550
4400 1060 6390 4550
4400 1050 6390 4550
4400 1040 6390 4550
4400 1040 6390 4550
4410 1040 6390 4540
4420 1040 6380 4550
4420 1050 6390 4550
4420 1050 6390 4550
4410 1050 6390 4550
4400 1050 6400 4550
4390 1050 6400 4540
4400 1050 6400 4540
