4480 1360 6040 4000
4490 1360 6030 4000
4490 1350 6020 3990
4490 1340 6020 3990
4500 1340 6020 3990
4500 1340 6020 3990
4510 1350 6020 3990
4520 1360 6030 3990
4520 1360 6030 3990
4520 1360 6020 3980
4520 1350 6020 3990
4520 1350 6020 3990
4520 1340 6030 4000
4520 1330 6030 4000
4500 1330 6030 4010
4510 1330 6030 4010
4510 1340 6030 4010
4520 1340 6030 4020
4510 1330 6040 4020
4520 1340 6040 4000
4530 1340 6040 4000
4510 1340 6030 4000
4510 1340 6040 3990
4510 1330 6030 3990
4500 1330 6020 3990
4510 1330 6020 3990
4510 1330 6030 4000
4500 1340 6030 4010
4510 1330 6040 4010
4510 1330 6030 4010
4520 1340 6030 4010
4520 1330 6030 4010
4500 1330 6030 4010
4500 1320 6030 4010
4500 1330 6030 4010
4500 1330 6030 4010
4510 1330 6020 4000
4520 1330 6020 3990
4510 1340 6020 3980
4510 1340 6020 3990
4510 1330 6020 3990
4520 1320 6030 3990
4530 1320 6030 4000
4520 1320 6040 4000
4500 1320 6040 4000
4510 1320 6040 3990
4500 1320 6030 4000
4500 1330 6030 4000
4500 1330 6030 3990
4500 1330 6030 3980
4510 1320 6030 3990
4510 1320 6030 4000
4510 1350 6030 3990
4510 1360 6030 3990
4520 1350 6030 4000
4510 1350 6030 4000
4500 1350 6030 4010
4500 1350 6030 4010
4490 1350 6020 4010
4490 1360 6020 4010
4500 1340 6020 4010
4510 1330 6020 4010
4510 1320 6030 4010
4520 1320 6020 4010
4520 1320 6020 4010
4510 1330 6020 4010
4510 1340 6020 4010
4510 1340 6020 4010
4500 1340 6020 4010
4510 1340 6030 4000
4500 1340 6030 4000
4490 1340 6030 4000
4480 1340 6030 4010
4490 1340 6030 4000
4500 1330 6020 4000
4510 1330 6030 4000
4510 1330 6030 4000
4510 1340 6030 4000
4510 1340 6040 4000
4520 1330 6040 4000
4500 1330 6040 4000
4500 1340 6040 4000
4500 1340 6040 4000
4490 1340 6040 4000
4510 1330 6030 4010
4500 1330 6030 4010
4500 1330 6030 4000
4500 1340 6040 4000
4510 1340 6050 4000
4510 1340 6050 4000
4500 1340 6050 4000
4490 1340 6040 4000
4500 1340 6030 4010
4490 1340 6030 4010
4500 1340 6030 4010
4510 1340 6030 4020
4530 1350 6040 4010
4510 1340 6040 4020
4500 1320 6050 4010
4510 1320 6040 4010
4500 1330 6030 4000
4510 1330 6030 4000
4500 1330 6030 4000
4490 1340 6040 3990
4510 1340 6030 3990
4500 1330 6040 3990
4510 1330 6040 3990
4500 1330 6040 3990
4510 1330 6040 4000
4520 1330 6050 3990
4510 1320 6040 3990
4500 1320 6040 3990
4490 1320 6040 3990
4500 1320 6040 3980
4500 1320 6040 3980
4500 1320 6040 3980
4500 1320 6030 3990
4510 1320 6020 4000
4520 1320 6030 4010
4520 1320 6030 4010
4520 1330 6040 4010
4500 1340 6050 4010
4490 1340 6050 4010
4490 1340 6050 4010
4490 1330 6050 4010
4500 1320 6050 4000
4510 1330 6050 4000
4510 1340 6050 4000
4510 1330 6040 4000
4510 1330 6030 3990
4500 1340 6040 4000
4500 1340 6040 4000
4490 1330 6040 4000
4490 1330 6040 4000
4480 1330 6040 4000
4490 1330 6040 4000
4490 1330 6040 3990
4510 1330 6040 4010
4520 1330 6040 4010
4530 1330 6040 4010
4520 1340 6040 4010
4520 1340 6040 4010
4520 1330 6030 4010
4520 1330 6030 4000
4510 1330 6020 4000
4500 1340 6030 4010
4510 1340 6030 4010
4500 1340 6030 4000
4500 1330 6030 3990
4510 1330 6040 3980
4510 1330 6040 3990
4520 1320 6040 3990
4520 1340 6030 3990
4520 1350 6030 4000
4510 1360 6030 4000
4500 1350 6030 3990
4500 1350 6030 3990
4490 1340 6030 3990
4490 1330 6030 4000
4510 1340 6040 4000
4510 1350 6040 4000
4500 1350 6030 4000
4490 1350 6030 3990
4510 1350 6030 3990
4500 1360 6030 4000
4490 1370 6020 4000
4500 1360 6020 4010
4490 1360 6020 4010
4490 1350 6020 4020
4510 1350 6030 4020
4500 1350 6030 4020
4500 1350 6020 4020
4500 1340 6020 4020
4510 1340 6020 4010
4500 1340 6020 4010
4510 1340 6020 4010
4500 1350 6030 4010
4510 1350 6030 4010
4510 1340 6030 4000
4510 1330 6030 4000
4500 1340 6030 3990
4500 1340 6030 3990
4500 1330 6040 4000
4500 1330 6030 4000
4500 1340 6020 4000
4510 1350 6020 4000
4510 1350 6020 4020
4500 1350 6030 4030
4490 1340 6030 4020
4480 1340 6040 4020
4480 1340 6040 4020
4480 1340 6050 4020
4490 1340 6040 4010
4500 1350 6040 4010
4500 1340 6050 4010
4490 1340 6050 4010
4490 1340 6060 4010
4500 1330 6050 4010
4510 1330 6060 4010
4510 1350 6050 4020
4500 1340 6040 4020
4500 1360 6040 4020
4500 1360 6040 4000
4500 1360 6050 4010
4500 1350 6050 4010
4500 1340 6040 4010
4510 1340 6040 4020
4500 1330 6040 4000
4500 1340 6040 4000
4480 1340 6040 4000
4490 1360 6050 4000
4500 1360 6050 4000
4500 1350 6040 4000
4500 1340 6040 3990
4500 1340 6040 4000
4500 1340 6030 4000
4500 1350 6030 4000
4500 1360 6040 3990
4510 1350 6030 3980
