4640 1780 5710 3570
4640 1760 5710 3570
4650 1780 5710 3570
4640 1770 5710 3570
4640 1770 5700 3560
4640 1750 5710 3570
4620 1760 5710 3580
4620 1770 5710 3580
4610 1760 5710 3570
4620 1770 5710 3570
4630 1770 5710 3570
4630 1780 5710 3570
4620 1800 5710 3570
4630 1800 5710 3570
4630 1780 5710 3580
4640 1780 5720 3570
4640 1800 5720 3560
4630 1800 5720 3560
4640 1800 5720 3560
4630 1780 5710 3560
4650 1780 5710 3560
4650 1770 5700 3570
4640 1770 5700 3570
4660 1770 5700 3570
4660 1760 5700 3570
4660 1770 5700 3580
4650 1780 5700 3590
4650 1780 5700 3590
4640 1800 5700 3580
4640 1800 5700 3580
4640 1800 5710 3590
4630 1800 5710 3580
4650 1800 5710 3580
4650 1800 5720 3590
4640 1780 5720 3590
4630 1780 5730 3580
4640 1780 5730 3580
4640 1770 5730 3570
4640 1780 5730 3570
4630 1770 5720 3560
4640 1770 5710 3570
4650 1780 5710 3570
4650 1770 5710 3570
4660 1780 5710 3570
4650 1780 5710 3570
4640 1780 5700 3570
4640 1800 5710 3580
4640 1780 5710 3570
4650 1780 5710 3570
4650 1770 5710 3580
4650 1770 5710 3570
4640 1770 5710 3570
4660 1770 5720 3570
4670 1780 5720 3570
4660 1800 5720 3580
4660 1800 5720 3580
4660 1800 5720 3570
4650 1800 5720 3570
4640 1800 5720 3570
4640 1800 5720 3570
4630 1800 5720 3580
4620 1800 5720 3570
4630 1800 5710 3560
4640 1800 5710 3560
4650 1800 5710 3570
4640 1800 5710 3570
4650 1800 5710 3580
4660 1800 5710 3570
4660 1780 5710 3560
4650 1770 5710 3570
4650 1780 5710 3560
4640 1780 5710 3570
4630 1780 5710 3570
4630 1770 5710 3580
4620 1780 5700 3560
4620 1800 5710 3580
4640 1780 5710 3590
4650 1770 5700 3590
4650 1770 5700 3590
4660 1770 5700 3590
4660 1760 5700 3600
4660 1770 5700 3600
4660 1770 5700 3590
4670 1760 5700 3580
4660 1760 5700 3580
4660 1770 5700 3570
4660 1770 5710 3570
4650 1770 5710 3570
4650 1780 5710 3580
4640 1780 5710 3570
4640 1780 5710 3570
4630 1780 5710 3570
4630 1780 5710 3570
4630 1770 5710 3570
4650 1770 5710 3570
4640 1780 5710 3570
4660 1780 5710 3560
4650 1780 5710 3570
4630 1780 5700 3560
4630 1780 5700 3560
4630 1800 5700 3570
4640 1780 5700 3570
4640 1800 5700 3570
4650 1800 5700 3570
4640 1800 5700 3570
4650 1800 5700 3580
4660 1800 5700 3580
4660 1800 5700 3560
4660 1800 5710 3560
4640 1800 5710 3560
4660 1800 5710 3560
4650 1800 5710 3560
4660 1800 5710 3560
4670 1800 5710 3560
4660 1800 5720 3560
4650 1800 5710 3560
4650 1800 5710 3560
4650 1800 5710 3560
4640 1810 5700 3550
