4840 2200 5420 3050
4830 2210 5430 3050
4830 2200 5430 3060
4830 2210 5430 3060
4840 2210 5430 3060
4840 2220 5430 3070
4840 2210 5430 3060
4850 2220 5430 3060
4830 2220 5430 3070
4830 2210 5440 3060
4830 2210 5440 3050
4820 2210 5440 3060
4830 2200 5430 3060
4830 2210 5430 3050
4820 2230 5430 3050
4810 2230 5430 3070
4820 2220 5420 3070
4820 2220 5420 3070
4820 2230 5420 3060
4830 2220 5420 3050
4850 2210 5430 3050
4840 2220 5430 3050
4840 2220 5430 3060
4840 2220 5430 3070
4840 2210 5440 3060
4840 2210 5440 3060
4830 2210 5440 3060
4830 2210 5440 3060
4830 2220 5430 3060
4840 2210 5420 3070
4830 2210 5420 3060
4820 2210 5420 3050
4820 2220 5420 3050
4830 2220 5420 3050
4840 2210 5410 3060
4840 2210 5410 3050
4840 2230 5420 3050
4840 2220 5430 3050
4840 2210 5430 3060
4840 2220 5430 3060
4840 2210 5430 3060
4820 2210 5430 3060
4830 2210 5430 3060
4830 2210 5430 3060
4830 2210 5430 3060
4830 2210 5430 3060
4830 2220 5430 3060
4830 2210 5430 3070
4830 2210 5420 3070
4830 2230 5420 3070
4840 2230 5420 3060
4840 2230 5420 3060
4840 2230 5420 3060
4830 2230 5420 3060
4840 2230 5420 3060
4840 2230 5430 3070
4840 2230 5440 3070
4840 2240 5440 3070
4840 2240 5440 3070
4840 2240 5440 3070
4830 2230 5430 3060
4840 2230 5440 3070
4840 2230 5440 3060
4840 2230 5430 3060
4840 2220 5430 3050
4830 2210 5420 3060
4850 2210 5420 3050
4840 2210 5420 3050
4830 2210 5420 3050
4820 2210 5420 3050
4820 2220 5410 3060
4830 2220 5410 3060
4830 2220 5410 3060
4840 2220 5410 3060
4840 2220 5410 3050
4840 2210 5410 3050
4840 2220 5410 3060
4840 2220 5410 3060
4840 2210 5410 3060
4840 2220 5410 3060
4840 2210 5410 3060
4840 2220 5410 3060
4840 2220 5410 3060
4840 2210 5410 3060
4840 2210 5410 3060
4820 2220 5410 3060
4820 2220 5420 3060
4820 2220 5420 3060
4830 2230 5410 3050
4820 2220 5410 3060
4830 2220 5410 3060
4830 2220 5420 3060
4840 2210 5420 3060
4830 2220 5420 3060
4830 2220 5420 3060
4830 2220 5410 3050
4830 2220 5410 3050
4830 2220 5410 3060
4830 2220 5420 3060
4850 2220 5410 3050
4860 2220 5420 3050
4860 2220 5420 3050
4850 2230 5410 3050
