5090 2670 5180 2540
5090 2670 5180 2530
5090 2660 5180 2540
5090 2670 5170 2540
5100 2670 5190 2530
5100 2680 5190 2530
5100 2680 5190 2530
5090 2680 5190 2530
5090 2680 5190 2530
5100 2680 5190 2540
5100 2670 5190 2550
5090 2660 5190 2550
5090 2660 5190 2540
5090 2670 5190 2550
5090 2670 5190 2550
5090 2670 5190 2540
5090 2670 5190 2530
5090 2680 5190 2530
5090 2680 5190 2520
5090 2670 5190 2510
5090 2660 5190 2520
5080 2660 5170 2540
5080 2670 5160 2530
5080 2670 5160 2530
5080 2660 5160 2530
5080 2670 5160 2520
5080 2670 5160 2520
5090 2670 5160 2530
5090 2670 5160 2530
5090 2670 5160 2530
5090 2670 5170 2540
5090 2670 5170 2540
5090 2670 5170 2540
5090 2680 5170 2540
5090 2680 5170 2540
5090 2670 5170 2550
5090 2660 5170 2550
5080 2670 5170 2540
5090 2680 5170 2540
5090 2670 5170 2530
5090 2670 5180 2530
5090 2660 5180 2520
5090 2660 5170 2520
5090 2660 5170 2510
5090 2660 5170 2510
5080 2670 5170 2510
5090 2670 5180 2510
5090 2670 5180 2510
5080 2670 5190 2510
5080 2670 5190 2510
5080 2670 5180 2510
5080 2670 5170 2520
5090 2670 5170 2520
5090 2670 5170 2520
5090 2670 5170 2520
5080 2670 5170 2520
5080 2670 5170 2520
5080 2660 5170 2520
5090 2650 5180 2520
5080 2660 5180 2520
5080 2660 5190 2520
5090 2670 5190 2510
5090 2680 5190 2520
5090 2680 5180 2520
5090 2680 5170 2520
5090 2680 5180 2520
5090 2660 5190 2530
5090 2660 5190 2530
5090 2650 5200 2520
5090 2650 5190 2520
5090 2650 5200 2520
5090 2650 5190 2520
5090 2650 5190 2530
5090 2650 5190 2520
5090 2650 5190 2520
5090 2650 5190 2520
5100 2650 5190 2530
5090 2660 5180 2520
5090 2670 5190 2520
5100 2660 5190 2530
5090 2650 5190 2520
5090 2650 5190 2520
5090 2650 5190 2530
5090 2660 5190 2520
5080 2670 5190 2530
5080 2660 5190 2520
5080 2660 5190 2530
5080 2660 5190 2520
5080 2660 5190 2520
5080 2660 5190 2520
5080 2670 5190 2530
5080 2670 5190 2520
5090 2670 5190 2520
5090 2670 5190 2520
5090 2660 5190 2510
5080 2650 5190 2520
5090 2650 5190 2520
5080 2660 5200 2520
5080 2660 5200 2530
5070 2670 5190 2520
5080 2660 5190 2520
5080 2660 5200 2520
5080 2660 5200 2520
5080 2660 5200 2520
5080 2640 5200 2510
5080 2650 5200 2510
5080 2650 5200 2520
5080 2650 5200 2520
5080 2650 5190 2520
5080 2650 5190 2510
5080 2650 5200 2510
5080 2660 5200 2520
5080 2660 5200 2520
5080 2660 5200 2530
5080 2650 5190 2530
5090 2650 5190 2530
5080 2660 5180 2530
5090 2660 5170 2530
5090 2660 5180 2530
5090 2670 5180 2520
5090 2670 5180 2520
5090 2670 5180 2520
5090 2660 5190 2530
5090 2660 5190 2520
5090 2660 5190 2530
5080 2670 5190 2530
5100 2670 5180 2530
5090 2670 5180 2520
5090 2670 5180 2520
5090 2670 5180 2520
5090 2670 5180 2520
5090 2670 5170 2530
5090 2670 5170 2520
5090 2660 5180 2520
5090 2660 5170 2520
5090 2660 5190 2520
5090 2650 5190 2520
5090 2650 5180 2520
5090 2660 5180 2520
5090 2660 5180 2520
5090 2660 5190 2520
5090 2660 5190 2520
5090 2670 5190 2520
5090 2670 5200 2520
5090 2660 5200 2530
5090 2660 5190 2530
5090 2670 5190 2530
5090 2670 5190 2530
5090 2670 5190 2530
5100 2670 5180 2520
5090 2670 5190 2530
