5360 3210 4920 1980
5370 3210 4910 1980
5380 3210 4910 1970
5370 3210 4910 1980
5360 3220 4910 1980
5360 3220 4910 1970
5360 3210 4910 1970
5360 3210 4910 1970
5360 3210 4910 1980
5370 3200 4910 1990
5360 3200 4910 1980
5360 3210 4910 1970
5370 3200 4910 1980
5370 3200 4910 1980
5380 3210 4910 1980
5380 3210 4890 1990
5380 3220 4910 2000
5380 3210 4910 2000
5380 3220 4910 1990
5370 3220 4910 2000
5380 3210 4910 1990
5370 3200 4910 1980
5370 3200 4910 1990
5370 3210 4910 1980
5370 3220 4890 1980
5370 3220 4920 1980
5360 3220 4920 1970
5360 3220 4910 1980
5360 3230 4910 1980
5360 3220 4910 1980
5360 3220 4910 1990
5350 3220 4910 1980
5340 3210 4910 1990
5350 3210 4910 1980
5350 3210 4890 1990
5360 3210 4890 1980
5360 3210 4890 1990
5360 3210 4890 2000
5360 3210 4890 1990
5380 3210 4890 2000
5370 3210 4890 1990
5370 3210 4890 1990
5370 3220 4910 1980
5370 3220 4910 1970
5370 3220 4910 1980
5370 3210 4910 1990
5370 3210 4910 1990
5360 3200 4910 2000
5360 3200 4910 1990
5370 3200 4910 2000
5370 3190 4890 2010
5370 3190 4910 1990
5370 3190 4910 1980
5370 3190 4910 1980
5370 3200 4910 1970
5370 3200 4890 1990
5380 3210 4890 2000
5370 3210 4890 2000
5360 3210 4910 1980
5360 3200 4910 1970
5370 3200 4910 1980
5370 3200 4910 1970
5370 3210 4910 1970
5370 3210 4910 1980
5370 3220 4910 1990
5370 3210 4910 1980
5370 3200 4910 1970
5370 3210 4910 1970
5370 3210 4910 1970
5370 3210 4890 1960
5370 3220 4890 1950
5370 3220 4910 1960
5370 3210 4910 1970
5370 3210 4920 1960
5370 3230 4920 1950
5370 3230 4920 1970
5370 3210 4910 1980
5370 3210 4910 1990
5370 3220 4910 1990
5370 3210 4910 2000
5370 3210 4910 2000
5380 3210 4910 1980
5380 3200 4920 1980
5380 3210 4910 1970
5380 3210 4910 1980
5380 3210 4910 1980
5380 3210 4910 1970
5380 3220 4910 1980
5380 3210 4910 1970
5380 3210 4890 1970
5380 3220 4910 1970
5370 3220 4910 1980
5370 3220 4910 1980
5370 3220 4890 1980
5370 3210 4890 1970
5370 3210 4890 1970
5370 3210 4890 1980
5370 3200 4890 1970
5370 3190 4890 1990
5350 3200 4890 1980
5350 3200 4910 1980
5350 3200 4910 1980
5360 3200 4910 1990
5360 3210 4910 1990
5360 3200 4910 1990
5360 3210 4920 1990
5360 3220 4920 1980
5360 3210 4920 1980
5360 3210 4920 1980
5360 3210 4920 1980
5360 3210 4920 1960
5360 3210 4920 1970
5360 3210 4920 1970
5370 3200 4910 1980
5370 3200 4910 1970
5380 3200 4910 1990
5370 3200 4910 1990
5370 3200 4910 2000
5370 3200 4910 2000
5370 3200 4910 2000
5370 3200 4910 2000
5370 3210 4910 2000
5350 3220 4910 1990
5350 3220 4910 1990
5360 3210 4890 1990
5360 3200 4890 1990
5370 3210 4910 2000
5390 3210 4890 2000
5380 3210 4910 2000
5380 3200 4910 1990
5380 3200 4920 1990
5380 3200 4910 1990
5380 3200 4910 1990
5380 3190 4910 1990
5380 3180 4910 1980
5380 3180 4910 1970
5370 3200 4910 1970
5370 3210 4910 1980
5370 3220 4910 1980
5370 3210 4910 1980
5370 3200 4910 1990
5370 3190 4920 1990
5370 3190 4910 2000
5370 3190 4910 2000
5370 3200 4910 1990
5370 3210 4910 1990
5370 3220 4910 2000
5370 3210 4910 1980
5370 3220 4910 1970
5370 3210 4910 1980
5370 3220 4910 1970
