5670 3690 4760 1510
5670 3670 4750 1520
5670 3670 4750 1520
5670 3690 4750 1530
5670 3690 4740 1530
5670 3680 4740 1500
5670 3700 4750 1510
5660 3700 4730 1500
5670 3670 4720 1500
5660 3680 4730 1510
5660 3700 4730 1490
5670 3700 4740 1510
5670 3700 4740 1520
5670 3700 4750 1520
5670 3700 4750 1520
5670 3700 4730 1520
5670 3720 4720 1510
5670 3690 4730 1510
5670 3700 4730 1510
5670 3690 4740 1500
5680 3680 4750 1500
5680 3670 4750 1510
5680 3640 4740 1510
5680 3650 4740 1510
5670 3670 4730 1520
5670 3680 4730 1520
5670 3700 4730 1520
5670 3710 4720 1540
5670 3720 4720 1540
5670 3710 4730 1520
5670 3680 4740 1520
5670 3680 4740 1510
5670 3700 4740 1500
5670 3700 4740 1500
5670 3680 4740 1500
5670 3670 4740 1500
5670 3690 4740 1490
5680 3700 4740 1470
5680 3710 4740 1500
5680 3720 4740 1510
5680 3710 4740 1500
5680 3700 4740 1500
5680 3670 4750 1510
5680 3650 4740 1500
5680 3650 4740 1500
5680 3650 4740 1520
5680 3640 4740 1510
5680 3640 4740 1510
5680 3640 4740 1500
5670 3640 4730 1520
5680 3680 4740 1500
5680 3680 4740 1510
5680 3690 4740 1490
5680 3690 4740 1500
5680 3670 4750 1500
5680 3650 4740 1520
5690 3650 4740 1520
5690 3640 4740 1500
5680 3640 4740 1520
5670 3650 4740 1500
5670 3670 4740 1510
5670 3670 4750 1510
5670 3670 4740 1490
5670 3690 4750 1490
5670 3680 4750 1460
5670 3690 4750 1470
5660 3700 4740 1490
5670 3710 4740 1470
5670 3700 4740 1460
5670 3680 4740 1470
5670 3650 4730 1470
5670 3650 4740 1470
5670 3680 4740 1490
5670 3700 4750 1490
5670 3690 4750 1490
5660 3670 4750 1500
5670 3680 4740 1500
5670 3670 4750 1510
5670 3680 4750 1510
5680 3650 4750 1510
5680 3680 4760 1510
5680 3690 4760 1490
5670 3680 4750 1510
5670 3690 4750 1490
5670 3690 4750 1490
5670 3690 4740 1470
5670 3690 4740 1490
5670 3690 4740 1490
5670 3710 4740 1490
5670 3710 4730 1500
5670 3680 4720 1500
5670 3690 4720 1490
5670 3670 4720 1470
5670 3690 4720 1490
5670 3680 4730 1500
5670 3650 4730 1490
5670 3640 4730 1500
5680 3680 4720 1500
5680 3670 4730 1500
5680 3690 4740 1490
5680 3710 4730 1500
5680 3710 4730 1500
5690 3680 4740 1490
5680 3700 4730 1460
5680 3690 4740 1490
5680 3700 4730 1500
5670 3690 4730 1500
5660 3690 4730 1490
5670 3700 4730 1500
5670 3710 4740 1510
5670 3710 4750 1520
5670 3710 4750 1510
