4030 6080 1300 4490
4020 6080 1290 4500
4000 6080 1290 4500
4000 6080 1290 4500
4010 6080 1290 4510
4010 6080 1300 4500
4020 6080 1300 4490
4020 6080 1300 4480
4010 6080 1290 4480
4020 6080 1300 4490
4020 6080 1290 4500
4020 6080 1290 4490
4020 6080 1290 4470
4020 6080 1290 4470
4010 6080 1290 4470
4010 6080 1290 4480
4010 6080 1280 4490
4010 6080 1280 4490
4020 6070 1270 4470
4020 6070 1270 4470
4010 6070 1270 4480
4010 6070 1270 4480
4030 6070 1270 4480
4020 6080 1260 4500
4030 6080 1270 4500
4030 6080 1280 4480
4030 6090 1270 4480
4020 6090 1260 4490
4010 6070 1270 4490
4010 6070 1270 4490
4010 6070 1280 4500
4010 6060 1270 4510
4000 6070 1280 4500
4000 6060 1280 4500
4000 6070 1290 4500
4000 6070 1290 4490
4010 6060 1290 4490
4010 6060 1290 4490
4010 6060 1290 4490
4020 6060 1290 4490
4020 6050 1280 4490
4030 6060 1290 4490
4030 6070 1280 4490
4030 6070 1280 4500
4020 6070 1290 4480
4020 6070 1290 4490
4020 6070 1290 4490
4020 6070 1280 4490
4010 6070 1290 4480
4010 6070 1290 4480
4000 6070 1280 4490
4000 6080 1290 4490
4010 6080 1280 4490
4010 6080 1290 4490
4000 6070 1290 4500
4000 6070 1300 4500
4010 6070 1290 4500
4010 6070 1290 4500
4010 6070 1290 4500
4010 6070 1290 4500
4000 6070 1290 4500
3990 6070 1290 4500
4000 6070 1290 4500
4000 6070 1290 4490
4000 6070 1290 4500
4000 6070 1290 4500
4000 6070 1290 4490
4000 6070 1290 4480
4000 6070 1290 4490
4000 6070 1300 4500
4000 6070 1290 4500
4000 6070 1290 4500
4000 6070 1290 4500
4000 6070 1300 4490
4000 6070 1300 4470
3990 6070 1300 4470
3990 6070 1300 4470
3990 6070 1310 4470
3990 6070 1310 4470
4000 6070 1310 4480
4000 6060 1300 4500
3990 6060 1300 4490
4000 6060 1280 4480
3990 6070 1290 4470
3990 6070 1270 4470
4000 6070 1280 4480
4010 6070 1280 4480
4010 6070 1290 4470
4010 6070 1290 4470
4010 6070 1280 4470
4000 6070 1280 4460
4000 6070 1280 4460
4020 6070 1280 4460
4010 6070 1290 4460
4010 6070 1300 4460
4000 6080 1300 4470
4010 6070 1290 4470
4020 6070 1290 4480
4010 6070 1280 4480
4010 6070 1290 4470
4010 6070 1290 4470
4000 6070 1290 4470
3990 6070 1290 4480
3990 6070 1290 4480
3990 6070 1290 4490
3990 6080 1290 4490
4010 6070 1290 4490
4030 6060 1300 4490
4010 6060 1280 4490
4020 6070 1280 4480
4020 6070 1290 4480
4010 6070 1280 4480
4000 6070 1290 4480
4000 6070 1290 4480
4010 6070 1300 4480
4020 6080 1290 4470
4020 6090 1300 4460
4020 6090 1300 4470
4020 6090 1280 4470
4020 6080 1280 4470
4020 6080 1270 4480
4020 6070 1270 4480
4020 6070 1280 4490
4020 6080 1290 4490
4020 6080 1290 4490
4010 6080 1290 4490
4020 6080 1290 4500
4020 6070 1290 4500
4020 6080 1290 4500
4020 6080 1290 4500
4020 6080 1290 4480
4020 6080 1280 4490
4020 6080 1280 4490
4020 6070 1280 4490
4020 6070 1290 4480
4010 6070 1290 4480
4010 6070 1290 4480
4000 6070 1290 4500
3990 6070 1290 4490
3990 6070 1280 4490
3980 6080 1290 4480
3990 6080 1290 4470
3990 6080 1290 4470
4000 6080 1290 4470
4010 6080 1290 4470
4000 6080 1280 4480
4020 6070 1270 4480
4030 6080 1280 4480
4030 6080 1290 4480
4010 6080 1290 4490
4010 6080 1280 4490
3980 6080 1280 4500
3980 6080 1280 4490
3990 6080 1280 4500
3990 6080 1290 4500
4000 6080 1290 4500
4000 6080 1290 4500
4010 6070 1290 4490
4010 6070 1290 4480
4010 6070 1290 4480
4010 6080 1290 4480
4010 6080 1290 4470
4010 6070 1290 4480
4020 6070 1290 4490
4030 6080 1280 4490
4020 6080 1270 4480
4020 6080 1270 4490
4020 6080 1270 4490
4020 6070 1270 4490
4020 6070 1270 4480
4030 6070 1270 4480
4030 6080 1270 4490
4020 6080 1280 4480
4020 6080 1280 4480
4010 6080 1270 4480
4010 6080 1270 4480
4010 6070 1270 4470
4010 6070 1270 4470
4010 6070 1270 4460
4010 6070 1270 4460
4010 6070 1270 4470
4010 6070 1270 4470
4010 6070 1270 4470
4010 6070 1270 4480
4000 6070 1270 4480
4000 6070 1280 4480
4000 6070 1280 4480
4000 6070 1280 4500
4010 6070 1290 4510
4010 6070 1300 4520
4010 6070 1310 4510
4020 6070 1310 4510
4030 6070 1310 4500
4030 6070 1310 4500
4030 6070 1300 4500
4030 6070 1300 4500
4030 6070 1290 4490
4020 6070 1290 4470
4020 6070 1280 4490
4030 6080 1280 4480
4030 6080 1280 4490
4020 6080 1280 4480
4020 6080 1280 4480
4020 6080 1280 4490
4010 6080 1280 4500
3990 6080 1270 4500
4000 6080 1290 4500
3990 6080 1290 4480
4000 6070 1290 4490
4000 6070 1290 4480
4000 6070 1270 4480
4000 6080 1270 4470
4000 6080 1280 4480
4000 6070 1280 4480
3990 6070 1290 4480
4000 6070 1280 4470
3990 6070 1270 4470
3990 6070 1270 4480
3990 6070 1280 4480
3990 6070 1290 4480
3990 6070 1290 4480
3990 6080 1290 4480
3980 6080 1290 4480
3990 6080 1290 4480
3990 6080 1290 4490
3990 6080 1290 4490
3990 6080 1290 4480
4000 6080 1290 4470
4000 6080 1290 4460
4000 6080 1280 4460
3990 6080 1280 4470
3990 6080 1300 4500
4000 6080 1300 4500
4010 6080 1300 4500
4010 6080 1300 4500
4000 6080 1300 4490
3990 6080 1300 4490
3990 6080 1300 4500
3990 6080 1300 4500
3980 6080 1290 4490
3980 6080 1290 4480
3990 6090 1290 4480
4000 6090 1290 4490
3990 6090 1280 4510
3980 6080 1290 4510
3980 6080 1290 4490
3980 6080 1300 4470
3980 6080 1290 4490
3980 6080 1300 4490
3990 6080 1290 4480
4000 6080 1290 4480
4000 6080 1310 4480
4000 6080 1310 4480
3990 6080 1320 4490
4000 6080 1320 4500
4000 6080 1300 4500
3990 6080 1290 4510
4000 6080 1290 4510
4000 6080 1310 4510
4000 6080 1300 4510
4000 6080 1290 4510
4000 6080 1290 4510
3990 6080 1290 4500
3990 6080 1290 4500
3980 6070 1300 4500
3960 6060 1300 4470
3980 6060 1300 4470
3990 6060 1290 4480
3990 6060 1300 4460
4000 6060 1300 4470
4020 6060 1300 4470
4020 6060 1310 4490
4020 6070 1300 4500
4020 6070 1280 4510
4040 6070 1270 4500
4040 6070 1270 4490
4030 6070 1270 4480
4030 6070 1270 4470
4030 6070 1280 4480
4030 6070 1270 4480
4030 6080 1270 4480
4030 6090 1270 4480
4020 6090 1280 4480
4020 6090 1280 4490
4020 6090 1270 4500
4020 6090 1290 4490
