6040 4140 4630 1040
6040 4150 4630 1050
6040 4150 4630 1050
6040 4150 4630 1050
6040 4150 4630 1050
6030 4150 4630 1050
6030 4150 4620 1050
6030 4140 4620 1050
6030 4120 4620 1060
6030 4110 4610 1050
6040 4110 4620 1050
6040 4110 4630 1040
6030 4120 4630 1040
6020 4110 4640 1040
6030 4130 4650 1040
6030 4130 4650 1050
6040 4140 4640 1050
6030 4120 4640 1050
6040 4130 4640 1050
6040 4130 4630 1070
6030 4120 4640 1070
6030 4120 4640 1060
6030 4130 4630 1060
6020 4130 4630 1060
6040 4130 4630 1060
6040 4130 4630 1060
6030 4130 4630 1060
6030 4130 4630 1060
6030 4130 4630 1060
6030 4140 4630 1060
6030 4140 4620 1060
6030 4140 4630 1060
6030 4140 4630 1070
6040 4130 4620 1070
6050 4130 4620 1070
6050 4140 4620 1070
6040 4130 4630 1060
6040 4130 4630 1060
6040 4120 4630 1070
6040 4130 4630 1060
6040 4120 4630 1060
6030 4130 4630 1060
6030 4140 4630 1060
6040 4110 4620 1050
6040 4100 4620 1050
6040 4120 4620 1050
6030 4130 4620 1050
6030 4140 4620 1050
6030 4120 4620 1050
6030 4110 4620 1050
6030 4120 4620 1050
6040 4100 4620 1050
6040 4110 4610 1050
6050 4120 4610 1050
6040 4110 4620 1060
6040 4130 4610 1060
6040 4130 4610 1060
6040 4110 4610 1060
6030 4130 4610 1060
6030 4130 4620 1060
6030 4120 4620 1060
6030 4110 4620 1060
6020 4110 4620 1060
6020 4100 4620 1060
6020 4120 4620 1060
6020 4110 4620 1060
6020 4110 4620 1050
6020 4100 4620 1050
6030 4110 4610 1040
6020 4110 4610 1040
6030 4120 4610 1050
6030 4120 4610 1050
6020 4120 4620 1050
6020 4130 4620 1050
6020 4150 4610 1050
6020 4140 4600 1050
6030 4140 4610 1050
6040 4130 4610 1040
6040 4140 4610 1040
6040 4140 4610 1040
6050 4140 4620 1040
6050 4140 4620 1040
6050 4140 4620 1040
6050 4150 4620 1050
6050 4140 4620 1040
6040 4130 4620 1040
6040 4130 4620 1040
6040 4120 4620 1030
6040 4130 4620 1030
6040 4130 4620 1040
6020 4120 4620 1040
6020 4120 4620 1040
6030 4110 4620 1050
6030 4100 4610 1050
6020 4110 4610 1050
6030 4100 4620 1050
6030 4110 4620 1070
6010 4120 4630 1060
6020 4130 4630 1060
6020 4130 4630 1060
6020 4120 4620 1050
6030 4140 4620 1050
6040 4140 4620 1050
6040 4120 4620 1050
6030 4120 4630 1050
6040 4120 4620 1050
6040 4130 4620 1050
6040 4130 4630 1040
6050 4140 4620 1040
6040 4140 4620 1050
6030 4140 4630 1050
6030 4130 4630 1050
6030 4140 4630 1040
6030 4130 4630 1030
6040 4140 4630 1030
6040 4130 4630 1030
6040 4120 4630 1030
6040 4110 4630 1030
6040 4100 4620 1030
6050 4090 4620 1040
6050 4100 4620 1050
6050 4110 4620 1050
6050 4100 4620 1050
6030 4120 4620 1050
6030 4120 4630 1050
6040 4100 4630 1050
