6440 4630 4570 660
6440 4630 4570 670
6440 4630 4570 670
6440 4640 4570 680
6440 4630 4570 680
6440 4620 4570 680
6450 4610 4570 680
6440 4630 4580 660
6440 4630 4580 640
6440 4630 4580 650
6440 4630 4580 650
6440 4630 4570 660
6420 4630 4570 660
6430 4630 4580 670
6430 4640 4580 660
6420 4650 4580 660
6430 4640 4580 660
6420 4640 4580 650
6430 4620 4580 660
6440 4620 4600 660
6440 4620 4580 670
6430 4620 4580 670
6430 4640 4580 670
6430 4630 4580 670
6430 4630 4580 670
6440 4630 4580 670
6440 4630 4580 670
6440 4640 4580 670
6440 4640 4580 670
6440 4640 4580 680
6430 4650 4580 680
6430 4650 4580 670
6440 4650 4580 660
6440 4630 4580 650
6440 4630 4580 660
6430 4630 4580 660
6430 4630 4580 660
6430 4630 4580 650
6430 4640 4580 660
6430 4640 4580 660
6410 4640 4580 660
6420 4630 4580 670
6420 4630 4580 660
6420 4630 4580 660
6420 4630 4580 660
6420 4630 4570 670
6420 4630 4570 660
6420 4640 4570 650
6420 4630 4570 660
6420 4650 4570 670
6420 4650 4570 670
6420 4640 4570 670
6420 4640 4570 680
6420 4640 4570 680
6430 4640 4570 670
6430 4640 4570 660
6430 4630 4570 670
6440 4620 4570 660
6440 4610 4570 660
6440 4610 4570 660
6440 4610 4570 660
6440 4610 4570 670
6430 4610 4570 670
6430 4610 4570 670
6430 4620 4570 670
6430 4610 4570 670
6430 4630 4570 670
6430 4630 4560 660
6430 4630 4570 660
6430 4630 4570 660
6430 4640 4570 660
6410 4630 4580 670
6410 4630 4580 660
6420 4630 4580 660
6420 4620 4580 660
6430 4630 4580 650
6420 4630 4580 660
6430 4630 4580 660
6430 4620 4580 660
6430 4620 4580 670
6430 4620 4580 660
6430 4620 4580 650
6430 4630 4580 640
6430 4640 4580 660
6420 4630 4580 660
6420 4640 4580 650
6410 4630 4580 650
6410 4640 4580 660
6410 4640 4580 660
6410 4630 4580 660
6420 4620 4580 660
6420 4610 4580 670
6430 4610 4580 670
6430 4620 4580 670
6430 4630 4580 670
6420 4640 4580 670
6430 4640 4580 670
6430 4620 4580 680
6420 4640 4580 670
6420 4640 4580 670
6410 4640 4580 680
6410 4640 4580 660
6410 4630 4580 650
6420 4630 4580 650
6410 4630 4580 640
6410 4630 4580 640
6420 4630 4580 650
6410 4630 4570 660
6420 4640 4570 670
6420 4640 4570 670
6420 4630 4570 670
6430 4630 4570 670
6430 4630 4570 680
6430 4620 4570 680
6430 4620 4570 690
6440 4620 4570 680
6420 4640 4570 690
6430 4630 4570 670
6440 4630 4570 670
6440 4630 4570 670
6440 4630 4580 680
6440 4630 4570 670
6430 4630 4570 670
6420 4640 4580 670
6420 4640 4580 670
6430 4640 4580 660
6430 4650 4580 670
6430 4640 4580 660
6430 4640 4580 660
6440 4640 4580 660
6430 4640 4580 680
6410 4640 4580 680
6430 4640 4570 670
6440 4640 4570 670
6430 4630 4570 670
6440 4640 4570 670
6430 4630 4580 670
6420 4630 4580 660
6420 4630 4580 670
6410 4640 4580 670
6420 4640 4580 650
6430 4640 4570 660
