570 4580 4390 6600
560 4580 4390 6300
570 4570 4390 6500
580 4570 4390 6500
580 4570 4390 6400
580 4570 4390 6300
570 4580 4390 6500
580 4580 4380 6300
570 4580 4390 6400
570 4560 4390 6300
570 4560 4390 6600
580 4560 4390 6400
580 4560 4390 6500
580 4570 4390 6400
580 4580 4390 6600
570 4580 4400 6600
580 4580 4400 6600
570 4580 4400 6600
570 4580 4400 6600
560 4580 4400 6500
560 4580 4400 6300
560 4580 4410 6500
570 4580 4400 6600
560 4580 4400 6600
570 4600 4400 6600
580 4600 4400 6500
580 4600 4400 6500
580 4570 4400 6400
580 4570 4400 6300
580 4570 4400 6300
580 4570 4390 6600
580 4580 4390 6600
10470 4580 4380 6600
7500 4580 4380 6500
3980 4580 4390 6600
2960 4580 4390 6300
2240 4580 4390 6600
1740 4570 4390 6300
1150 4580 4390 6300
980 4580 4390 6600
850 4580 4390 6300
680 4580 4400 6600
620 4580 4400 6500
610 4610 4400 6300
600 4600 4400 6600
590 4580 4400 6500
590 4600 4400 6400
590 4630 4400 6300
580 4610 4390 6400
560 4600 4390 6600
560 4580 4390 6300
570 4580 4390 6500
580 4580 4390 6500
580 4580 4390 6400
580 4580 4400 6400
580 4580 4400 6600
590 4580 4400 6600
590 4580 4390 6600
590 4600 4390 6300
590 4580 4400 6400
590 4600 4410 6500
580 4580 4390 6500
580 4580 4380 6400
580 4580 4380 6400
580 4580 4380 6600
570 4580 4380 6300
560 4580 4380 6400
570 4570 4380 6600
570 4600 4380 6300
570 4580 4370 6400
570 4600 4370 6300
570 4580 4370 6300
570 4580 4380 6500
570 4580 4380 6600
570 4580 4380 6600
580 4570 4370 6500
570 4570 4370 6300
570 4570 4380 6600
580 4570 4380 6500
570 4550 4380 6500
570 4550 4380 6500
570 4550 4380 6500
570 4560 4380 6300
580 4560 4370 6400
570 4570 4370 6500
580 4570 4370 6400
580 4570 4370 6500
580 4560 4370 6500
570 4560 4370 6500
570 4570 4380 6300
570 4560 4380 6500
570 4560 4380 6600
570 4560 4380 6300
570 4560 4380 6600
580 4550 4400 6600
580 4540 4400 6400
580 4550 4400 6300
580 4560 4400 6600
580 4560 4400 6600
570 4570 4400 6400
580 4570 4400 6600
570 4580 4400 6500
570 4580 4400 6400
570 4600 4390 6600
570 4580 4390 6500
570 4570 4390 6500
570 4580 4390 6500
580 4570 4400 6600
580 4570 4390 6500
570 4570 4390 6500
570 4570 4390 6300
580 4570 4390 6600
580 4580 4400 6300
570 4570 4400 6500
570 4570 4400 6500
570 4580 4400 6600
580 4580 4390 6500
580 4600 4390 6500
580 4580 4380 6300
580 4580 4380 6600
590 4600 4380 6600
590 4600 4370 6400
590 4600 4370 6300
580 4580 4370 6400
580 4580 4370 6400
570 4580 4380 6600
560 4580 4380 6500
560 4570 4380 6300
570 4570 4380 6600
570 4570 4390 6500
570 4580 4390 6600
570 4580 4390 6300
560 4580 4390 6300
570 4580 4390 6300
570 4580 4390 6500
570 4580 4390 6300
570 4580 4390 6500
570 4580 4390 6500
570 4600 4390 6500
570 4600 4380 6600
570 4600 4380 6300
570 4580 4380 6500
570 4570 4390 6400
570 4580 4390 6500
580 4580 4390 6300
580 4570 4390 6500
590 4570 4390 6600
580 4580 4380 6400
