1010 4670 3960 6080
1020 4670 3980 6080
1010 4660 3960 6070
1000 4660 3980 6060
990 4660 3980 6060
1000 4650 3980 6070
1010 4660 3980 6080
1020 4660 3980 6060
1020 4660 3980 6080
1020 4650 3960 6050
1010 4640 3960 6060
990 4640 3960 6060
960 4640 3950 6050
980 4640 3950 6050
1010 4650 3960 6080
1020 4650 3980 6060
1010 4650 3960 6080
1000 4650 3980 6070
1000 4640 3980 6060
990 4650 3980 6060
990 4650 3990 6080
1000 4640 4000 6070
1010 4650 3990 6050
1020 4650 3980 6070
1020 4650 3980 6050
1010 4650 3960 6050
1010 4650 3980 6070
1010 4660 3980 6060
1030 4650 3980 6050
1030 4640 3960 6050
1020 4640 3960 6060
1010 4640 3980 6050
1010 4640 3980 6060
1010 4640 3980 6060
1000 4640 3960 6070
1000 4640 3980 6060
1000 4640 3980 6070
1000 4630 3980 6050
1000 4630 3980 6050
1000 4650 3980 6060
980 4650 3980 6060
990 4650 3960 6060
1000 4660 3960 6060
1000 4650 3960 6070
980 4650 3980 6050
990 4650 3960 6080
1000 4650 3960 6050
980 4660 3980 6050
970 4670 3980 6060
970 4670 3980 6080
980 4670 3960 6070
990 4670 3960 6070
990 4650 3990 6060
990 4650 3980 6050
1000 4650 3980 6080
990 4650 3980 6050
1020 4660 3980 6070
1020 4660 3980 6050
1020 4640 3980 6070
1040 4640 3980 6080
1030 4650 3980 6060
1020 4650 3990 6060
1010 4650 3990 6050
1000 4660 3980 6080
1010 4660 3960 6080
1000 4660 3960 6080
1000 4660 3960 6080
1000 4650 3960 6080
1000 4650 3960 6070
1000 4640 3960 6060
1000 4650 3960 6080
1000 4640 3980 6070
1010 4640 3980 6060
1020 4640 3980 6050
1020 4640 3980 6050
1010 4640 3990 6080
1010 4640 3980 6050
1010 4630 3980 6080
1000 4620 3980 6070
1010 4620 3980 6050
1010 4630 3980 6070
1010 4650 3980 6050
990 4660 3980 6080
990 4650 3960 6080
1000 4650 3960 6050
1000 4630 3980 6080
990 4660 3980 6080
990 4660 3960 6080
970 4660 3980 6060
980 4660 3980 6050
1000 4660 3980 6060
1020 4650 3960 6080
1000 4640 3980 6050
1010 4640 3960 6060
1020 4650 3980 6080
1030 4650 3980 6080
1030 4650 3980 6050
1030 4660 3980 6060
1010 4650 3980 6050
1020 4650 3980 6050
1010 4650 3980 6080
1000 4650 3980 6050
980 4650 3990 6050
970 4650 3980 6080
980 4640 3960 6070
990 4630 3960 6060
1020 4620 3960 6050
1020 4620 3960 6070
1000 4630 3980 6050
1000 4630 3980 6060
1010 4630 3980 6050
1010 4630 3980 6080
1010 4630 3980 6060
1010 4630 3980 6050
1000 4660 3980 6060
1000 4660 3980 6070
1010 4660 3960 6070
1020 4660 3980 6080
1020 4640 3980 6050
1030 4640 3960 6050
1040 4650 3980 6060
1020 4650 3980 6060
1000 4650 3980 6080
980 4640 3980 6080
970 4640 3980 6080
980 4630 3980 6060
1000 4640 3960 6080
990 4640 3960 6060
960 4640 3990 6060
990 4640 3990 6070
960 4630 3990 6050
990 4640 3980 6080
970 4640 3980 6050
970 4640 3980 6070
980 4640 3980 6050
990 4640 3980 6080
1010 4640 3960 6080
1010 4640 3980 6050
1000 4630 3980 6050
1020 4630 3980 6080
1030 4640 3980 6080
1030 4640 3990 6050
1030 4640 3990 6060
1020 4640 3980 6080
1010 4640 3980 6070
1000 4640 3980 6080
1000 4640 3980 6060
1020 4640 3980 6060
1020 4640 3980 6080
1020 4630 3960 6050
1010 4650 3960 6050
1010 4640 3960 6080
1030 4650 3950 6050
1040 4650 3950 6080
1040 4650 3960 6050
1030 4640 3960 6080
1020 4650 3960 6080
1040 4650 3960 6070
1020 4650 3960 6080
1000 4650 3960 6060
1000 4660 3960 6060
990 4660 3960 6080
990 4660 3960 6070
1010 4650 3960 6060
1010 4660 3960 6050
1030 4650 3960 6060
1020 4640 3960 6060
1010 4640 3980 6080
1000 4650 3960 6060
1010 4660 3960 6050
990 4660 3960 6070
990 4670 3980 6070
990 4660 3980 6070
990 4670 3980 6060
990 4670 3980 6060
1010 4680 3980 6050
1020 4680 3980 6050
1030 4670 3990 6080
1030 4650 3980 6080
1040 4640 3960 6050
1030 4650 3980 6050
1030 4660 3990 6060
1040 4650 3990 6050
