1460 4740 3430 5640
1460 4740 3430 5630
1470 4750 3430 5630
1470 4750 3420 5620
1490 4750 3420 5620
1490 4750 3420 5620
1490 4750 3420 5630
1490 4740 3420 5650
1470 4750 3420 5660
1470 4730 3420 5660
1470 4740 3420 5640
1490 4730 3430 5640
1490 4740 3430 5640
1490 4740 3420 5650
1490 4730 3420 5650
1500 4750 3420 5650
1500 4740 3410 5640
1510 4750 3410 5650
1510 4740 3410 5650
1510 4740 3410 5650
1510 4740 3410 5650
1510 4750 3410 5650
1510 4750 3420 5640
1510 4750 3420 5640
1490 4730 3410 5640
1500 4730 3410 5640
1500 4740 3420 5650
1470 4750 3420 5650
1470 4740 3420 5660
1470 4740 3420 5660
1470 4730 3430 5660
1470 4730 3430 5660
1470 4720 3430 5650
1490 4710 3420 5650
1490 4730 3400 5650
1470 4730 3400 5660
1470 4720 3410 5670
1470 4720 3410 5670
1470 4730 3400 5670
1470 4730 3400 5660
1470 4720 3410 5660
1470 4740 3410 5660
1470 4750 3410 5660
1470 4740 3410 5640
1470 4730 3410 5640
1450 4740 3410 5640
1470 4740 3410 5640
1500 4740 3420 5640
1510 4730 3420 5640
1510 4740 3420 5640
1510 4750 3420 5640
1490 4740 3420 5640
1500 4750 3420 5640
1530 4760 3420 5640
1530 4760 3420 5640
1520 4760 3410 5630
1530 4770 3400 5620
1500 4760 3410 5630
1490 4750 3420 5650
1490 4750 3420 5660
1500 4750 3430 5640
1500 4750 3430 5630
1500 4750 3430 5640
1500 4770 3430 5630
1500 4760 3410 5630
1490 4760 3410 5630
1490 4760 3410 5620
1500 4770 3420 5620
1490 4760 3420 5630
1500 4760 3420 5640
1500 4750 3410 5640
1490 4760 3410 5660
1490 4760 3420 5640
1490 4760 3420 5630
1490 4760 3420 5620
1490 4750 3420 5620
1470 4750 3420 5620
1490 4750 3420 5620
1500 4750 3430 5620
1500 4750 3440 5620
1500 4760 3440 5620
1500 4760 3430 5620
1500 4750 3420 5610
1500 4740 3420 5620
1500 4740 3430 5620
1490 4740 3430 5610
1500 4740 3430 5600
1490 4740 3430 5610
1490 4750 3430 5620
1490 4750 3430 5620
1490 4750 3430 5630
1490 4750 3430 5640
1490 4740 3420 5660
1490 4750 3410 5650
1490 4740 3410 5650
1490 4750 3410 5660
1470 4760 3410 5650
1470 4760 3420 5650
1470 4770 3440 5640
1490 4760 3440 5650
1490 4760 3430 5650
1490 4750 3440 5650
1490 4750 3440 5640
1490 4750 3430 5640
1470 4750 3430 5630
1490 4750 3420 5630
1490 4750 3420 5640
1470 4750 3420 5650
1490 4750 3420 5640
1470 4750 3420 5640
1470 4770 3420 5640
1470 4770 3420 5640
1470 4770 3420 5640
1490 4770 3430 5650
1490 4760 3430 5650
1490 4750 3430 5650
1490 4750 3430 5660
1500 4750 3420 5660
1520 4740 3420 5660
1510 4750 3420 5660
1500 4740 3420 5660
1500 4740 3420 5650
1470 4750 3430 5660
1460 4750 3430 5660
1460 4750 3430 5660
1470 4750 3430 5660
1470 4750 3430 5660
1470 4740 3420 5660
1470 4740 3420 5660
1470 4750 3430 5650
1460 4750 3430 5650
1460 4750 3430 5660
1470 4760 3440 5650
1460 4770 3430 5650
1460 4770 3430 5650
1460 4770 3430 5660
1460 4760 3430 5660
1460 4760 3430 5660
1460 4760 3440 5660
1460 4760 3440 5660
1460 4760 3430 5660
1460 4750 3430 5660
1460 4760 3430 5660
1460 4760 3430 5660
1460 4760 3430 5660
1470 4750 3420 5660
1470 4760 3430 5650
1490 4750 3420 5650
1470 4740 3420 5650
1470 4750 3420 5650
1470 4750 3420 5650
1470 4760 3430 5660
1470 4760 3430 5670
1450 4760 3430 5660
1450 4760 3430 5660
1460 4770 3450 5650
1460 4750 3450 5650
1490 4730 3440 5650
1500 4740 3430 5650
1500 4740 3440 5650
1460 4750 3430 5650
1460 4750 3430 5650
1450 4760 3430 5660
1440 4760 3420 5650
1440 4750 3420 5660
1440 4750 3420 5660
1460 4740 3410 5670
1470 4740 3410 5670
1470 4740 3420 5670
1470 4740 3420 5670
1470 4750 3420 5670
1500 4740 3410 5670
1500 4750 3410 5650
1500 4730 3410 5650
1500 4730 3400 5650
1500 4740 3400 5650
1490 4750 3410 5650
1490 4760 3410 5650
1490 4760 3410 5650
1490 4760 3410 5650
1490 4750 3410 5650
1490 4750 3420 5650
1470 4760 3420 5650
1470 4770 3420 5660
1470 4770 3420 5660
