2020 4980 2910 5400
2020 4970 2920 5400
2000 4970 2920 5400
2000 4960 2920 5400
2010 4960 2920 5400
2000 4950 2930 5400
2010 4950 2920 5400
2010 4950 2930 5410
2000 4950 2940 5420
2000 4970 2940 5420
2000 4980 2930 5420
2000 4980 2920 5420
2000 4980 2920 5420
2000 4970 2930 5410
2020 4970 2920 5410
2040 4970 2920 5410
2040 4970 2900 5380
2050 4980 2900 5370
2040 4980 2900 5370
2040 4980 2900 5370
2040 4990 2900 5380
2040 4990 2900 5400
2030 4990 2910 5410
2020 4980 2920 5420
2020 4990 2920 5410
2030 4990 2920 5410
2030 4990 2940 5410
2030 4990 2920 5420
2030 4960 2920 5410
2040 4970 2930 5410
2040 4970 2930 5400
2040 4970 2930 5400
2040 4950 2930 5400
2040 4950 2930 5400
2040 4960 2930 5400
2040 4960 2940 5400
2030 4970 2930 5390
2040 4970 2920 5380
2040 4970 2910 5380
2040 4970 2910 5380
2040 4970 2890 5390
2040 4970 2890 5380
2040 4980 2900 5360
2030 4970 2910 5370
2040 4990 2900 5370
2040 4970 2900 5350
2040 4970 2890 5350
2050 4970 2880 5360
2040 4970 2880 5370
2040 4970 2900 5370
2050 4970 2890 5380
2050 4980 2900 5390
2050 4970 2900 5390
2050 4980 2900 5390
2060 4970 2910 5390
2070 4970 2910 5380
2050 4970 2910 5370
2050 5000 2910 5360
2040 5000 2910 5360
2030 4990 2900 5350
2040 4960 2890 5360
2040 4970 2900 5360
2030 4980 2900 5360
2020 4970 2910 5360
2030 4980 2910 5360
2030 4980 2890 5360
2030 4960 2890 5350
2030 4970 2880 5340
2030 4970 2880 5340
2030 4970 2880 5340
2030 4960 2870 5350
2030 4970 2870 5360
2030 4970 2880 5340
2020 4980 2880 5350
2020 4990 2880 5340
2020 4990 2880 5350
2030 4990 2890 5340
2030 4990 2900 5340
2070 4980 2890 5350
2040 4990 2900 5350
2040 4990 2910 5360
2040 4990 2910 5380
2050 4980 2910 5400
2040 4970 2910 5400
2040 4980 2920 5410
2030 4980 2920 5400
2020 4980 2920 5400
2020 4980 2920 5400
2020 4980 2900 5400
2020 4980 2890 5390
2020 4990 2890 5380
2030 4990 2890 5380
2030 4970 2880 5370
2020 4990 2880 5350
2030 4990 2880 5350
2040 5000 2900 5350
2040 4990 2910 5370
2040 4990 2910 5370
2050 4990 2910 5380
2030 4980 2920 5370
2020 4980 2920 5380
2020 4970 2920 5400
2040 4980 2920 5410
2040 4980 2920 5410
2040 4980 2920 5410
2040 4960 2920 5400
2040 4970 2920 5400
2060 4970 2920 5400
2060 4970 2920 5400
2050 4980 2920 5410
2030 4960 2920 5410
2020 4960 2930 5410
2020 4950 2930 5410
2010 4950 2920 5410
2010 4950 2920 5410
2010 4950 2920 5410
2010 4960 2920 5410
2010 4960 2920 5410
2010 4970 2930 5410
2010 4980 2940 5410
2020 4980 2930 5410
2020 4960 2930 5410
2010 4980 2940 5410
2000 4970 2930 5400
2010 4980 2920 5380
2030 5000 2920 5370
2030 5010 2900 5370
2030 5010 2900 5370
2040 5000 2890 5370
2050 4990 2890 5360
2060 4980 2900 5350
2060 4970 2900 5350
2050 4970 2910 5380
2050 4980 2920 5390
2070 4970 2930 5400
2070 4970 2930 5400
2070 4980 2920 5410
2060 4980 2910 5430
2060 4960 2910 5440
2060 4960 2920 5430
2060 4970 2910 5420
2060 4980 2910 5410
2060 4970 2910 5390
2050 4970 2910 5390
2060 4980 2900 5390
2050 5000 2900 5370
2050 5000 2900 5370
2040 5000 2910 5380
2040 5000 2910 5380
2020 5000 2920 5380
2000 4990 2920 5380
2010 4990 2920 5370
2020 4990 2920 5370
2050 4980 2900 5370
2040 5000 2890 5380
2040 5000 2890 5370
2060 4980 2890 5360
2060 4970 2900 5360
2050 4970 2900 5360
2030 4990 2910 5360
2030 4990 2920 5370
2040 4990 2920 5370
2040 5000 2920 5370
2040 5010 2920 5380
2020 5000 2920 5380
2030 5000 2920 5360
2040 5000 2920 5360
2060 5000 2920 5370
2080 5000 2910 5370
2080 5000 2910 5370
2070 4990 2900 5380
2050 4990 2890 5370
2050 4990 2880 5370
2050 4970 2880 5370
2030 4960 2880 5360
2030 4970 2890 5350
2030 4980 2880 5350
2030 4970 2880 5350
2020 4970 2870 5350
2010 4980 2880 5350
2020 4970 2890 5350
2030 4980 2900 5360
2040 4990 2900 5370
2040 4980 2900 5370
2040 4980 2890 5370
2040 4990 2880 5360
2030 5000 2880 5350
2040 5000 2890 5350
2040 4990 2880 5350
2030 5000 2900 5350
2020 5000 2900 5360
2020 4990 2900 5360
2020 4990 2900 5380
2020 4980 2920 5410
2020 4990 2920 5410
2020 5000 2920 5410
2010 4990 2930 5410
2010 4980 2920 5410
2010 4990 2920 5400
2020 4990 2920 5400
2020 4990 2920 5410
2000 4990 2920 5400
2010 4990 2910 5400
2010 4980 2920 5400
2010 4990 2920 5410
2010 4990 2930 5410
2010 4990 2940 5410
2030 4980 2930 5410
2030 4990 2920 5410
2030 4990 2920 5410
2040 4990 2920 5400
2040 5000 2930 5390
2060 4980 2920 5390
2050 4970 2930 5400
2030 4950 2930 5390
2000 4970 2920 5390
2000 4980 2920 5390
2000 4980 2940 5380
2010 4980 2930 5390
2010 4970 2940 5390
2010 4960 2930 5380
2010 4960 2920 5380
2020 4960 2920 5380
2030 4960 2930 5390
2030 4960 2920 5390
2020 4960 2930 5390
2040 4950 2930 5400
2050 4950 2920 5400
2040 4950 2920 5400
2040 4950 2920 5400
2040 4950 2930 5390
2040 4980 2940 5390
2040 5000 2930 5370
2030 4990 2910 5340
2040 4990 2900 5340
2040 4990 2900 5340
