2510 5200 2440 5130
2510 5200 2450 5130
2500 5190 2450 5130
2500 5190 2440 5120
2500 5190 2440 5120
2510 5180 2420 5110
2510 5190 2430 5110
2510 5190 2430 5100
2510 5190 2420 5090
2510 5180 2420 5100
2510 5190 2420 5100
2500 5180 2430 5100
2500 5190 2420 5090
2500 5200 2420 5100
2510 5190 2430 5100
2510 5190 2430 5100
2510 5170 2420 5100
2520 5180 2420 5110
2520 5190 2420 5130
2520 5190 2420 5130
2520 5190 2430 5130
2520 5190 2430 5140
2500 5180 2420 5150
2500 5180 2420 5140
2500 5190 2420 5140
2500 5180 2420 5130
2510 5180 2430 5130
2500 5180 2420 5140
2510 5180 2420 5120
2530 5180 2420 5110
2520 5170 2400 5110
2510 5170 2420 5100
2500 5190 2420 5100
2510 5180 2420 5100
2520 5190 2430 5100
2520 5180 2420 5110
2520 5170 2420 5110
2510 5170 2420 5120
2510 5170 2420 5110
2500 5170 2420 5120
2510 5170 2430 5120
2520 5180 2430 5130
2520 5190 2430 5130
2520 5190 2420 5130
2520 5190 2420 5120
2520 5200 2400 5120
2520 5190 2400 5130
2510 5190 2400 5130
2510 5190 2400 5130
2500 5190 2400 5120
2500 5190 2420 5120
2500 5190 2420 5120
2490 5190 2400 5130
2490 5190 2400 5140
2510 5190 2400 5130
2530 5200 2400 5130
2520 5200 2400 5120
2500 5200 2400 5120
2510 5200 2400 5110
2510 5200 2420 5120
2510 5200 2420 5120
2500 5200 2420 5120
2500 5210 2440 5120
2510 5210 2430 5120
2510 5210 2430 5110
2520 5200 2440 5120
2530 5210 2430 5120
2530 5210 2430 5130
2520 5200 2420 5130
2510 5200 2430 5130
2520 5190 2430 5120
2510 5190 2420 5110
2500 5190 2420 5110
2510 5190 2420 5110
2510 5180 2400 5110
2520 5180 2400 5110
2520 5180 2400 5120
2530 5180 2400 5120
2510 5180 2400 5110
2520 5180 2400 5120
2510 5200 2420 5100
2520 5190 2400 5110
2520 5190 2400 5100
2520 5190 2400 5110
2510 5180 2420 5100
2510 5180 2420 5110
2510 5170 2400 5100
2510 5190 2390 5110
2510 5180 2400 5100
2510 5180 2400 5110
2510 5170 2400 5110
2500 5170 2400 5110
2510 5170 2390 5110
2510 5160 2400 5110
2510 5160 2400 5110
2510 5160 2400 5110
2520 5160 2400 5110
2510 5170 2400 5120
2510 5180 2400 5120
2500 5180 2400 5110
2510 5190 2400 5130
2510 5190 2400 5140
2510 5190 2420 5140
2510 5200 2420 5120
2510 5200 2430 5120
2530 5200 2440 5110
2520 5200 2440 5100
2530 5200 2440 5110
2520 5200 2440 5110
2510 5200 2440 5100
2520 5200 2440 5100
2520 5200 2430 5090
2520 5210 2420 5090
2530 5210 2420 5090
2540 5210 2420 5090
2530 5200 2420 5090
2520 5200 2420 5110
2500 5200 2420 5110
2500 5200 2430 5110
2500 5190 2420 5110
2500 5190 2420 5100
2510 5180 2420 5100
2500 5180 2430 5100
2500 5180 2420 5100
2520 5180 2420 5100
2510 5180 2420 5100
2500 5180 2420 5100
2520 5170 2420 5100
2520 5180 2420 5100
2510 5180 2420 5090
2510 5170 2430 5090
2510 5170 2430 5090
2510 5170 2440 5100
2510 5170 2430 5110
2510 5160 2430 5110
2510 5180 2440 5110
2510 5180 2440 5110
2510 5180 2440 5110
2520 5190 2440 5100
2510 5190 2420 5100
2510 5190 2420 5100
2520 5200 2420 5100
2510 5190 2420 5090
2500 5190 2420 5090
2500 5190 2420 5090
2500 5190 2430 5090
2510 5190 2420 5090
2510 5190 2420 5090
2510 5190 2420 5090
2510 5180 2420 70
2520 5170 2420 5090
2530 5180 2420 5090
2520 5190 2430 5100
2520 5180 2440 5110
2530 5180 2440 5110
2520 5180 2440 5110
2520 5170 2440 5110
2520 5170 2440 5110
2520 5180 2440 5110
2520 5190 2430 5110
2510 5190 2420 5110
2500 5190 2430 5110
2510 5180 2430 5110
2510 5170 2420 5110
2510 5170 2430 5110
2510 5170 2430 5100
2510 5180 2430 5100
2510 5180 2430 5100
2510 5170 2430 5090
2530 5170 2430 5090
2540 5170 2420 5090
2550 5180 2420 5100
2550 5180 2430 5100
2540 5170 2430 5100
2540 5180 2440 5110
2540 5170 2440 5110
2530 5180 2430 5110
2530 5180 2420 5110
2530 5180 2420 5110
2520 5170 2400 5110
2520 5180 2400 5110
2520 5180 2420 5100
2510 5180 2420 5100
2510 5170 2420 5100
2510 5180 2420 5110
2530 5170 2420 5110
2520 5180 2420 5100
2520 5170 2420 5100
2510 5160 2400 5100
2520 5170 2400 5100
2520 5180 2400 5090
2520 5190 2400 5090
2530 5190 2430 5090
2530 5190 2430 5090
2520 5190 2430 5090
2520 5180 2430 5100
