3060 5450 1980 4890
3070 5460 1970 4890
3090 5460 1960 4880
3090 5460 1960 4870
3090 5460 1960 4860
3080 5460 1960 4870
3080 5460 1960 4880
3080 5460 1950 4880
3080 5470 1960 4880
3070 5460 1950 4880
3070 5450 1950 4860
3070 5460 1960 4870
3060 5460 1970 4870
3060 5460 1970 4870
3060 5460 1980 4870
3060 5460 1980 4860
3060 5460 1970 4860
3060 5460 1970 4860
3060 5470 1970 4870
3060 5480 1970 4870
3060 5460 1970 4880
3060 5460 1950 4880
3070 5470 1950 4880
3070 5460 1960 4870
3070 5460 1960 4870
3070 5460 1950 4870
3060 5460 1950 4870
3050 5460 1950 4870
3060 5470 1960 4870
3060 5450 1960 4860
3060 5460 1940 4870
3070 5460 1940 4860
3070 5450 1940 4860
3080 5440 1940 4870
3070 5440 1940 4880
3060 5440 1950 4880
3050 5450 1950 4870
3050 5450 1950 4870
3050 5460 1960 4890
3060 5460 1960 4890
3060 5460 1950 4890
3060 5460 1950 4880
3050 5460 1950 4890
3050 5470 1960 4910
3050 5470 1970 4910
3050 5470 1980 4890
3070 5470 1960 4890
3060 5470 1950 4910
3050 5460 1950 4890
3060 5460 1950 4910
3050 5450 1950 4890
3050 5450 1940 4880
3050 5460 1940 4880
3050 5450 1950 4870
3050 5450 1950 4870
3050 5460 1950 4880
3060 5470 1950 4880
3060 5460 1950 4880
3060 5460 1960 4880
3060 5470 1960 4880
3050 5470 1960 4880
3050 5450 1980 4890
3050 5450 1970 4880
3050 5450 1970 4880
3050 5450 1970 4890
3060 5460 1970 4890
3060 5460 1960 4910
3070 5450 1940 4890
3070 5450 1950 4890
3070 5460 1960 4890
3070 5460 1960 4890
3070 5460 1950 4890
3070 5470 1960 4910
3070 5470 1950 4910
3060 5470 1960 4910
3060 5470 1950 4910
3060 5470 1960 4910
3060 5460 1960 4910
3070 5460 1970 4910
3070 5460 1960 4910
3070 5460 1960 4890
3080 5450 1960 4890
3060 5450 1950 4910
3060 5470 1950 4910
3060 5460 1950 4910
3060 5470 1960 4910
3060 5460 1960 4910
3070 5460 1950 4910
3070 5460 1960 4910
3070 5470 1950 4890
3080 5470 1960 4890
3070 5470 1960 4890
3060 5470 1960 4880
3050 5460 1960 4890
3050 5460 1960 4910
3050 5460 1960 4890
3050 5460 1960 4890
3030 5460 1950 4880
3050 5460 1950 4890
3050 5470 1950 4880
3050 5470 1950 4880
3050 5470 1960 4870
3050 5470 1960 4880
3060 5470 1960 4870
3060 5470 1950 4880
3050 5460 1960 4880
3060 5460 1960 4880
3070 5470 1960 4890
3080 5480 1960 4890
3070 5480 1960 4890
3080 5470 1970 4890
3060 5460 1970 4880
3060 5460 1970 4880
3050 5450 1970 4880
3060 5450 1970 4890
3070 5460 1970 4880
3060 5440 1970 4880
3050 5450 1970 4910
3050 5450 1960 4890
3050 5450 1970 4890
3060 5450 1970 4890
3060 5450 1970 4910
3060 5450 1970 4890
3050 5460 1970 4890
3050 5470 1970 4890
3050 5470 1970 4880
3060 5460 1960 4890
3060 5470 1960 4880
3050 5470 1960 4910
3050 5470 1960 4910
3060 5460 1960 4890
3060 5460 1960 4890
3070 5460 1970 4890
3060 5460 1960 4910
3050 5450 1960 4910
3050 5440 1960 4910
3050 5450 1960 4890
3050 5460 1970 4890
3050 5460 1970 4910
3030 5450 1970 4890
3050 5450 1970 4890
3050 5460 1970 4890
3050 5460 1970 4910
3050 5460 1980 4890
3050 5460 1980 4890
3030 5460 1980 4880
3050 5460 1970 4870
3050 5450 1960 4880
3060 5470 1970 4870
3060 5470 1970 4890
3060 5470 1970 4890
3050 5450 1970 4910
3050 5450 1970 4910
3050 5460 1970 4910
3050 5460 1960 4910
3060 5460 1960 4890
3060 5470 1960 4890
3060 5470 1960 4880
3060 5470 1960 4890
3050 5460 1970 4880
3060 5460 1980 4890
3060 5460 1970 4890
3060 5460 1970 4890
3060 5460 1970 4890
3060 5460 1970 4910
3060 5460 1970 4910
3060 5460 1970 4910
3060 5460 1970 4910
3060 5460 1970 4910
3060 5460 1970 4910
3060 5460 1970 4890
3060 5460 1970 4890
3060 5460 1950 4890
3060 5450 1960 4880
3050 5450 1960 4870
3060 5460 1960 4880
3060 5470 1960 4880
3050 5460 1960 4890
3050 5470 1970 4910
3050 5460 1980 4890
3060 5470 1980 4910
3060 5470 1980 4910
3060 5460 1990 4910
3060 5450 1990 4910
3060 5450 1980 4910
3060 5470 1970 4910
3050 5480 1960 4910
3050 5470 1960 4910
3060 5470 1950 4910
3060 5460 1950 4910
3060 5450 1960 4910
3050 5450 1970 4920
3050 5460 1960 4920
3050 5460 1950 4920
3030 5460 1960 4920
3030 5460 1970 4920
3050 5460 1970 4910
3050 5450 1970 4890
3050 5450 1960 4890
3060 5450 1950 4890
3060 5450 1950 4890
3060 5450 1950 4910
3060 5450 1950 4920
3070 5460 1960 4920
3070 5470 1960 4920
3060 5470 1960 4920
3060 5480 1960 4920
3050 5480 1960 4920
3030 5480 1960 4920
3030 5470 1950 4920
3030 5460 1950 4920
3030 5450 1950 4920
3050 5450 1950 4920
3050 5450 1950 4930
3050 5450 1950 4920
3060 5450 1950 4910
3060 5450 1950 4920
3060 5460 1950 4920
3060 5460 1960 4920
3060 5460 1950 4930
3050 5460 1950 4930
3030 5460 1950 4920
3030 5460 1960 4920
3030 5460 1950 4920
3030 5470 1960 4920
