3530 5770 1390 4660
3530 5770 1410 4660
3510 5770 1420 4660
3510 5770 1440 4660
3520 5770 1430 4660
3520 5780 1430 4650
3520 5770 1430 4650
3520 5780 1420 4650
3520 5780 1420 4660
3520 5780 1400 4680
3520 5790 1400 4670
3520 5790 1400 4660
3530 5790 1410 4650
3540 5790 1410 4650
3550 5780 1410 4650
3540 5780 1410 4660
3550 5780 1410 4670
3550 5780 1410 4670
3550 5770 1390 4680
3540 5770 1390 4690
3540 5760 1390 4690
3540 5760 1400 4690
3540 5760 1390 4690
3530 5760 1400 4690
3540 5770 1400 4690
3540 5760 1400 4690
3550 5760 1400 4680
3550 5770 1400 4680
3550 5770 1400 4680
3540 5770 1410 4690
3540 5770 1410 4690
3540 5770 1410 4680
3530 5770 1410 4680
3530 5770 1420 4680
3520 5770 1420 4680
3530 5780 1420 4670
3520 5780 1420 4670
3530 5780 1420 4670
3520 5780 1420 4660
3530 5780 1420 4660
3530 5780 1420 4660
3520 5790 1390 4670
3500 5780 1380 4670
3500 5770 1380 4670
3500 5760 1410 4680
3510 5760 1400 4680
3530 5770 1400 4680
3520 5780 1400 4680
3530 5780 1400 4680
3540 5780 1400 4680
3540 5770 1400 4670
3500 5770 1400 4680
3550 5760 1410 4680
3510 5770 1410 4670
3550 5780 1400 4670
3550 5780 1400 4670
3540 5780 1400 4680
3530 5770 1400 4680
3500 5780 1410 4680
3550 5780 1410 4670
3510 5780 1410 4670
3540 5770 1430 4680
3540 5770 1430 4680
3530 5790 1430 4660
3530 5780 1420 4660
3530 5780 1420 4660
3540 5780 1410 4670
3530 5780 1420 4660
3520 5790 1440 4670
3520 5790 1440 4650
3520 5790 1430 4650
3510 5790 1410 4650
3510 5790 1420 4660
3520 5800 1420 4660
3530 5810 1420 4660
3540 5790 1410 4670
3530 5780 1430 4660
3530 5780 1420 4670
3530 5800 1410 4670
3530 5800 1410 4670
3530 5800 1400 4650
3520 5800 1400 4660
3530 5800 1390 4670
3530 5780 1400 4660
3530 5780 1400 4670
3530 5770 1420 4660
3520 5770 1430 4660
3520 5770 1420 4670
3520 5770 1420 4660
3530 5780 1420 4660
3520 5780 1420 4670
3520 5780 1410 4660
3520 5780 1410 4670
3520 5780 1400 4660
3520 5780 1400 4660
3530 5780 1400 4660
3530 5780 1410 4650
3520 5780 1420 4650
3520 5780 1420 4650
3520 5780 1420 4670
3510 5780 1430 4670
3520 5780 1430 4670
3520 5770 1430 4660
3510 5770 1430 4660
3520 5780 1430 4660
3510 5780 1430 4660
3510 5780 1430 4670
3510 5780 1420 4650
3510 5780 1420 4650
3520 5780 1410 4650
3520 5790 1410 4660
3520 5790 1400 4660
3520 5780 1410 4680
3520 5780 1410 4690
3530 5780 1430 4680
3540 5790 1420 4690
3540 5800 1420 4690
3540 5800 1410 4680
3510 5780 1420 4680
3530 5780 1420 4680
3550 5780 1420 4670
3540 5780 1420 4670
3540 5790 1420 4670
3550 5790 1420 4680
3530 5800 1410 4660
3540 5790 1420 4660
3550 5790 1410 4650
3540 5790 1420 4650
3530 5770 1420 4640
3530 5770 1400 4640
3540 5760 1420 4650
3540 5760 1420 4650
3540 5780 1400 4660
3540 5780 1400 4660
3550 5780 1400 4650
3530 5770 1400 4650
3530 5780 1390 4660
3540 5790 1400 4670
3540 5790 1410 4670
3540 5790 1430 4680
3540 5790 1430 4680
3540 5790 1430 4680
3540 5780 1430 4680
3550 5780 1440 4670
3540 5790 1440 4660
3530 5790 1430 4670
3540 5780 1410 4670
3540 5780 1410 4670
3530 5780 1420 4670
3530 5790 1410 4660
3540 5790 1420 4660
3540 5780 1420 4660
3540 5790 1400 4670
3540 5790 1410 4690
3530 5800 1420 4700
3540 5810 1430 4700
3540 5800 1430 4690
3540 5790 1430 4670
3540 5790 1430 4660
3540 5790 1430 4660
3540 5790 1420 4670
3520 5790 1420 4670
3530 5790 1410 4670
3540 5780 1400 4670
3530 5780 1400 4670
3530 5780 1390 4660
3520 5790 1400 4660
3520 5790 1400 4660
3530 5790 1400 4660
3540 5780 1410 4660
3540 5780 1400 4660
3540 5790 1410 4670
3540 5800 1410 4680
3540 5790 1410 4690
3550 5800 1400 4680
3550 5800 1390 4680
3550 5790 1390 4680
3540 5790 1400 4680
3540 5780 1400 4670
3550 5780 1410 4670
3540 5780 1410 4670
3540 5780 1410 4660
3540 5780 1410 4660
3540 5800 1430 4660
3540 5780 1410 4660
3540 5780 1410 4660
3550 5780 1410 4670
3550 5770 1410 4670
3550 5770 1410 4660
3550 5770 1410 4660
3540 5770 1410 4660
3550 5780 1410 4660
3540 5790 1410 4670
3550 5790 1410 4680
3540 5800 1410 4680
3540 5800 1410 4670
3520 5780 1400 4660
3520 5780 1400 4680
3520 5780 1400 4670
3530 5780 1410 4660
3520 5780 1410 4660
3520 5780 1410 4660
3510 5760 1410 4670
3510 5760 1410 4670
3500 5770 1410 4660
3520 5770 1430 4660
3520 5770 1420 4660
3520 5770 1420 4660
3530 5780 1410 4660
3530 5780 1410 4660
3530 5790 1410 4660
3520 5780 1410 4670
3530 5780 1410 4680
3530 5770 1410 4680
3530 5770 1410 4680
3530 5770 1410 4680
3520 5770 1410 4670
