4030 6100 1000 4560
4030 6110 1000 4560
4030 6100 1010 4560
4020 6100 1000 4560
4020 6110 1000 4550
4030 6120 1000 4550
4030 6120 1000 4560
4030 6110 1000 4550
4030 6110 1000 4550
4030 6110 1000 4550
4030 6110 1000 4550
4030 6110 990 4550
4030 6110 990 4550
4030 6120 1000 4550
4030 6120 1010 4550
4020 6120 1000 4540
4020 6120 1000 4540
4020 6120 1000 4540
4020 6110 1000 4530
4030 6110 990 4550
4040 6110 990 4550
4040 6110 1000 4550
4030 6110 1000 4540
4030 6110 1000 4540
4030 6110 990 4540
4030 6120 990 4530
4030 6120 990 4520
4040 6110 990 4530
4030 6100 1000 4530
4030 6100 990 4530
4030 6100 990 4530
4030 6100 1010 4540
4040 6110 1000 4540
4030 6120 990 4550
4030 6120 990 4540
4030 6110 990 4540
4030 6110 990 4550
4030 6110 980 4540
4040 6110 980 4530
4040 6110 980 4530
4040 6110 980 4540
4030 6110 980 4540
4030 6110 990 4530
4040 6100 990 4520
4030 6100 1000 4530
4040 6110 1000 4530
4030 6120 990 4530
4030 6120 990 4540
4030 6120 990 4540
4030 6120 990 4550
4040 6120 990 4550
4040 6120 1000 4550
4040 6120 1000 4550
4040 6110 1000 4550
4030 6110 1000 4550
4030 6110 1010 4560
4040 6110 1000 4550
4050 6120 1000 4550
4050 6110 1000 4550
4050 6110 1000 4550
4030 6110 1000 4550
4020 6100 1000 4550
4040 6100 1000 4550
4030 6110 1000 4560
4030 6120 1000 4540
4030 6120 1010 4540
4040 6120 1010 4550
4050 6110 1000 4550
4050 6110 1000 4550
4060 6110 990 4550
4050 6100 1000 4550
4050 6100 990 4550
4040 6100 990 4550
4030 6110 980 4550
4030 6110 980 4540
4040 6120 990 4540
4050 6120 990 4550
4050 6120 990 4560
4040 6120 990 4560
4040 6110 980 4560
4040 6120 970 4550
4050 6120 980 4550
4050 6120 980 4550
4040 6120 970 4550
4040 6120 980 4550
4030 6120 990 4550
4020 6120 1000 4550
4030 6120 990 4550
4040 6120 990 4550
4040 6120 990 4550
4050 6120 990 4550
4040 6120 990 4550
4060 6120 980 4540
4070 6110 1000 4540
4070 6110 1000 4540
4070 6110 1000 4540
4080 6100 1000 4540
4080 6100 1000 4540
4050 6120 1000 4550
4050 6110 1000 4550
4050 6120 1000 4550
4040 6120 1000 4550
4040 6120 1000 4550
4030 6120 1000 4550
4040 6120 990 4550
4050 6120 980 4550
4050 6110 970 4540
4050 6110 980 4540
4040 6110 980 4550
4040 6120 980 4550
4030 6110 990 4550
4030 6120 990 4540
4040 6110 990 4550
4030 6110 990 4550
4030 6110 990 4550
4030 6100 1000 4550
4030 6100 1000 4560
4030 6100 1000 4550
4030 6100 1000 4550
4030 6100 1000 4550
4030 6110 1000 4550
4030 6110 1000 4550
4030 6110 990 4550
4020 6120 990 4550
4030 6110 980 4550
4030 6110 990 4550
4020 6110 980 4550
4010 6110 990 4540
4020 6100 990 4540
4030 6110 990 4550
4030 6100 990 4550
4040 6110 990 4550
4050 6100 990 4550
4050 6100 990 4550
4040 6110 980 4550
4040 6110 990 4550
4040 6110 990 4550
4030 6110 1000 4540
4030 6110 990 4550
4040 6100 990 4540
4030 6100 980 4540
4030 6110 980 4540
4040 6110 980 4540
4040 6110 980 4540
4040 6120 980 4540
4040 6120 970 4550
4030 6110 990 4560
4030 6100 990 4560
4020 6110 990 4550
4030 6110 990 4540
4030 6120 990 4550
4030 6120 1000 4560
4040 6120 990 4550
4030 6110 990 4550
4040 6110 1000 4550
4040 6110 990 4540
4030 6120 990 4540
4030 6110 990 4550
4030 6110 990 4550
4020 6110 990 4550
4020 6110 1000 4550
4020 6110 1000 4550
4020 6110 1000 4550
4030 6110 990 4560
4030 6110 990 4560
4030 6110 980 4560
4030 6120 980 4560
4030 6120 990 4560
4030 6120 990 4550
4030 6110 990 4550
4030 6110 990 4550
4020 6110 990 4550
4020 6110 990 4540
4030 6110 990 4550
4020 6100 990 4550
4030 6110 990 4550
4030 6110 990 4550
4030 6110 990 4550
4030 6120 990 4550
4040 6100 990 4550
4030 6100 990 4560
4030 6100 990 4560
4030 6110 990 4550
4040 6110 990 4550
4050 6120 990 4550
4040 6120 990 4550
4030 6110 990 4540
4030 6100 1000 4540
4040 6100 1000 4550
4060 6100 990 4550
4050 6110 990 4550
4040 6090 990 4550
4040 6090 990 4550
4030 6090 990 4550
4040 6090 990 4550
4040 6090 980 4550
4040 6100 970 4550
4030 6100 980 4550
4030 6110 980 4550
4030 6130 990 4550
4030 6120 990 4550
4030 6120 1000 4550
4030 6120 1000 4550
4030 6120 1010 4550
4030 6120 1010 4540
4040 6100 1000 4540
4040 6100 1000 4550
4030 6100 1000 4550
4030 6100 990 4550
4030 6100 990 4550
4030 6100 990 4550
4040 6110 990 4550
4040 6110 990 4550
4030 6110 990 4550
4040 6110 990 4550
4040 6120 1000 4540
4040 6110 1000 4550
4040 6100 1000 4550
