4500 6400 1020 4400
4510 6410 1020 4400
4510 6410 1030 4410
4500 6410 1030 4400
4500 6400 1030 4400
4500 6400 1030 4400
4500 6400 1020 4400
4500 6390 1020 4400
4500 6390 1020 4400
4500 6400 1020 4410
4500 6390 1010 4400
4500 6390 1010 4410
4500 6390 1010 4410
4500 6400 1010 4410
4500 6400 1010 4400
4500 6400 1020 4400
4500 6390 1020 4410
4500 6390 1020 4400
4500 6390 1020 4400
4490 6400 1020 4410
4490 6400 1010 4400
4490 6400 1020 4400
4490 6400 1010 4400
4500 6410 1010 4400
4500 6400 1020 4400
4510 6390 1020 4400
4500 6400 1020 4410
4500 6390 1010 4400
4490 6400 1010 4400
4490 6400 1020 4400
4490 6400 1030 4400
4490 6400 1020 4400
4490 6400 1020 4400
4490 6400 1030 4420
4490 6410 1040 4410
4490 6410 1030 4400
4500 6410 1030 4400
4500 6400 1020 4390
4500 6390 1020 4390
4510 6400 1020 4400
4510 6390 1030 4410
4520 6380 1030 4410
4510 6380 1030 4410
4510 6380 1030 4410
4510 6390 1020 4400
4510 6400 1010 4410
4520 6400 1010 4400
4510 6410 1010 4400
4510 6410 1010 4400
4510 6410 1020 4390
4500 6410 1020 4380
4500 6410 1020 4400
4500 6400 1020 4400
4500 6400 1020 4400
4490 6400 1020 4400
4500 6410 1020 4400
4500 6420 1010 4400
4500 6420 1010 4400
4490 6420 1010 4410
4500 6420 1010 4400
4500 6420 1020 4400
4500 6410 1020 4400
4500 6410 1010 4400
4510 6400 1010 4400
4500 6410 1010 4390
4510 6400 1010 4390
4510 6400 1020 4390
4520 6400 1020 4390
4520 6400 1020 4390
4520 6400 1020 4390
4500 6400 1020 4390
4500 6410 1010 4400
4500 6410 1010 4400
4500 6420 1010 4400
4500 6420 1020 4420
4510 6410 1010 4400
4520 6410 1020 4390
4500 6410 1020 4390
4500 6410 1020 4400
4500 6400 1020 4400
4490 6410 1020 4400
4490 6410 1020 4400
4490 6400 1020 4400
4490 6390 1020 4410
4490 6390 1010 4400
4490 6390 1020 4400
4490 6400 1020 4400
4500 6390 1020 4380
4490 6390 1010 4380
4480 6390 1010 4400
4490 6400 1020 4400
4490 6400 1030 4420
4490 6400 1030 4420
4480 6400 1030 4410
4500 6400 1030 4410
4510 6400 1020 4410
4510 6410 1020 4420
4500 6400 1020 4430
4510 6410 1020 4410
4510 6410 1030 4410
4510 6420 1030 4420
4500 6410 1030 4410
4500 6410 1020 4400
4500 6410 1010 4400
4500 6410 1020 4400
4500 6410 1020 4410
4500 6400 1030 4400
4500 6400 1030 4410
4500 6400 1020 4400
4490 6400 1010 4400
4500 6400 1020 4400
4500 6400 1020 4400
4500 6400 1030 4420
4490 6400 1030 4400
4490 6400 1020 4400
4500 6400 1020 4410
4500 6400 1010 4410
4500 6400 1010 4410
4490 6400 1010 4400
4500 6390 1010 4410
4500 6380 1020 4400
4500 6390 1010 4400
4490 6400 1010 4400
4500 6390 1010 4400
4490 6390 1010 4400
4490 6390 1020 4400
4500 6390 1020 4400
4490 6390 1010 4400
4480 6400 1020 4400
4480 6400 1020 4400
4490 6400 1020 4400
4490 6400 1020 4390
4490 6400 1030 4400
4490 6410 1030 4400
4490 6400 1020 4410
4490 6400 1020 4400
4500 6400 1020 4390
4510 6400 1020 4400
4510 6400 1020 4390
4510 6390 1020 4400
4500 6400 1020 4400
4500 6400 1020 4400
4500 6400 1020 4400
4500 6400 1020 4400
4510 6400 1010 4400
4500 6400 1020 4400
4500 6400 1020 4410
4500 6400 1010 4400
4500 6400 1010 4410
4500 6390 1020 4400
4500 6390 1020 4400
4510 6390 1010 4410
4500 6400 1010 4400
4500 6390 1010 4400
4490 6390 1020 4400
4480 6390 1020 4400
4480 6390 1020 4400
4480 6390 1010 4400
4480 6400 1020 4410
4490 6390 1020 4400
4500 6390 1010 4400
4500 6390 1010 4410
4500 6400 1010 4400
4490 6390 1020 4410
4490 6390 1020 4400
4500 6390 1020 4400
4490 6380 1030 4400
4490 6380 1030 4410
4490 6390 1030 4410
4490 6390 1030 4410
4490 6400 1030 4400
4490 6400 1030 4400
4500 6410 1030 4400
4510 6410 1020 4400
4500 6410 1030 4400
4500 6410 1020 4390
4500 6410 1020 4390
4500 6410 1020 4400
4490 6410 1020 4400
4490 6410 1010 4390
4490 6410 1020 4390
4490 6410 1020 4400
4490 6400 1020 4400
4490 6390 1020 4400
4500 6390 1020 4420
4500 6390 1020 4410
4510 6390 1020 4400
4500 6390 1030 4400
4500 6390 1030 4410
4500 6390 1030 4400
4500 6390 1010 4390
4500 6380 1010 4390
4500 6380 1020 4410
4500 6380 1020 4400
4490 6390 1030 4400
4490 6390 1030 4400
4500 6390 1030 4410
4490 6400 1030 4410
4490 6410 1030 4410
4490 6410 1030 4400
4490 6410 1030 4400
4490 6410 1030 4400
4480 6410 1030 4400
4490 6410 1030 4400
4500 6410 1030 4400
4500 6410 1030 4390
4500 6410 1020 4410
4490 6410 1020 4400
4500 6410 1020 4400
4490 6410 1020 4410
4500 6410 1020 4400
4500 6410 1020 4410
4500 6410 1010 4420
4500 6410 1010 4410
4500 6410 1010 4420
4500 6410 1020 4420
4490 6410 1020 4410
4490 6420 1020 4410
4500 6410 1010 4410
4500 6410 1010 4400
4500 6400 1020 4410
4490 6410 1030 4410
4480 6410 1020 4410
4490 6410 1030 4410
4490 6400 1030 4400
4490 6400 1030 4400
4490 6410 1030 4400
4490 6400 1030 4410
4490 6400 1030 4400
4490 6400 1030 4400
4490 6400 1030 4400
4500 6400 1030 4400
4500 6400 1030 4410
4500 6390 1030 4410
4510 6390 1030 4410
4500 6390 1030 4400
4490 6390 1030 4410
4490 6400 1020 4420
4490 6400 1020 4410
4490 6390 1020 4400
4490 6390 1010 4400
4480 6390 1010 4410
4480 6390 1010 4430
4490 6400 1010 4430
4490 6410 1020 4430
4490 6410 1020 4400
4490 6400 1020 4390
4490 6400 1020 4400
4490 6400 1010 4390
4490 6410 1010 4390
4490 6420 1020 4390
4490 6410 1020 4390
4480 6400 1020 4390
4490 6400 1010 4400
4490 6400 1010 4400
4480 6400 1020 4410
4480 6400 1020 4410
4480 6400 1010 4410
4480 6410 1010 4410
4480 6410 1010 4410
4480 6400 1000 4400
4490 6400 1000 4400
4500 6400 1000 4400
4500 6390 1010 4400
4500 6390 1010 4400
4490 6390 1020 4400
4500 6390 1020 4400
4500 6400 1020 4400
4500 6400 1020 4400
4490 6400 1030 4400
4490 6410 1030 4400
4480 6410 1030 4410
4480 6410 1030 4410
4490 6400 1030 4400
4490 6400 1030 4400
4480 6400 1030 4400
