4540 6450 710 4480
4540 6450 680 4490
4550 6440 700 4490
4550 6450 680 4490
4550 6450 670 4490
4540 6470 680 4490
4550 6470 680 4500
4560 6470 680 4490
4560 6480 680 4490
4550 6490 680 4490
4560 6480 670 4490
4560 6480 670 4480
4560 6480 670 4480
4550 6480 680 4480
4560 6470 660 4470
4560 6470 670 4470
4550 6480 690 4470
4560 6470 690 4470
4560 6470 700 4470
4550 6480 700 4470
4550 6470 680 4460
4550 6470 700 4470
4560 6470 690 4480
4550 6470 690 4480
4550 6470 680 4480
4560 6470 680 4490
4560 6440 680 4510
4570 6450 670 4500
4570 6450 670 4500
4570 6450 670 4500
4570 6450 670 4500
4570 6450 650 4500
4570 6470 670 4490
4570 6450 670 4490
4560 6440 680 4480
4560 6470 680 4480
4560 6480 690 4480
4560 6480 710 4480
4560 6470 690 4480
4560 6470 710 4490
4560 6470 720 4490
4560 6470 700 4490
4550 6480 710 4480
4550 6490 700 4470
4550 6470 680 4470
4560 6480 680 4480
4550 6480 690 4500
4550 6480 690 4500
4560 6480 690 4490
4560 6490 680 4480
4560 6490 690 4480
4550 6500 700 4480
4550 6480 690 4470
4540 6490 670 4480
4540 6470 680 4480
4530 6470 670 4470
4540 6450 670 4480
4540 6450 670 4480
4530 6450 670 4490
4530 6480 660 4480
4540 6480 660 4490
4540 6470 650 4490
4540 6480 670 4490
4550 6470 670 4470
4540 6480 690 4470
4540 6480 690 4470
4540 6480 690 4480
4540 6480 690 4480
4540 6480 700 4480
4540 6480 670 4490
4540 6480 670 4480
4540 6480 670 4480
4540 6470 640 4470
4540 6470 650 4480
4540 6450 670 4480
4550 6470 660 4480
4540 6450 660 4480
4550 6450 650 4480
4550 6440 660 4490
4550 6450 660 4490
4550 6450 670 4480
4550 6470 670 4470
4560 6470 660 4470
4540 6480 660 4480
4540 6480 650 4490
4540 6470 660 4480
4540 6470 660 4480
4540 6480 660 4470
4540 6480 670 4470
4540 6470 670 4470
4550 6470 650 4490
4560 6470 660 4490
4550 6470 650 4490
4540 6470 640 4490
4540 6480 640 4500
4540 6470 640 4490
4540 6480 640 4480
4540 6480 640 4480
4540 6490 660 4480
4540 6490 660 4480
4550 6490 670 4480
4550 6490 680 4470
4550 6480 670 4470
4550 6480 670 4470
4550 6480 660 4490
4550 6470 660 4490
4540 6450 680 4490
4540 6450 670 4490
4550 6450 680 4490
4550 6450 690 4500
4550 6480 690 4490
4540 6470 670 4490
4550 6470 670 4490
4550 6470 650 4490
4550 6470 660 4500
4550 6480 690 4500
4550 6450 670 4500
4550 6470 670 4500
4550 6470 670 4490
4550 6470 680 4490
4550 6470 680 4490
4550 6490 680 4480
4560 6490 690 4470
4550 6470 670 4470
4550 6470 670 4480
4550 6470 670 4480
4550 6480 660 4490
4550 6470 650 4480
4550 6480 660 4480
4550 6470 670 4480
4550 6440 680 4480
4550 6450 660 4480
4550 6450 660 4480
4550 6450 680 4480
4540 6440 670 4480
4550 6440 650 4480
4550 6440 660 4490
4550 6440 650 4490
4550 6440 660 4490
4550 6470 660 4480
4550 6470 660 4500
4550 6450 660 4490
4560 6450 670 4490
4560 6480 670 4480
4550 6440 670 4480
4550 6440 680 4480
4550 6440 670 4480
4530 6450 670 4490
4530 6440 680 4490
4530 6440 670 4480
4550 6440 660 4470
4550 6440 660 4480
4560 6440 640 4480
4550 6450 650 4480
4550 6470 670 4480
4550 6470 660 4470
4540 6480 650 4470
4550 6490 650 4470
4560 6490 660 4470
4560 6500 650 4480
4560 6470 670 4480
4560 6470 670 4490
4560 6470 670 4480
4560 6470 670 4490
4570 6470 690 4490
4570 6470 670 4490
4570 6450 670 4480
4570 6450 660 4480
4560 6450 660 4470
4560 6450 680 4470
4560 6450 670 4470
4550 6470 680 4470
4550 6470 680 4480
4550 6470 680 4480
4540 6470 670 4480
4550 6480 680 4480
4550 6470 680 4480
4550 6440 680 4490
4550 6470 670 4490
4560 6470 680 4490
4560 6470 690 4490
4560 6480 700 4480
4550 6440 700 4480
4550 6470 680 4480
4550 6470 670 4490
4550 6450 690 4490
4550 6450 680 4490
4540 6450 680 4500
4540 6450 680 4500
4550 6480 680 4500
4550 6490 680 4490
4550 6480 680 4480
4540 6480 680 4480
4540 6480 680 4470
4550 6490 670 4470
4550 6480 670 4480
4550 6470 670 4480
4550 6450 670 4480
4550 6480 670 4480
4550 6480 670 4490
4550 6490 670 4490
4550 6480 660 4490
4550 6450 660 4480
4550 6450 660 4480
4550 6430 670 4470
4560 6440 690 4470
4550 6440 680 4470
4550 6470 690 4470
4550 6450 680 4480
4550 6470 680 4480
4550 6480 660 4490
4550 6480 680 4490
4550 6490 680 4480
4550 6500 680 4490
4560 6500 680 4490
4550 6450 680 4490
4550 6450 670 4500
4550 6470 650 4510
4550 6440 640 4500
4560 6450 650 4490
4560 6480 640 4470
4560 6450 650 4480
4560 6480 660 4480
4550 6480 660 4470
4550 6480 670 4490
4560 6490 670 4490
4550 6470 670 4490
4550 6470 680 4490
4550 6450 690 4490
4550 6450 680 4490
4550 6450 680 4480
4550 6450 680 4480
4540 6450 670 4480
4540 6470 660 4480
4540 6450 670 4480
4550 6450 670 4480
4550 6430 670 4500
4550 6450 660 4500
4560 6450 660 4510
4560 6450 680 4500
4560 6470 680 4500
4550 6470 680 4490
4550 6450 680 4490
