4600 6100 1030 4010
4610 6100 1030 4010
4610 6100 1030 4030
4610 6090 1030 4030
4620 6100 1030 4030
4610 6100 1020 4010
4610 6100 1020 4010
4610 6090 1010 4010
4620 6100 1020 4010
4610 6100 1020 4010
4610 6100 1020 4010
4610 6090 1020 4010
4600 6090 1030 4010
4600 6090 1030 4010
4600 6090 1030 4010
4610 6090 1030 4010
4620 6090 1030 4010
4610 6100 1030 4010
4620 6120 1020 4000
4610 6120 1020 4000
4620 6110 1020 4010
4610 6120 1020 4020
4610 6120 1020 4000
4610 6120 1010 4000
4610 6110 1020 4000
4610 6100 1010 4000
4610 6100 1010 4010
4610 6100 1010 4010
4610 6100 1020 4020
4610 6100 1020 4010
4610 6110 1020 4020
4620 6110 1020 4020
4610 6110 1020 4010
4610 6100 1010 4010
4610 6090 1010 4010
4610 6090 1010 4010
4610 6090 1010 4010
4610 6100 1010 4000
4600 6100 1010 4000
4600 6120 1020 3990
4600 6130 1020 4000
4600 6130 1020 4010
4600 6120 1020 4020
4600 6100 1020 4020
4580 6100 1020 4020
4580 6100 1010 4020
4580 6090 1010 4020
4600 6100 1010 4020
4610 6090 1010 4020
4610 6080 1010 4010
4610 6080 1010 4010
4610 6080 1010 4010
4610 6080 1020 4020
4610 6100 1020 4020
4620 6100 1010 4020
4600 6100 1010 4020
4600 6090 1020 4020
4580 6090 1010 4020
4580 6090 1010 4020
4580 6090 1020 4000
4600 6080 1020 4000
4600 6080 1010 4000
4600 6080 1010 4000
4600 6080 1010 4000
4600 6080 1010 4000
4600 6080 1010 4010
4600 6090 1010 4000
4600 6090 1020 4000
4600 6080 1010 4000
4600 6100 1010 4000
4600 6090 1010 4010
4600 6080 1010 4010
4600 6080 1010 4010
4600 6090 1010 4020
4600 6100 1010 4020
4600 6100 1020 4020
4600 6090 1020 4020
4600 6090 1010 4030
4600 6090 1010 4030
4600 6090 1010 4030
4600 6090 1020 4030
4600 6100 1020 4030
4610 6100 1030 4020
4610 6090 1020 4020
4600 6090 1020 4020
4610 6090 1020 4010
4610 6100 1020 4020
4610 6090 1020 4020
4610 6090 1020 4020
4600 6100 1020 4010
4600 6100 1020 4010
4600 6100 1020 4010
4600 6110 1010 4010
4600 6100 1010 4010
4600 6100 1010 4010
4600 6100 1010 4000
4600 6100 1010 4010
4580 6090 1020 4010
4600 6100 1010 4010
4600 6090 1020 4010
4580 6100 1010 4010
4580 6100 1020 4020
4580 6100 1010 4020
4600 6100 1010 4020
4610 6100 1010 4010
4600 6100 1020 4010
4600 6110 1010 4010
4600 6110 1010 4020
4600 6100 1020 4020
4600 6090 1020 4020
4600 6090 1020 4020
4580 6090 1020 4020
4600 6080 1020 4010
4600 6080 1020 4010
4600 6080 1030 4010
4600 6080 1030 4010
4600 6080 1020 4010
4600 6080 1020 4010
4600 6080 1020 4000
4610 6080 1030 3990
4610 6080 1030 4000
4610 6090 1020 4000
4610 6080 1020 4000
4600 6080 1020 4010
4600 6090 1020 4010
4600 6090 1010 4010
4600 6090 1010 4020
4610 6090 1010 4020
4610 6090 1010 4040
4630 6080 1020 4030
4620 6080 1020 4020
4620 6080 1010 4010
4610 6080 1020 4010
4610 6100 1020 4010
4610 6100 1020 4010
4610 6100 1020 4020
4600 6100 1030 4000
4580 6110 1030 4000
4600 6100 1030 4000
4610 6110 1020 4010
4610 6100 1030 4010
4610 6110 1030 4020
4610 6100 1020 4010
4610 6110 1020 4010
4620 6110 1020 4010
4610 6100 1030 4010
4610 6100 1020 4010
4600 6100 1020 4010
4600 6100 1020 4010
4600 6110 1010 4010
4600 6110 1010 4010
4600 6100 1010 4020
4600 6090 1020 4020
4600 6090 1030 4010
4600 6090 1030 4020
4600 6080 1030 4010
4600 6080 1030 4020
4600 6080 1020 4020
4580 6080 1020 4010
4600 6100 1020 4000
4600 6120 1030 4000
4600 6130 1030 4010
4600 6120 1020 4010
4600 6110 1020 4010
4600 6100 1010 4020
4600 6100 1020 4020
4610 6110 1010 4020
4600 6090 1010 4010
4610 6080 1020 4010
4610 6080 1010 4000
4610 6090 1010 4000
4600 6090 1010 4000
4610 6090 1010 3990
4600 6090 1010 4000
4610 6090 1010 3990
4610 6090 1010 4010
4610 6090 1010 4010
4620 6090 1010 4010
4620 6080 1010 4010
4630 6100 1010 4010
4630 6090 1010 4010
4610 6090 1020 4010
4610 6090 1030 4020
4610 6100 1030 4020
4610 6110 1030 4020
4610 6110 1020 4010
4610 6100 1030 4000
4620 6100 1030 3990
4610 6090 1030 3990
4600 6090 1020 4000
4600 6090 1010 4000
4600 6090 1010 4010
4600 6090 1010 4010
4610 6080 1010 4020
4620 6090 1010 4020
4610 6080 1010 4010
4610 6070 1010 4010
4610 6070 1010 4000
4610 6090 1010 4010
4610 6090 1020 4010
4610 6080 1010 4010
4610 6090 1020 4010
4610 6100 1020 4010
4620 6100 1020 4010
4610 6100 1020 4020
4610 6090 1020 4020
4610 6080 1020 4010
4610 6100 1020 4020
4610 6090 1020 4000
4610 6090 1020 3990
4620 6090 1020 4000
4620 6090 1020 4010
4610 6090 1030 4010
4610 6090 1020 4010
4620 6090 1010 4010
4610 6090 1020 4020
4610 6090 1020 4010
4620 6090 1010 4010
4620 6090 1020 4010
4610 6100 1020 4010
4610 6100 1020 4010
4610 6100 1020 4010
4610 6100 1020 4010
4610 6110 1020 4000
4620 6110 1020 4000
4610 6100 1020 4010
4610 6090 1030 4000
4600 6090 1030 4010
4580 6090 1020 4010
4600 6110 1020 4010
4600 6100 1020 4020
4600 6100 1020 4000
