4070 5700 1270 4120
4070 5700 1260 4110
4070 5700 1270 4110
4070 5690 1270 4110
4070 5680 1270 4120
4070 5690 1270 4120
4070 5700 1270 4120
4070 5700 1260 4110
4070 5700 1260 4110
4070 5700 1260 4110
4070 5700 1260 4110
4070 5710 1260 4110
4060 5700 1260 4110
4070 5700 1270 4110
4070 5700 1280 4110
4070 5720 1270 4110
4070 5710 1260 4120
4070 5700 1260 4120
4070 5690 1270 4120
4060 5700 1260 4120
4060 5700 1260 4120
4060 5690 1270 4120
4060 5690 1270 4120
4070 5700 1280 4120
4070 5690 1270 4130
4060 5700 1270 4120
4060 5690 1270 4120
4060 5690 1270 4120
4060 5680 1260 4120
4060 5690 1260 4120
4070 5690 1270 4120
4070 5710 1270 4120
4070 5710 1270 4120
4070 5710 1270 4120
4070 5710 1270 4120
4070 5720 1270 4110
4070 5720 1260 4110
4070 5710 1260 4110
4070 5710 1260 4110
4080 5710 1260 4110
4080 5710 1270 4110
4080 5700 1270 4120
4070 5690 1280 4120
4070 5690 1280 4120
4070 5690 1280 4110
4070 5700 1290 4110
4070 5700 1280 4110
4070 5700 1290 4120
4070 5710 1290 4120
4070 5710 1280 4110
4070 5710 1280 4110
4070 5710 1260 4110
4070 5690 1270 4110
4070 5690 1270 4110
4070 5700 1280 4110
4070 5700 1270 4110
4070 5700 1260 4110
4070 5700 1260 4120
4070 5700 1260 4120
4070 5720 1250 4120
4070 5720 1260 4120
4070 5730 1260 4120
4060 5720 1260 4120
4050 5720 1270 4120
4060 5710 1270 4120
4060 5700 1260 4120
4060 5700 1260 4120
4060 5710 1260 4130
4060 5710 1260 4120
4070 5710 1260 4110
4070 5710 1260 4110
4070 5720 1260 4120
4070 5710 1270 4120
4070 5710 1280 4120
4070 5710 1280 4120
4070 5710 1270 4130
4060 5710 1270 4130
4060 5730 1280 4110
4060 5730 1270 4110
4060 5720 1280 4110
4060 5720 1270 4120
4060 5710 1270 4120
4060 5710 1270 4110
4070 5700 1270 4120
4070 5710 1260 4110
4070 5710 1260 4110
4070 5730 1260 4110
4070 5750 1260 4120
4070 5750 1260 4120
4070 5740 1260 4120
4070 5740 1260 4120
4070 5740 1260 4120
4060 5740 1260 4120
4060 5740 1260 4130
4060 5730 1250 4130
4060 5730 1250 4130
4060 5730 1260 4130
4060 5720 1270 4130
4060 5720 1260 4130
4060 5730 1260 4120
4060 5750 1260 4120
4060 5740 1260 4120
4070 5750 1260 4120
4060 5740 1260 4120
4070 5740 1260 4120
4070 5750 1260 4120
4070 5740 1250 4120
4060 5750 1260 4130
4060 5750 1260 4130
4060 5730 1260 4130
4060 5720 1260 4120
4060 5720 1260 4120
4060 5720 1260 4110
4060 5710 1270 4110
4060 5710 1270 4110
4060 5700 1270 4110
4060 5700 1270 4120
4060 5700 1270 4110
4070 5720 1270 4120
4070 5730 1280 4130
4060 5720 1280 4120
4060 5710 1290 4130
4060 5710 1290 4120
4060 5700 1290 4110
4060 5690 1290 4110
4060 5690 1290 4110
4060 5700 1280 4110
4060 5700 1280 4110
4070 5710 1260 4110
4070 5720 1260 4120
4070 5710 1250 4120
4060 5710 1260 4120
4060 5700 1270 4120
4060 5700 1260 4130
4060 5710 1260 4130
4060 5710 1260 4130
4060 5710 1260 4130
4060 5710 1260 4130
4060 5700 1260 4120
4060 5700 1270 4120
4060 5700 1270 4120
4060 5700 1270 4120
4060 5700 1270 4110
4060 5700 1270 4110
4060 5700 1270 4120
4070 5700 1270 4120
4060 5700 1260 4120
4060 5690 1270 4110
4060 5690 1260 4110
4060 5710 1250 4110
4060 5720 1250 4110
4060 5720 1250 4110
4070 5710 1250 4110
4070 5710 1260 4110
4070 5700 1260 4110
4060 5700 1260 4120
4060 5700 1250 4120
4060 5710 1260 4130
4060 5700 1260 4130
4060 5710 1260 4130
4070 5710 1260 4130
4060 5720 1250 4120
4060 5720 1250 4120
4060 5730 1250 4120
4060 5710 1250 4120
4060 5710 1250 4120
4070 5710 1260 4120
4080 5710 1270 4120
4080 5700 1260 4120
4080 5710 1250 4110
4070 5720 1240 4110
4070 5710 1260 4120
4070 5710 1250 4120
4070 5700 1240 4110
4070 5690 1250 4110
4070 5710 1250 4110
4060 5710 1240 4110
4060 5710 1240 4120
4060 5720 1250 4120
4060 5730 1260 4120
4060 5740 1260 4120
4060 5730 1260 4110
4060 5730 1250 4110
4060 5730 1240 4110
4060 5720 1250 4110
4060 5720 1250 4110
4070 5710 1260 4110
4060 5710 1260 4110
4060 5710 1260 4110
4060 5720 1250 4110
4070 5720 1250 4120
4070 5720 1260 4120
4070 5720 1260 4130
4070 5700 1270 4120
4070 5700 1250 4110
4070 5700 1260 4110
4070 5700 1270 4110
4070 5710 1270 4110
4070 5710 1270 4110
4070 5710 1260 4110
4070 5720 1260 4110
4070 5710 1260 4110
4060 5710 1260 4110
4060 5720 1260 4100
4070 5720 1260 4110
4060 5710 1260 4110
4060 5690 1260 4120
4060 5690 1270 4110
4060 5700 1260 4110
4060 5700 1250 4100
4060 5700 1250 4090
4050 5700 1260 4100
4060 5700 1260 4100
4060 5700 1250 4100
4060 5710 1250 4100
4060 5710 1250 4110
4060 5710 1260 4120
