3650 5330 1660 4160
3650 5330 1670 4160
3650 5320 1660 4160
3650 5340 1670 4150
3640 5340 1670 4150
3640 5330 1670 4160
3640 5340 1670 4160
3640 5340 1670 4160
3640 5330 1670 4160
3640 5350 1670 4180
3640 5350 1670 4180
3640 5370 1660 4160
3640 5360 1660 4160
3630 5360 1660 4160
3630 5350 1660 4160
3630 5340 1660 4160
3630 5350 1660 4160
3630 5340 1670 4160
3630 5340 1670 4160
3630 5340 1660 4170
3640 5330 1670 4160
3640 5360 1670 4160
3620 5350 1670 4150
3610 5350 1670 4150
3610 5340 1670 4150
3610 5350 1660 4140
3610 5340 1660 4150
3610 5360 1650 4150
3620 5330 1650 4150
3620 5330 1650 4150
3620 5320 1650 4150
3630 5320 1650 4160
3630 5320 1650 4160
3630 5310 1650 4140
3630 5300 1650 4150
3630 5290 1650 4160
3630 5290 1660 4160
3630 5310 1660 4160
3630 5340 1660 4160
3620 5360 1660 4160
3620 5360 1670 4150
3620 5350 1680 4140
3620 5340 1670 4140
3620 5330 1670 4140
3610 5310 1670 4150
3610 5310 1670 4150
3600 5320 1670 4140
3610 5320 1680 4150
3610 5320 1680 4140
3610 5330 1670 4150
3620 5350 1670 4140
3620 5360 1670 4130
3620 5340 1670 4150
3620 5350 1670 4150
3620 5340 1670 4150
3620 5340 1670 4160
3620 5340 1670 4160
3620 5350 1670 4150
3620 5350 1670 4160
3620 5320 1670 4150
3620 5310 1670 4160
3630 5300 1660 4160
3630 5300 1660 4140
3630 5310 1660 4140
3630 5340 1660 4140
3620 5330 1660 4160
3620 5330 1660 4170
3620 5340 1670 4160
3630 5330 1670 4160
3630 5330 1670 4160
3630 5330 1670 4150
3630 5340 1670 4150
3630 5330 1670 4160
3640 5340 1670 4160
3630 5350 1660 4150
3630 5330 1660 4150
3630 5350 1660 4140
3630 5330 1670 4150
3630 5340 1670 4140
3620 5350 1670 4150
3620 5350 1670 4140
3620 5340 1670 4130
3620 5330 1670 4140
3630 5320 1670 4130
3630 5320 1670 4130
3620 5320 1670 4140
3620 5330 1670 4130
3620 5330 1660 4130
3630 5340 1660 4130
3620 5350 1660 4130
3620 5350 1670 4130
3620 5360 1660 4130
3620 5360 1670 4140
3630 5340 1670 4140
3620 5350 1670 4140
3630 5330 1670 4160
3630 5350 1670 4150
3630 5350 1670 4150
3620 5350 1660 4150
3630 5360 1660 4150
3640 5340 1660 4140
3640 5340 1660 4140
3630 5340 1660 4140
3630 5360 1670 4150
3630 5370 1670 4150
3630 5380 1670 4150
3630 5370 1670 4150
3630 5330 1660 4150
3640 5330 1670 4140
3640 5340 1660 4140
3640 5350 1660 4150
3640 5350 1660 4160
3630 5370 1670 4150
3630 5370 1670 4150
3630 5370 1670 4140
3640 5380 1670 4150
3630 5380 1670 4150
3630 5370 1670 4140
3630 5370 1680 4140
3630 5350 1680 4150
3610 5350 1680 4150
3610 5330 1680 4160
3600 5330 1690 4170
3600 5340 1690 4180
3600 5340 1680 4190
3610 5340 1670 4180
3610 5340 1670 4170
3610 5330 1670 4170
3610 5320 1670 4170
3610 5320 1670 4160
3610 5320 1670 4160
3620 5340 1670 4150
3620 5340 1670 4160
3610 5340 1680 4150
3610 5340 1680 4170
3610 5350 1680 4150
3610 5340 1670 4160
3610 5330 1670 4150
3620 5340 1670 4150
3620 5350 1670 4140
3610 5340 1670 4160
3610 5350 1680 4160
3610 5350 1680 4150
3610 5350 1680 4150
3610 5350 1670 4150
3620 5340 1680 4150
3620 5350 1680 4150
3620 5340 1680 4150
3620 5340 1680 4150
3630 5350 1680 4170
3630 5350 1670 4170
3630 5360 1670 4160
3620 5360 1660 4180
3620 5360 1660 4180
3610 5360 1670 4190
3610 5340 1670 4180
3600 5330 1670 4170
3600 5330 1680 4160
3600 5320 1680 4160
3600 5320 1680 4160
3600 5320 1670 4160
3590 5340 1680 4160
3600 5330 1680 4160
3600 5330 1680 4160
3600 5320 1680 4170
3600 5320 1680 4160
3600 5330 1680 4160
3600 5330 1680 4170
3600 5360 1680 4180
3610 5360 1690 4180
3630 5370 1680 4180
3630 5370 1680 4170
3620 5360 1670 4170
3620 5340 1670 4170
3610 5330 1670 4170
3610 5340 1660 4170
3610 5360 1660 4170
3610 5330 1660 4170
3610 5330 1670 4160
3610 5350 1670 4150
3600 5350 1670 4150
3600 5350 1680 4160
3600 5360 1680 4150
3600 5360 1680 4150
3610 5360 1670 4140
3610 5350 1680 4150
3610 5350 1680 4160
3610 5360 1680 4150
3610 5390 1680 4150
3610 5360 1670 4170
3610 5340 1670 4160
3610 5350 1670 4160
3610 5340 1680 4160
3610 5340 1680 4170
3610 5350 1680 4170
3610 5340 1680 4180
3620 5340 1670 4170
3630 5350 1670 4160
3630 5360 1670 4150
3650 5350 1670 4160
3630 5370 1680 4160
3650 5380 1680 4150
3640 5370 1670 4160
3620 5360 1670 4170
3620 5350 1670 4170
3610 5330 1660 4170
3600 5340 1660 4160
3600 5350 1660 4160
3600 5330 1670 4160
3600 5340 1680 4160
3590 5340 1670 4160
3590 5340 1670 4170
3590 5350 1670 4180
3600 5340 1670 4160
3600 5340 1670 4160
3590 5340 1680 4160
3600 5330 1670 4160
3600 5340 1670 4160
3590 5360 1670 4160
3580 5350 1670 4160
3590 5350 1680 4160
3600 5350 1690 4160
3590 5350 1690 4160
3590 5370 1680 4160
3590 5350 1680 4160
3600 5350 1680 4160
3620 5360 1680 4160
3640 5350 1680 4170
3630 5350 1680 4170
3630 5330 1690 4180
3630 5340 1680 4180
3640 5340 1680 4180
3640 5340 1680 4180
3630 5330 1680 4190
3630 5360 1680 4180
3630 5360 1680 4160
3620 5350 1680 4160
3620 5360 1680 4170
3620 5360 1680 4180
3620 5360 1680 4180
3620 5340 1690 4160
3630 5330 1680 4160
3630 5350 1680 4160
3630 5350 1670 4150
3630 5360 1670 4160
3630 5360 1670 4170
3630 5340 1670 4170
3630 5340 1670 4160
3630 5330 1680 4180
3640 5340 1670 4180
3640 5350 1670 4180
3640 5340 1670 4170
3630 5350 1670 4160
3630 5350 1670 4170
3640 5360 1670 4160
3630 5360 1670 4160
3630 5340 1670 4160
3620 5350 1670 4150
3620 5330 1670 4160
3620 5330 1670 4150
3630 5330 1670 4140
3630 5320 1670 4150
3630 5310 1680 4160
3630 5310 1680 4150
3640 5330 1680 4140
3650 5340 1680 4140
3630 5330 1670 4150
3630 5330 1680 4160
3640 5340 1680 4170
3640 5360 1680 4170
3640 5380 1680 4170
3630 5370 1670 4170
3630 5350 1670 4180
3620 5340 1670 4170
3590 5360 1680 4150
3590 5350 1680 4160
3590 5360 1680 4170
3590 5360 1680 4170
3590 5370 1670 4150
3580 5340 1670 4150
3590 5350 1680 4150
3600 5370 1680 4160
3600 5370 1690 4170
3590 5360 1680 4170
3590 5360 1680 4170
3600 5360 1680 4160
3620 5360 1680 4160
3610 5370 1680 4170
3610 5370 1670 4150
3610 5370 1680 4160
3610 5370 1670 4150
3600 5370 1670 4160
3610 5350 1670 4160
3610 5340 1670 4170
3610 5330 1670 4160
3620 5320 1670 4160
3620 5320 1670 4160
3620 5340 1670 4160
3610 5360 1670 4150
3620 5360 1670 4140
3620 5350 1670 4150
3600 5360 1670 4160
3600 5360 1670 4180
