3130 5010 2150 4370
3130 5000 2150 4370
3140 5000 2150 4370
3140 5010 2150 4380
3130 5010 2140 4380
3140 5010 2140 4370
3150 5010 2150 4370
3180 5010 2140 4370
3170 5000 2150 4370
3170 4990 2140 4370
3170 5000 2130 4370
3160 5000 2130 4370
3160 4990 2140 4370
3170 4990 2140 4370
3160 5010 2150 4370
3150 5010 2160 4370
3160 5010 2140 4380
3160 5000 2120 4390
3160 5010 2140 4390
3160 5020 2140 4380
3160 5000 2140 4380
3160 5000 2150 4390
3160 5000 2150 4370
3150 5000 2150 4380
3150 5010 2150 4380
3160 5010 2140 4380
3160 5020 2150 4360
3160 5020 2140 4380
3150 5010 2140 4380
3150 5030 2140 4380
3140 5020 2120 4370
3140 5020 2130 4370
3130 5030 2140 4370
3140 5010 2140 4390
3130 5010 2120 4380
3120 5010 2110 4380
3130 5000 2110 4380
3150 4990 2130 4380
3140 4990 2130 4380
3130 5010 2150 4380
3130 5020 2140 4380
3130 5020 2140 4380
3140 5010 2140 4380
3130 5010 2130 4380
3150 5010 2150 4380
3160 5010 2150 4390
3140 5010 2150 4390
3140 5020 2140 4390
3120 5020 2140 4390
3130 5020 2130 4390
3130 5020 2130 4380
3130 5010 2130 4370
3130 5010 2130 4370
3140 5000 2140 4370
3150 5000 2150 4370
3140 5000 2150 4360
3160 5010 2160 4360
3150 5020 2160 4360
3150 5020 2140 4380
3140 5020 2140 4370
3150 5020 2140 4360
3140 5020 2150 4360
3130 5010 2160 4350
3160 5010 2170 4360
3170 5010 2170 4370
3150 5000 2170 4380
3140 5000 2150 4380
3140 5000 2150 4380
3120 5010 2150 4370
3120 5010 2150 4370
3130 5010 2150 4370
3130 5010 2150 4370
3130 5010 2140 4370
3120 5020 2140 4370
3110 5030 2150 4370
3110 5020 2160 4370
3130 5020 2140 4360
3120 5020 2140 4360
3120 5020 2140 4360
3110 5020 2140 4360
3120 5020 2130 4360
3110 5010 2150 4370
3110 5010 2150 4360
3120 5020 2150 4370
3130 5030 2160 4370
3130 5030 2160 4370
3130 5020 2160 4380
3110 5030 2140 4380
3100 5020 2140 4390
3110 5010 2140 4380
3130 5020 2130 4390
3130 5010 2140 4390
3130 5010 2140 4390
3130 5010 2150 4390
3130 5010 2150 4390
3130 5010 2150 4390
3130 5010 2150 4380
3140 5010 2150 4390
3140 5010 2150 4400
3130 5010 2150 4390
3130 5010 2150 4380
3120 5020 2160 4380
3130 5020 2160 4380
3130 5020 2160 4380
3130 5020 2150 4380
3130 5020 2150 4370
3140 5020 2150 4370
3140 5010 2140 4370
3140 5010 2140 4390
3140 5010 2140 4390
3140 5000 2140 4400
3120 5010 2140 4390
3140 5010 2130 4380
3150 5010 2130 4370
3150 5000 2130 4370
3160 5000 2130 4380
3150 5000 2130 4380
3150 5010 2130 4360
3150 5020 2130 4380
3140 5030 2130 4390
3140 5030 2130 4390
3130 5030 2140 4400
3130 5020 2150 4390
3110 5020 2140 4390
3140 5010 2140 4390
3140 5010 2140 4400
3140 5020 2140 4390
3140 5020 2140 4400
3130 5020 2140 4400
3130 5010 2150 4400
3130 5010 2150 4390
3140 5010 2140 4400
3140 5010 2140 4420
3140 5010 2140 4420
3140 5010 2140 4420
3140 5010 2140 4410
3150 5010 2140 4400
3140 5010 2140 4400
3130 5020 2140 4400
3130 5020 2140 4400
3130 5020 2140 4400
3120 5020 2140 4410
3120 5010 2130 4410
3110 5010 2140 4400
3110 5010 2130 4400
3110 5010 2140 4410
3120 5010 2140 4400
3130 5010 2130 4410
3130 5010 2140 4400
3140 5010 2140 4390
3120 5000 2140 4380
3120 5010 2150 4370
3120 4990 2140 4370
3130 4990 2140 4370
3120 4990 2130 4360
3130 4990 2130 4370
3130 5000 2130 4370
3130 5000 2130 4370
3130 5000 2130 4370
3130 5010 2140 4360
3120 5010 2140 4370
3120 5020 2140 4370
3110 5010 2140 4370
