2660 4730 2580 4700
2650 4730 2590 4700
2650 4720 2590 4700
2650 4710 2590 4700
2650 4700 2590 4700
2650 4720 2590 4710
2650 4720 2590 4710
2650 4710 2580 4720
2650 4730 2580 4710
2650 4740 2580 4710
2640 4740 2580 4710
2640 4740 2580 4710
2640 4740 2580 4710
2650 4740 2580 4710
2650 4740 2580 4720
2650 4750 2580 4720
2650 4750 2580 4720
2650 4740 2580 4710
2650 4740 2580 4710
2640 4740 2570 4700
2640 4740 2570 4700
2650 4740 2570 4710
2650 4750 2580 4710
2660 4750 2580 4710
2650 4740 2580 4710
2650 4740 2580 4720
2650 4740 2570 4710
2660 4740 2580 4710
2660 4750 2580 4710
2660 4740 2580 4710
2670 4740 2580 4720
2660 4750 2580 4730
2670 4750 2580 4740
2680 4750 2590 4740
2680 4750 2600 4730
2680 4740 2590 4730
2670 4740 2590 4720
2660 4760 2590 4710
2660 4750 2580 4710
2660 4750 2580 4710
2670 4730 2580 4730
2670 4740 2580 4730
2660 4730 2570 4730
2660 4740 2570 4730
2660 4750 2570 4720
2670 4750 2570 4710
2680 4750 2580 4710
2680 4730 2580 4710
2670 4740 2580 4720
2660 4750 2580 4730
2660 4760 2580 4710
2660 4750 2580 4700
2660 4750 2580 4700
2660 4740 2590 4700
2670 4750 2580 4700
2660 4740 2580 4700
2660 4740 2580 4700
2660 4740 2580 4700
2660 4750 2580 4700
2660 4750 2580 4700
2650 4740 2570 4710
2670 4740 2570 4710
2670 4740 2570 4710
2670 4720 2570 4710
2680 4720 2570 4710
2680 4740 2570 4710
2680 4740 2570 4710
2670 4750 2570 4720
2670 4750 2570 4730
2670 4750 2570 4730
2670 4740 2570 4720
2670 4750 2570 4710
2670 4750 2570 4720
2660 4750 2570 4710
2660 4750 2570 4710
2660 4750 2570 4710
2660 4750 2570 4710
2670 4740 2570 4710
2660 4730 2570 4720
2660 4730 2570 4710
2670 4750 2580 4710
2670 4750 2580 4710
2660 4760 2580 4710
2660 4750 2580 4710
2660 4750 2580 4710
2650 4720 2580 4710
2650 4740 2580 4720
2650 4740 2580 4710
2650 4740 2580 4720
2650 4760 2580 4710
2650 4740 2580 4730
2650 4740 2580 4730
2650 4740 2580 4730
2660 4750 2580 4730
2660 4750 2580 4730
2660 4740 2580 4730
2660 4740 2570 4720
2670 4750 2570 4710
2670 4750 2570 4710
2670 4750 2570 4710
2660 4760 2570 4710
2660 4750 2570 4710
2650 4750 2570 4710
2650 4750 2570 4720
2650 4740 2570 4710
2650 4750 2570 4710
2650 4740 2580 4710
2660 4740 2580 4710
2660 4750 2580 4710
2670 4750 2580 4720
2670 4740 2580 4720
2670 4740 2590 4710
2670 4740 2590 4710
2670 4740 2590 4710
2670 4760 2580 4720
2670 4770 2580 4730
2660 4760 2590 4730
2660 4740 2580 4730
2660 4730 2580 4720
2670 4740 2590 4720
2680 4740 2580 4730
2670 4730 2580 4730
2670 4730 2590 4710
2670 4720 2590 4710
2670 4720 2590 4710
2670 4730 2600 4720
2670 4740 2590 4710
2670 4730 2590 4710
2670 4730 2580 4710
2670 4720 2580 4710
2670 4730 2580 4720
2670 4730 2580 4710
2660 4740 2580 4710
2660 4750 2580 4720
2650 4750 2590 4730
2650 4750 2590 4730
2660 4740 2570 4730
2660 4740 2580 4720
2660 4750 2580 4720
2660 4760 2570 4720
2660 4760 2570 4720
2670 4740 2570 4720
2670 4740 2570 4710
2660 4740 2580 4710
2660 4740 2580 4720
2660 4750 2580 4720
2650 4750 2580 4710
2650 4750 2580 4710
2650 4750 2580 4710
2650 4750 2580 4710
2650 4750 2580 4710
2660 4730 2580 4710
2660 4730 2580 4720
2650 4750 2580 4720
2660 4750 2580 4720
2660 4750 2580 4720
2660 4750 2590 4720
2670 4740 2590 4710
2660 4740 2590 4710
2670 4740 2580 4710
2670 4740 2590 4710
2670 4740 2590 4710
2660 4740 2580 4710
2660 4740 2590 4730
2660 4740 2590 4730
2650 4740 2580 4730
2650 4730 2580 4730
2650 4740 2580 4730
2650 4760 2580 4730
2660 4750 2580 4720
2660 4750 2580 4720
2660 4750 2580 4710
2660 4740 2590 4710
2660 4740 2590 4710
2670 4740 2590 4720
2660 4760 2580 4710
2660 4750 2580 4710
2670 4750 2580 4710
2670 4750 2580 4710
2670 4750 2580 4710
2670 4750 2580 4710
2660 4750 2580 4710
2660 4750 2580 4710
2650 4750 2580 4710
2650 4750 2580 4710
2650 4730 2580 4710
2650 4730 2580 4710
2660 4730 2580 4710
2660 4740 2580 4710
2660 4740 2580 4720
2660 4750 2580 4720
