2210 4520 3090 5060
2200 4530 3090 5070
2200 4530 3090 5070
2200 4530 3090 5070
2200 4520 3090 5070
2200 4520 3080 5060
2200 4520 3080 5060
2200 4520 3070 5070
2190 4510 3070 5070
2180 4520 3080 5070
2190 4530 3080 5070
2190 4540 3070 5070
2190 4540 3070 5070
2190 4540 3080 5070
2190 4530 3090 5070
2190 4530 3090 5070
2190 4530 3100 5060
2200 4540 3100 5060
2200 4540 3100 5060
2190 4540 3100 5070
2180 4520 3090 5060
2180 4530 3080 5060
2190 4540 3080 5050
2180 4540 3080 5050
2180 4540 3080 5040
2180 4530 3080 5040
2180 4530 3080 5030
2180 4520 3080 5040
2170 4530 3090 5040
2170 4530 3090 5040
2180 4510 3080 5050
2170 4510 3070 5060
2190 4510 3080 5060
2190 4510 3080 5060
2200 4510 3080 5050
2200 4520 3070 5060
2190 4510 3080 5060
2180 4500 3080 5060
2180 4510 3080 5060
2200 4520 3080 5060
2200 4520 3080 5060
2200 4520 3080 5060
2200 4520 3070 5070
2200 4520 3070 5070
2200 4520 3070 5070
2200 4510 3070 5070
2200 4520 3080 5060
2200 4520 3080 5060
2200 4510 3080 5070
2210 4520 3070 5070
2190 4520 3070 5060
2180 4520 3070 5060
2200 4530 3080 5070
2200 4550 3080 5070
2190 4550 3080 5070
2180 4550 3080 5060
2180 4550 3080 5060
2180 4540 3080 5060
2190 4540 3080 5070
2190 4540 3090 5060
2190 4550 3090 5060
2190 4550 3080 5070
2180 4550 3070 5060
2180 4550 3070 5060
2190 4550 3080 5060
2190 4550 3080 5060
2190 4530 3090 5060
2190 4530 3080 5060
2190 4520 3080 5070
2190 4520 3080 5060
2190 4520 3080 5060
2200 4520 3070 5060
2200 4530 3070 5050
2210 4530 3070 5060
2200 4540 3080 5060
2190 4540 3080 5060
2180 4530 3080 5060
2180 4530 3080 5070
2180 4540 3080 5070
2180 4520 3080 5070
2190 4510 3080 5070
2190 4510 3080 5070
2190 4500 3080 5070
2190 4510 3080 5070
2190 4530 3080 5070
2190 4530 3080 5070
2190 4550 3080 5060
2180 4550 3090 5060
2180 4530 3090 5060
2190 4550 3090 5060
2180 4540 3090 5060
2190 4540 3080 5060
2190 4530 3090 5060
2190 4530 3090 5060
2190 4530 3080 5070
2190 4530 3070 5060
2200 4540 3080 5050
2190 4530 3080 5050
2190 4540 3080 5050
2190 4540 3080 5040
2190 4540 3080 5040
2180 4520 3080 5050
2180 4520 3080 5060
2180 4520 3080 5060
2180 4520 3080 5060
2190 4520 3080 5060
2190 4530 3080 5060
2190 4530 3080 5060
2190 4520 3070 5060
2200 4510 3070 5060
2190 4530 3070 5060
2190 4530 3070 5060
2190 4530 3070 5060
2190 4530 3070 5060
2200 4530 3080 5060
2200 4540 3080 5060
2200 4530 3080 5070
2200 4530 3070 5060
2200 4530 3070 5060
2200 4520 3060 5070
2200 4520 3070 5070
2190 4520 3070 5070
2190 4530 3070 5070
2190 4530 3070 5070
2190 4520 3080 5070
2190 4510 3080 5070
2190 4510 3080 5070
2180 4520 3090 5070
2180 4520 3090 5070
2190 4520 3080 5070
2190 4510 3080 5070
2190 4500 3080 5060
2190 4520 3080 5060
2190 4520 3070 5060
2190 4520 3070 5060
2190 4520 3080 5060
2190 4520 3070 5070
2190 4530 3080 5070
2200 4530 3080 5060
2200 4530 3080 5060
2190 4540 3090 5070
2190 4530 3090 5060
2190 4540 3090 5060
2190 4550 3080 5060
2190 4550 3070 5070
2190 4550 3070 5070
2200 4560 3070 5070
2200 4540 3070 5070
2200 4540 3080 5060
2200 4530 3080 5060
2200 4520 3080 5060
2200 4520 3090 5060
2200 4520 3090 5060
2200 4510 3090 5050
2200 4530 3090 5060
2200 4530 3080 5060
2190 4540 3080 5060
2200 4540 3080 5060
2200 4530 3080 5060
2210 4540 3080 5060
2210 4540 3080 5060
2210 4540 3080 5060
2200 4550 3080 5050
2200 4540 3090 5050
2190 4550 3080 5070
2190 4550 3070 5070
2190 4550 3070 5070
2190 4550 3080 5060
2190 4540 3080 5070
2190 4530 3080 5070
2190 4530 3080 5070
2200 4520 3080 5070
2180 4520 3080 5070
2180 4520 3080 5060
2180 4520 3080 5070
2180 4520 3070 5080
2200 4540 3080 5080
2210 4540 3090 5070
2210 4530 3090 5070
2210 4520 3080 5070
2210 4510 3070 5070
2210 4510 3070 5060
2210 4510 3070 5070
2210 4520 3070 5070
2210 4510 3070 5070
2210 4520 3080 5070
2210 4520 3080 5070
2210 4520 3080 5070
2210 4520 3080 5070
2200 4520 3070 5080
2190 4530 3080 5080
2190 4520 3070 5080
2190 4530 3080 5080
2200 4540 3080 5070
2210 4540 3080 5070
2200 4540 3080 5070
2200 4530 3090 5060
2190 4510 3080 5070
2190 4530 3080 5070
2190 4520 3090 5070
2190 4530 3080 5060
2200 4540 3080 5060
2200 4550 3070 5070
2190 4550 3080 5070
2190 4540 3070 5060
2200 4550 3080 5060
2200 4550 3080 5050
2190 4540 3080 5060
2190 4540 3080 5060
2190 4540 3080 5060
2190 4540 3080 5060
2190 4540 3080 5070
2190 4540 3080 5070
2190 4530 3080 5070
2190 4530 3080 5070
2190 4540 3070 5070
2180 4540 3070 5070
2180 4550 3080 5070
2180 4540 3080 5070
2190 4540 3080 5070
2200 4530 3080 5070
2200 4530 3080 5060
2190 4530 3080 5060
2200 4530 3080 5060
2200 4530 3070 5060
2190 4530 3070 5060
2190 4530 3060 5060
2200 4530 3060 5060
2200 4540 3070 5050
2200 4540 3080 5050
2200 4540 3080 5050
2200 4530 3080 5060
2200 4530 3080 5060
2200 4530 3080 5060
2200 4530 3090 5060
2200 4540 3090 5060
2200 4530 3080 5060
2200 4530 3080 5060
2200 4530 3080 5060
2210 4530 3080 5060
2210 4540 3080 5060
2220 4530 3080 5060
2210 4540 3080 5070
2210 4550 3080 5080
2200 4540 3080 5080
2210 4540 3080 5080
2200 4530 3080 5080
