1710 4320 3610 5300
1710 4320 3610 5300
1710 4320 3600 5310
1700 4320 3600 5310
1710 4320 3600 5310
1710 4320 3590 5310
1710 4330 3610 5290
1700 4330 3600 5300
1700 4330 3600 5300
1700 4330 3600 5300
1710 4320 3600 5300
1690 4320 3600 5300
1680 4320 3590 5290
1690 4320 3590 5300
1690 4310 3590 5300
1700 4310 3590 5300
1700 4320 3590 5310
1700 4310 3590 5310
1690 4320 3590 5310
1700 4320 3590 5310
1710 4330 3600 5310
1700 4340 3600 5310
1700 4340 3600 5300
1690 4350 3600 5300
1690 4350 3610 5310
1690 4350 3610 5320
1690 4350 3600 5310
1680 4340 3590 5310
1700 4340 3590 5310
1700 4340 3580 5310
1700 4340 3580 5310
1690 4340 3580 5300
1690 4340 3580 5300
1700 4340 3590 5300
1690 4340 3590 5310
1700 4340 3600 5300
1700 4330 3610 5300
1700 4330 3610 5300
1700 4320 3600 5300
1700 4320 3590 5300
1700 4320 3590 5300
1700 4320 3600 5300
1690 4320 3610 5310
1690 4320 3610 5310
1690 4320 3610 5310
1690 4320 3610 5310
1700 4320 3610 5310
1700 4320 3610 5300
1710 4320 3600 5300
1710 4320 3600 5290
1720 4320 3600 5290
1700 4320 3590 5300
1690 4320 3590 5310
1700 4320 3600 5310
1700 4330 3600 5300
1690 4330 3600 5310
1690 4330 3600 5310
1690 4330 3600 5310
1700 4340 3590 5320
1700 4340 3590 5320
1700 4340 3590 5320
1700 4340 3600 5320
1690 4340 3610 5320
1700 4340 3600 5320
1690 4340 3600 5320
1700 4340 3600 5310
1700 4320 3610 5310
1710 4320 3610 5320
1710 4340 3610 5310
1710 4340 3620 5320
1710 4340 3610 5320
1710 4340 3600 5320
1710 4340 3610 5310
1710 4340 3610 5310
1710 4340 3610 5310
1710 4340 3620 5310
1710 4340 3610 5310
1710 4340 3600 5310
1710 4340 3610 5310
1710 4340 3600 5300
1700 4340 3610 5310
1700 4340 3600 5310
1700 4330 3600 5300
1690 4330 3600 5310
1700 4330 3600 5310
1700 4330 3610 5300
1690 4340 3610 5290
1700 4340 3610 5290
1700 4340 3610 5290
1700 4330 3610 5300
1700 4330 3610 5300
1690 4330 3610 5310
1690 4330 3620 5310
1700 4340 3620 5320
1700 4340 3610 5320
1690 4330 3610 5320
1690 4330 3620 5320
1690 4330 3620 5320
1690 4330 3610 5320
1680 4320 3610 5310
1680 4330 3620 5310
1690 4330 3610 5310
1680 4340 3620 5300
1680 4340 3620 5300
1670 4340 3620 5310
1680 4320 3610 5320
1680 4320 3610 5320
1670 4320 3610 5320
1670 4320 3610 5320
1670 4320 3610 5320
1680 4330 3610 5320
1700 4330 3610 5320
1700 4330 3600 5320
1710 4320 3600 5320
1690 4320 3610 5320
1700 4320 3610 5310
1710 4320 3610 5310
1720 4320 3610 5310
1720 4320 3610 5310
1710 4320 3610 5310
1700 4320 3600 5310
1700 4320 3600 5310
1690 4320 3600 5310
1700 4330 3600 5300
1690 4340 3600 5300
1700 4340 3610 5310
1700 4340 3610 5310
1690 4340 3610 5310
1690 4340 3610 5310
1690 4320 3610 5310
1690 4320 3610 5320
1700 4310 3610 5300
1710 4310 3610 5310
1690 4320 3610 5320
1700 4320 3600 5320
1690 4320 3600 5320
1690 4330 3610 5330
1700 4340 3610 5320
1710 4340 3610 5320
1710 4340 3610 5320
1710 4340 3620 5310
1710 4340 3600 5300
1700 4340 3590 5300
1710 4340 3590 5300
1710 4330 3590 5300
1700 4320 3600 5300
1690 4320 3600 5300
1680 4320 3600 5310
1680 4320 3600 5310
1690 4320 3610 5310
1690 4320 3610 5320
1680 4320 3600 5320
1680 4320 3600 5310
1690 4320 3600 5310
1690 4320 3600 5300
1700 4330 3600 5300
1710 4330 3600 5300
1710 4330 3600 5310
1680 4330 3600 5310
1690 4330 3590 5310
1700 4330 3610 5310
1690 4330 3600 5310
1690 4350 3610 5300
1690 4340 3610 5300
1690 4330 3600 5300
1680 4330 3610 5310
1690 4330 3620 5310
1700 4330 3600 5310
1690 4330 3610 5310
1700 4330 3600 5320
1710 4330 3600 5320
1710 4330 3600 5320
1710 4330 3590 5310
1710 4330 3600 5300
1710 4340 3600 5300
1710 4330 3610 5310
1690 4330 3610 5300
1690 4330 3610 5300
1690 4330 3610 5300
1690 4330 3610 5290
1690 4330 3610 5290
1690 4330 3610 5280
1690 4330 3610 5290
1700 4330 3610 5290
1710 4330 3610 5290
1710 4330 3600 5290
1710 4320 3610 5300
1710 4320 3610 5300
1710 4320 3610 5290
1710 4320 3600 5300
1710 4310 3590 5300
1700 4310 3590 5300
1710 4320 3600 5300
1700 4330 3600 5300
1710 4330 3600 5300
1720 4330 3610 5310
1710 4330 3610 5310
1700 4330 3620 5310
1700 4320 3620 5310
1710 4320 3620 5310
1700 4320 3620 5300
1690 4320 3620 5300
1700 4330 3620 5310
1690 4330 3610 5310
1690 4330 3610 5310
1680 4330 3610 5310
1690 4330 3610 5300
1690 4340 3600 5300
1700 4330 3600 5310
1700 4330 3590 5310
1700 4330 3600 5310
1700 4330 3590 5310
1700 4330 3590 5320
1690 4330 3590 5320
1680 4330 3590 5320
1680 4330 3580 5310
1680 4320 3580 5310
1690 4320 3580 5310
1690 4320 3570 5310
1700 4350 3590 5300
1690 4340 3590 5300
1690 4340 3600 5300
1670 4320 3590 5300
1690 4320 3590 5310
1680 4330 3580 5310
1690 4330 3580 5320
1700 4340 3580 5330
1700 4340 3590 5320
1700 4340 3600 5330
1710 4340 3600 5330
1710 4340 3600 5330
1710 4340 3600 5320
1710 4340 3600 5310
1700 4340 3600 5310
1690 4340 3590 5310
1700 4330 3600 5300
1700 4330 3600 5300
1680 4330 3610 5300
1680 4340 3610 5310
1680 4340 3610 5300
1680 4340 3600 5300
1700 4320 3610 5300
1700 4330 3610 5300
