1230 4180 4070 5620
1230 4200 4070 5620
1240 4200 4070 5620
1230 4210 4070 5620
1240 4200 4070 5620
1240 4210 4070 5620
1230 4210 4070 5630
1240 4220 4070 5630
1250 4210 4070 5620
1270 4230 4070 5620
1280 4230 4070 5620
1280 4230 4070 5640
1250 4220 4070 5650
1250 4210 4070 5640
1260 4220 4070 5640
1270 4220 4070 5630
1250 4210 4070 5620
1250 4200 4070 5610
1250 4210 4070 5620
1250 4230 4070 5620
1250 4220 4070 5620
1250 4220 4070 5620
1250 4210 4080 5620
1260 4200 4070 5630
1250 4210 4070 5630
1250 4200 4070 5620
1260 4210 4070 5620
1260 4220 4070 5620
1250 4220 4070 5630
1250 4220 4070 5620
1250 4220 4070 5610
1250 4210 4070 5610
1240 4210 4070 5600
1250 4220 4070 5600
1250 4210 4070 5630
1250 4210 4070 5620
1260 4210 4070 5620
1260 4220 4070 5620
1250 4240 4070 5630
1270 4210 4070 5620
1270 4210 4070 5630
1260 4210 4070 5620
1270 4200 4070 5620
1250 4220 4070 5620
1250 4210 4070 5620
1250 4220 4070 5630
1250 4220 4070 5630
1260 4210 4070 5630
1280 4210 4070 5620
1260 4200 4070 5620
1270 4200 4070 5630
1260 4200 4070 5630
1260 4200 4070 5620
1260 4190 4070 5630
1260 4190 4070 5620
1260 4210 4070 5630
1260 4210 4070 5620
1250 4200 4070 5620
1250 4200 4070 5630
1250 4210 4070 5630
1250 4210 4070 5630
1240 4220 4070 5620
1250 4220 4070 5620
1250 4230 4070 5620
1240 4220 4070 5630
1240 4220 4070 5630
1240 4220 4070 5620
1240 4210 4070 5630
1260 4230 4070 5630
1250 4210 4070 5630
1250 4210 4070 5630
1250 4200 4070 5640
1260 4200 4070 5640
1260 4190 4070 5620
1260 4200 4070 5640
1270 4210 4070 5650
1260 4210 4070 5650
1260 4200 4070 5650
1250 4210 4070 5640
1260 4210 4070 5630
1250 4200 4070 5640
1260 4210 4070 5650
1270 4210 4070 5640
1270 4210 4070 5650
1270 4210 4070 5640
1270 4220 4070 5630
1270 4220 4070 5640
1270 4210 4070 5650
1240 4220 4070 5640
1240 4200 4070 5630
1240 4200 4070 5620
1250 4190 4070 5610
1260 4200 4070 5620
1260 4220 4070 5620
1270 4210 4070 5620
1270 4210 4070 5620
1270 4200 4070 5610
1270 4190 4070 5610
1270 4180 4060 5600
1270 4210 4060 5610
1260 4230 4060 5610
1270 4230 4060 5610
1270 4220 4060 5620
1270 4220 4060 5630
1270 4220 4060 5630
1260 4210 4060 5620
1250 4200 4060 5620
1260 4210 4060 5630
1260 4210 4060 5630
1260 4200 4060 5620
1270 4200 4070 5610
1270 4200 4070 5610
1270 4190 4070 5620
1270 4200 4070 5630
1260 4200 4070 5630
1270 4200 4070 5640
1270 4190 4070 5640
1260 4190 4070 5640
1260 4200 4070 5630
1260 4200 4070 5620
1270 4190 4070 5630
1270 4190 4080 5620
1270 4200 4080 5620
1260 4200 4080 5620
1260 4210 4080 5620
1270 4210 4070 5620
1270 4200 4070 5630
1270 4220 4070 5640
1260 4230 4070 5640
1260 4230 4070 5640
1260 4220 4070 5640
1260 4210 4070 5620
1270 4220 4070 5640
1270 4210 4070 5630
1270 4210 4070 5620
1270 4220 4070 5630
1270 4220 4070 5630
1270 4220 4070 5630
1270 4210 4070 5620
1280 4210 4070 5630
1280 4210 4060 5650
1280 4200 4060 5650
1280 4200 4060 5650
1280 4190 4060 5650
1280 4190 4060 5630
1280 4180 4060 5630
1280 4180 4060 5630
1280 4200 4060 5620
1260 4200 4060 5620
1260 4200 4060 5630
1260 4190 4060 5630
1250 4190 4060 5630
1270 4210 4060 5630
1260 4220 4060 5630
1240 4220 4060 5630
1240 4220 4060 5640
1240 4230 4060 5640
1240 4220 4060 5630
1240 4250 4060 5630
1260 4240 4060 5640
1260 4240 4060 5640
1250 4240 4070 5640
1270 4240 4070 5640
1260 4220 4070 5640
1250 4220 4070 5650
1250 4220 4070 5640
1250 4220 4070 5620
1260 4220 4070 5620
1260 4220 4070 5620
1260 4220 4060 5620
1270 4210 4060 5640
1270 4200 4060 5640
1270 4190 4060 5630
1270 4210 4060 5630
1260 4210 4060 5620
1270 4200 4060 5620
1280 4200 4060 5620
1280 4190 4060 5610
1270 4210 4060 5620
1260 4200 4060 5620
1260 4200 4060 5620
1260 4190 4060 5620
1270 4180 4060 5620
1270 4190 4060 5630
1280 4190 4060 5630
1280 4190 4060 5640
1270 4180 4060 5630
1270 4200 4060 5630
1250 4190 4060 5650
1250 4190 4060 5650
1250 4190 4060 5640
1260 4200 4060 5640
1260 4200 4060 5640
1260 4200 4060 5630
1250 4190 4060 5630
1270 4190 4070 5630
1270 4190 4070 5630
1260 4190 4070 5640
1260 4210 4070 5640
1270 4210 4070 5620
1270 4200 4070 5620
1270 4210 4070 5610
1280 4210 4070 5620
