930 4100 4530 6000
930 4100 4530 6000
930 4090 4530 6010
930 4090 4530 6000
930 4080 4530 6000
940 4090 4530 6000
940 4090 4530 6000
940 4090 4520 6000
940 4090 4520 6000
940 4100 4520 6000
920 4090 4520 6010
930 4090 4520 6010
940 4090 4520 6010
940 4090 4530 6010
940 4100 4530 6010
950 4090 4530 6010
910 4110 4530 6010
950 4120 4530 6010
950 4120 4530 6010
940 4120 4530 6010
930 4120 4520 6010
930 4110 4520 6010
930 4100 4510 6010
930 4100 4510 6010
920 4110 4520 6010
930 4100 4530 6010
940 4100 4530 6010
940 4090 4520 6000
950 4090 4520 6000
950 4080 4520 6010
940 4080 4520 6010
940 4090 4520 6010
940 4090 4520 6010
940 4090 4520 6010
940 4090 4530 6010
940 4080 4530 6010
950 4090 4530 6010
950 4080 4530 6010
950 4090 4530 6010
950 4100 4530 6010
940 4100 4520 6010
940 4110 4530 6010
940 4110 4530 6010
950 4100 4530 6010
950 4090 4520 6010
950 4090 4520 6010
950 4090 4520 6010
950 4090 4520 6010
950 4090 4520 6010
940 4090 4520 6010
940 4090 4520 5990
940 4090 4520 6000
930 4110 4520 5990
920 4100 4520 5990
920 4100 4520 6000
930 4090 4520 6000
930 4090 4520 6010
930 4090 4520 6010
930 4100 4520 6000
940 4100 4520 6000
940 4090 4520 6010
940 4080 4520 6010
930 4080 4520 6010
930 4080 4530 6020
930 4080 4530 6000
910 4080 4530 6000
920 4080 4530 6000
920 4090 4530 6000
920 4080 4530 6010
920 4090 4530 6020
930 4090 4530 6010
930 4100 4530 6000
920 4100 4530 6000
930 4090 4530 6000
930 4080 4530 6000
930 4090 4530 6000
940 4090 4530 6000
940 4100 4540 6010
940 4090 4540 6010
940 4090 4530 6010
930 4080 4520 6010
940 4080 4520 6010
940 4080 4520 6000
940 4090 4520 6000
940 4080 4520 6000
930 4080 4520 6000
920 4100 4520 6000
920 4100 4520 6010
920 4100 4520 6010
930 4090 4520 6010
930 4090 4520 6010
940 4100 4520 6010
930 4090 4520 6020
930 4090 4520 6010
920 4100 4520 6010
930 4090 4520 6010
930 4080 4520 6010
930 4080 4520 6010
930 4080 4520 6010
930 4090 4520 6010
920 4080 4520 6010
920 4080 4520 6010
920 4090 4520 6010
920 4100 4520 6010
930 4100 4530 6010
940 4090 4530 6010
930 4090 4530 6010
940 4100 4530 6010
940 4110 4530 6010
940 4110 4530 6000
940 4120 4530 5990
940 4120 4530 5980
940 4110 4530 5980
940 4110 4530 5990
940 4120 4530 6000
950 4100 4530 5990
950 4090 4530 5990
950 4090 4530 5990
950 4090 4530 5990
940 4100 4530 5990
940 4090 4530 6000
940 4080 4530 6000
940 4090 4540 6000
940 4090 4530 6000
940 4090 4530 6000
940 4080 4530 6000
940 4100 4530 6000
930 4090 4530 6000
930 4090 4530 6000
930 4100 4530 5980
930 4090 4520 5990
930 4090 4530 5990
930 4090 4530 5990
930 4090 4530 6000
930 4080 4520 6000
940 4080 4520 6000
940 4090 4520 6000
930 4100 4520 6000
930 4090 4510 6000
930 4090 4520 6000
930 4100 4530 6000
930 4090 4530 6010
930 4080 4530 6010
930 4090 4530 6020
940 4090 4530 6020
940 4080 4530 6020
940 4080 4530 6020
940 4100 4520 6010
940 4090 4510 6010
940 4090 4520 6010
940 4090 4520 6010
930 4100 4510 6000
930 4090 4520 6000
940 4090 4530 6000
940 4080 4520 6000
930 4090 4520 6000
930 4100 4520 6000
930 4100 4520 6010
930 4100 4520 6010
930 4090 4520 6010
920 4100 4510 6010
930 4080 4510 6000
940 4090 4510 6000
940 4100 4510 6000
940 4100 4510 6000
930 4100 4510 6010
920 4090 4510 6010
920 4080 4510 6010
930 4080 4520 6010
920 4080 4520 6010
930 4080 4520 6010
930 4080 4520 6010
940 4080 4520 6010
940 4080 4520 6000
940 4080 4520 5990
940 4080 4520 5990
950 4080 4520 6000
930 4100 4520 5990
950 4100 4520 5990
950 4100 4530 6000
950 4100 4530 6000
950 4090 4530 6000
950 4090 4520 6010
940 4100 4520 6010
940 4100 4520 6000
940 4100 4510 6000
940 4100 4510 5990
940 4090 4510 5980
940 4100 4510 5980
940 4090 4500 5980
940 4080 4500 5990
940 4090 4500 5980
940 4090 4500 5980
940 4100 4500 5980
940 4080 4500 5990
940 4080 4500 5990
940 4080 4510 5990
930 4080 4520 5990
930 4090 4520 5990
930 4090 4520 5990
930 4090 4520 5990
920 4080 4520 6000
930 4090 4520 6000
930 4080 4520 6000
940 4080 4520 6000
930 4080 4520 6000
920 4090 4520 6000
920 4080 4520 6000
930 4080 4520 6000
930 4080 4520 6000
930 4080 4520 6000
930 4080 4520 6000
930 4080 4520 6000
920 4080 4520 5990
930 4080 4520 5990
930 4110 4510 6000
930 4100 4510 6000
930 4090 4510 6000
930 4080 4520 6000
930 4080 4520 6000
940 4090 4520 6000
940 4100 4520 5990
940 4090 4520 5990
940 4090 4520 5990
940 4080 4520 5990
940 4090 4520 5990
950 4080 4520 5980
950 4090 4520 5980
930 4080 4520 5980
950 4080 4520 5980
950 4090 4520 5980
950 4090 4520 5980
950 4090 4520 5980
950 4090 4520 5990
950 4090 4520 5990
950 4090 4520 5990
950 4090 4530 5990
950 4090 4520 6000
940 4090 4520 6000
940 4080 4510 6000
940 4090 4510 6000
940 4100 4510 6000
940 4100 4510 6000
950 4100 4510 6000
940 4100 4510 6000
940 4090 4520 6000
930 4090 4510 6000
940 4080 4510 6000
950 4080 4500 6010
950 4090 4510 6000
950 4080 4520 6010
940 4080 4520 6010
940 4100 4510 6020
950 4090 4520 6020
910 4080 4510 6010
950 4080 4510 6010
930 4080 4520 6010
950 4080 4520 6010
940 4080 4530 6010
940 4070 4530 6010
940 4090 4530 6010
950 4080 4530 6010
940 4090 4530 6000
940 4100 4530 6000
940 4110 4520 5990
940 4110 4520 6000
950 4110 4520 6000
950 4100 4530 6010
940 4090 4530 6010
940 4090 4530 6000
940 4080 4530 6000
940 4110 4530 6000
940 4100 4530 6000
930 4080 4530 6000
930 4080 4530 6000
930 4080 4530 6000
940 4070 4520 6010
940 4070 4520 6010
940 4080 4520 6010
940 4130 4510 6010
940 4130 4510 6010
940 4110 4510 6010
930 4100 4530 6010
920 4100 4530 6010
910 4090 4530 6010
920 4080 4530 6010
920 4080 4530 6010
930 4080 4530 6010
930 4080 4530 6010
930 4090 4530 6010
930 4080 4530 6010
930 4080 4530 6020
930 4080 4530 6010
920 4100 4530 6010
920 4090 4530 6020
920 4100 4520 6010
930 4110 4520 6000
940 4100 4520 6000
940 4080 4530 6010
950 4070 4520 6010
950 4070 4530 6010
940 4080 4530 6010
930 4090 4530 6000
930 4080 4520 6000
940 4070 4510 6000
940 4070 4520 6000
940 4080 4520 6000
930 4090 4520 6010
930 4080 4530 6010
910 4090 4530 6010
940 4080 4530 6010
910 4080 4520 6010
950 4090 4520 6020
920 4090 4520 6020
940 4090 4530 6020
910 4100 4520 6020
950 4110 4520 6010
950 4110 4520 6010
950 4110 4520 6010
920 4100 4510 6020
930 4090 4510 6010
910 4090 4520 6030
930 4090 4520 6030
910 4080 4520 6030
920 4090 4520 6020
